,Test Date,County,New Positives,Cumulative Number of Positives,Total Number of Tests Performed,Cumulative Number of Tests Performed,FIPS,Three Day New Positives
0,03/01/2020,Albany,0,0,0,0,36001,0
1,03/02/2020,Albany,0,0,0,0,36001,0
2,03/03/2020,Albany,0,0,0,0,36001,0
3,03/04/2020,Albany,0,0,0,0,36001,0
4,03/05/2020,Albany,0,0,3,3,36001,0
5,03/06/2020,Albany,0,0,0,3,36001,0
6,03/07/2020,Albany,0,0,5,8,36001,0
7,03/08/2020,Albany,0,0,2,10,36001,0
8,03/09/2020,Albany,0,0,3,13,36001,0
9,03/10/2020,Albany,0,0,2,15,36001,0
10,03/11/2020,Albany,0,0,13,28,36001,0
11,03/12/2020,Albany,1,1,11,39,36001,1
12,03/13/2020,Albany,2,3,26,65,36001,2
13,03/14/2020,Albany,3,6,108,173,36001,3
14,03/15/2020,Albany,6,12,108,281,36001,6
15,03/16/2020,Albany,11,23,140,421,36001,10
16,03/17/2020,Albany,13,36,267,688,36001,10
17,03/18/2020,Albany,7,43,331,1019,36001,12
18,03/19/2020,Albany,18,61,450,1469,36001,17
19,03/20/2020,Albany,27,88,499,1968,36001,26
20,03/21/2020,Albany,35,123,577,2545,36001,22
21,03/22/2020,Albany,4,127,197,2742,36001,19
22,03/23/2020,Albany,19,146,144,2886,36001,9
23,03/24/2020,Albany,6,152,198,3084,36001,14
24,03/25/2020,Albany,19,171,93,3177,36001,13
25,03/26/2020,Albany,16,187,112,3289,36001,14
26,03/27/2020,Albany,8,195,101,3390,36001,11
27,03/28/2020,Albany,10,205,73,3463,36001,10
28,03/29/2020,Albany,12,217,61,3524,36001,10
29,03/30/2020,Albany,9,226,72,3596,36001,11
30,03/31/2020,Albany,14,240,108,3704,36001,12
31,04/01/2020,Albany,13,253,106,3810,36001,13
32,04/02/2020,Albany,14,267,105,3915,36001,17
33,04/03/2020,Albany,26,293,123,4038,36001,17
34,04/04/2020,Albany,12,305,117,4155,36001,17
35,04/05/2020,Albany,14,319,89,4244,36001,13
36,04/06/2020,Albany,14,333,86,4330,36001,12
37,04/07/2020,Albany,9,342,74,4404,36001,20
38,04/08/2020,Albany,37,379,229,4633,36001,31
39,04/09/2020,Albany,47,426,332,4965,36001,34
40,04/10/2020,Albany,20,446,159,5124,36001,33
41,04/11/2020,Albany,32,478,223,5347,36001,24
42,04/12/2020,Albany,21,499,193,5540,36001,29
43,04/13/2020,Albany,36,535,216,5756,36001,23
44,04/14/2020,Albany,13,548,106,5862,36001,27
45,04/15/2020,Albany,33,581,301,6163,36001,28
46,04/16/2020,Albany,38,619,273,6436,36001,33
47,04/17/2020,Albany,29,648,291,6727,36001,33
48,04/18/2020,Albany,34,682,305,7032,36001,22
49,04/19/2020,Albany,5,687,103,7135,36001,18
50,04/20/2020,Albany,17,704,164,7299,36001,18
51,04/21/2020,Albany,33,737,236,7535,36001,23
52,04/22/2020,Albany,21,758,178,7713,36001,33
53,04/23/2020,Albany,47,805,319,8032,36001,54
54,04/24/2020,Albany,94,899,626,8658,36001,63
55,04/25/2020,Albany,49,948,402,9060,36001,58
56,04/26/2020,Albany,31,979,263,9323,36001,36
57,04/27/2020,Albany,30,1009,197,9520,36001,39
58,04/28/2020,Albany,58,1067,351,9871,36001,62
59,04/29/2020,Albany,98,1165,439,10310,36001,65
60,04/30/2020,Albany,39,1204,378,10688,36001,57
61,05/01/2020,Albany,34,1238,434,11122,36001,31
62,05/02/2020,Albany,20,1258,441,11563,36001,27
63,05/03/2020,Albany,29,1287,391,11954,36001,18
64,05/04/2020,Albany,7,1294,130,12084,36001,21
65,05/05/2020,Albany,27,1321,367,12451,36001,20
66,05/06/2020,Albany,27,1348,407,12858,36001,30
67,05/07/2020,Albany,36,1384,385,13243,36001,31
68,05/08/2020,Albany,32,1416,488,13731,36001,28
69,05/09/2020,Albany,16,1432,455,14186,36001,24
70,05/10/2020,Albany,24,1456,384,14570,36001,21
71,05/11/2020,Albany,23,1479,341,14911,36001,20
72,05/12/2020,Albany,15,1494,335,15246,36001,17
73,05/13/2020,Albany,15,1509,546,15792,36001,19
74,05/14/2020,Albany,29,1538,541,16333,36001,26
75,05/15/2020,Albany,34,1572,482,16815,36001,23
76,05/16/2020,Albany,7,1579,411,17226,36001,24
77,05/17/2020,Albany,31,1610,342,17568,36001,27
78,05/18/2020,Albany,45,1655,398,17966,36001,34
79,05/19/2020,Albany,27,1682,697,18663,36001,30
80,05/20/2020,Albany,18,1700,650,19313,36001,33
81,05/21/2020,Albany,56,1756,920,20233,36001,29
82,05/22/2020,Albany,14,1770,655,20888,36001,27
83,05/23/2020,Albany,12,1782,438,21326,36001,11
84,05/24/2020,Albany,9,1791,378,21704,36001,7
85,05/25/2020,Albany,2,1793,328,22032,36001,4
86,05/26/2020,Albany,3,1796,369,22401,36001,7
87,05/27/2020,Albany,18,1814,666,23067,36001,13
88,05/28/2020,Albany,20,1834,416,23483,36001,15
89,05/29/2020,Albany,9,1843,521,24004,36001,15
90,05/30/2020,Albany,17,1860,760,24764,36001,16
91,05/31/2020,Albany,22,1882,537,25301,36001,19
92,06/01/2020,Albany,18,1900,618,25919,36001,20
93,06/02/2020,Albany,20,1920,1170,27089,36001,16
94,06/03/2020,Albany,10,1930,817,27906,36001,13
95,06/04/2020,Albany,11,1941,1179,29085,36001,11
96,06/05/2020,Albany,12,1953,1164,30249,36001,10
97,06/06/2020,Albany,8,1961,751,31000,36001,12
98,06/07/2020,Albany,17,1978,1194,32194,36001,10
99,06/08/2020,Albany,5,1983,616,32810,36001,8
100,06/09/2020,Albany,3,1986,569,33379,36001,6
101,06/10/2020,Albany,10,1996,774,34153,36001,8
102,06/11/2020,Albany,11,2007,1103,35256,36001,10
103,06/12/2020,Albany,9,2016,739,35995,36001,8
104,06/13/2020,Albany,4,2020,874,36869,36001,5
105,06/14/2020,Albany,2,2022,496,37365,36001,3
106,06/15/2020,Albany,4,2026,577,37942,36001,3
107,06/16/2020,Albany,3,2029,592,38534,36001,4
108,06/17/2020,Albany,5,2034,843,39377,36001,7
109,06/18/2020,Albany,15,2049,1070,40447,36001,8
110,06/19/2020,Albany,4,2053,610,41057,36001,6
111,06/20/2020,Albany,1,2054,784,41841,36001,3
112,06/21/2020,Albany,6,2060,931,42772,36001,3
113,06/22/2020,Albany,2,2062,427,43199,36001,3
114,06/23/2020,Albany,3,2065,586,43785,36001,5
115,06/24/2020,Albany,11,2076,1325,45110,36001,7
116,06/25/2020,Albany,8,2084,630,45740,36001,8
117,06/26/2020,Albany,7,2091,799,46539,36001,7
118,06/27/2020,Albany,6,2097,762,47301,36001,5
119,06/28/2020,Albany,2,2099,514,47815,36001,3
120,06/29/2020,Albany,3,2102,543,48358,36001,5
121,06/30/2020,Albany,10,2112,731,49089,36001,8
122,07/01/2020,Albany,13,2125,928,50017,36001,9
123,07/02/2020,Albany,5,2130,805,50822,36001,11
124,07/03/2020,Albany,15,2145,970,51792,36001,9
125,07/04/2020,Albany,7,2152,1098,52890,36001,10
126,07/05/2020,Albany,8,2160,626,53516,36001,6
127,07/06/2020,Albany,4,2164,421,53937,36001,7
128,07/07/2020,Albany,11,2175,1020,54957,36001,7
129,07/08/2020,Albany,8,2183,1260,56217,36001,8
130,07/09/2020,Albany,7,2190,625,56842,36001,11
131,07/10/2020,Albany,18,2208,1252,58094,36001,12
132,07/11/2020,Albany,11,2219,815,58909,36001,11
133,07/12/2020,Albany,6,2225,594,59503,36001,13
134,07/13/2020,Albany,22,2247,1139,60642,36001,20
135,07/14/2020,Albany,33,2280,860,61502,36001,21
136,07/15/2020,Albany,10,2290,1065,62567,36001,21
137,07/16/2020,Albany,20,2310,1098,63665,36001,11
138,07/17/2020,Albany,5,2315,816,64481,36001,9
139,07/18/2020,Albany,3,2318,335,64816,36001,4
140,07/19/2020,Albany,4,2322,877,65693,36001,12
141,07/20/2020,Albany,29,2351,1354,67047,36001,17
142,07/21/2020,Albany,18,2369,981,68028,36001,26
143,07/22/2020,Albany,32,2401,975,69003,36001,25
144,07/23/2020,Albany,25,2426,896,69899,36001,23
145,07/24/2020,Albany,12,2438,632,70531,36001,16
146,07/25/2020,Albany,13,2451,817,71348,36001,9
147,07/26/2020,Albany,2,2453,820,72168,36001,10
148,07/27/2020,Albany,15,2468,929,73097,36001,9
149,07/28/2020,Albany,12,2480,843,73940,36001,13
150,07/29/2020,Albany,13,2493,763,74703,36001,11
151,07/30/2020,Albany,10,2503,745,75448,36001,11
152,07/31/2020,Albany,12,2515,1055,76503,36001,9
153,08/01/2020,Albany,6,2521,463,76966,36001,9
154,08/02/2020,Albany,10,2531,529,77495,36001,9
155,08/03/2020,Albany,12,2543,770,78265,36001,11
156,08/04/2020,Albany,13,2556,1218,79483,36001,11
157,08/05/2020,Albany,9,2565,800,80283,36001,10
158,08/06/2020,Albany,8,2573,757,81040,36001,8
159,08/07/2020,Albany,8,2581,946,81986,36001,10
160,08/08/2020,Albany,14,2595,903,82889,36001,9
161,08/09/2020,Albany,5,2600,739,83628,36001,11
162,08/10/2020,Albany,14,2614,1127,84755,36001,9
163,08/11/2020,Albany,10,2624,1451,86206,36001,12
164,08/12/2020,Albany,12,2636,1052,87258,36001,8
165,08/13/2020,Albany,3,2639,1173,88431,36001,6
166,08/14/2020,Albany,4,2643,1109,89540,36001,6
167,08/15/2020,Albany,11,2654,1142,90682,36001,6
168,08/16/2020,Albany,3,2657,700,91382,36001,6
169,08/17/2020,Albany,4,2661,991,92373,36001,7
170,08/18/2020,Albany,14,2675,1197,93570,36001,9
171,08/19/2020,Albany,9,2684,1750,95320,36001,10
172,08/20/2020,Albany,7,2691,1443,96763,36001,6
173,08/21/2020,Albany,2,2693,1336,98099,36001,5
174,08/22/2020,Albany,6,2699,1263,99362,36001,3
175,08/23/2020,Albany,2,2701,490,99852,36001,6
176,08/24/2020,Albany,10,2711,972,100824,36001,6
177,08/25/2020,Albany,7,2718,1042,101866,36001,11
178,08/26/2020,Albany,18,2736,1266,103132,36001,11
179,08/27/2020,Albany,10,2746,1264,104396,36001,12
180,08/28/2020,Albany,8,2754,1183,105579,36001,9
181,08/29/2020,Albany,10,2764,1519,107098,36001,8
182,08/30/2020,Albany,6,2770,594,107692,36001,10
183,08/31/2020,Albany,16,2786,841,108533,36001,9
184,09/01/2020,Albany,5,2791,1116,109649,36001,10
185,09/02/2020,Albany,11,2802,1655,111304,36001,11
186,09/03/2020,Albany,17,2819,899,112203,36001,10
187,09/04/2020,Albany,4,2823,996,113199,36001,9
188,09/05/2020,Albany,8,2831,824,114023,36001,4
189,09/06/2020,Albany,2,2833,727,114750,36001,5
190,09/07/2020,Albany,7,2840,665,115415,36001,5
191,09/08/2020,Albany,6,2846,499,115914,36001,8
192,09/09/2020,Albany,13,2859,724,116638,36001,14
193,09/10/2020,Albany,23,2882,1326,117964,36001,16
194,09/11/2020,Albany,14,2896,1386,119350,36001,18
195,09/12/2020,Albany,19,2915,844,120194,36001,13
196,09/13/2020,Albany,6,2921,555,120749,36001,13
197,09/14/2020,Albany,15,2936,797,121546,36001,11
198,09/15/2020,Albany,12,2948,997,122543,36001,16
199,09/16/2020,Albany,21,2969,1084,123627,36001,14
200,09/17/2020,Albany,10,2979,1229,124856,36001,19
201,09/18/2020,Albany,27,3006,1322,126178,36001,15
202,09/19/2020,Albany,10,3016,1147,127325,36001,15
203,09/20/2020,Albany,8,3024,669,127994,36001,10
204,09/21/2020,Albany,13,3037,776,128770,36001,9
205,09/22/2020,Albany,6,3043,869,129639,36001,9
206,09/23/2020,Albany,10,3053,1519,131158,36001,8
207,09/24/2020,Albany,10,3063,1348,132506,36001,13
208,09/25/2020,Albany,19,3082,1202,133708,36001,14
209,09/26/2020,Albany,13,3095,1091,134799,36001,13
210,09/27/2020,Albany,9,3104,789,135588,36001,11
211,09/28/2020,Albany,12,3116,939,136527,36001,8
212,09/29/2020,Albany,4,3120,925,137452,36001,9
213,09/30/2020,Albany,13,3133,1496,138948,36001,12
214,10/01/2020,Albany,20,3153,1343,140291,36001,18
215,10/02/2020,Albany,22,3175,1783,142074,36001,19
216,10/03/2020,Albany,15,3190,1052,143126,36001,16
217,10/04/2020,Albany,11,3201,833,143959,36001,14
218,10/05/2020,Albany,17,3218,1061,145020,36001,14
219,10/06/2020,Albany,15,3233,1328,146348,36001,16
220,10/07/2020,Albany,18,3251,2089,148437,36001,16
221,10/08/2020,Albany,17,3268,2240,150677,36001,15
222,10/09/2020,Albany,12,3280,2225,152902,36001,14
223,10/10/2020,Albany,13,3293,1823,154725,36001,12
224,10/11/2020,Albany,11,3304,819,155544,36001,14
225,10/12/2020,Albany,20,3324,1393,156937,36001,16
226,10/13/2020,Albany,19,3343,1278,158215,36001,21
227,10/14/2020,Albany,26,3369,1823,160038,36001,19
228,10/15/2020,Albany,14,3383,3007,163045,36001,18
229,10/16/2020,Albany,15,3398,1318,164363,36001,15
230,10/17/2020,Albany,18,3416,1354,165717,36001,14
231,10/18/2020,Albany,11,3427,769,166486,36001,12
232,10/19/2020,Albany,9,3436,997,167483,36001,14
233,10/20/2020,Albany,24,3460,1466,168949,36001,20
234,10/21/2020,Albany,28,3488,1454,170403,36001,26
235,10/22/2020,Albany,28,3516,1856,172259,36001,29
236,10/23/2020,Albany,33,3549,2694,174953,36001,29
237,10/24/2020,Albany,28,3577,1148,176101,36001,24
238,10/25/2020,Albany,13,3590,809,176910,36001,21
239,10/26/2020,Albany,23,3613,1212,178122,36001,16
240,10/27/2020,Albany,14,3627,1082,179204,36001,23
241,10/28/2020,Albany,33,3660,2240,181444,36001,30
242,10/29/2020,Albany,45,3705,2037,183481,36001,32
243,10/30/2020,Albany,19,3724,1581,185062,36001,30
244,10/31/2020,Albany,26,3750,1578,186640,36001,22
245,11/01/2020,Albany,21,3771,905,187545,36001,26
246,11/02/2020,Albany,31,3802,1432,188977,36001,31
247,11/03/2020,Albany,43,3845,1169,190146,36001,35
248,11/04/2020,Albany,32,3877,2982,193128,36001,46
249,11/05/2020,Albany,65,3942,3059,196187,36001,32
250,03/01/2020,Allegany,0,0,0,0,36003,0
251,03/02/2020,Allegany,0,0,0,0,36003,0
252,03/03/2020,Allegany,0,0,0,0,36003,0
253,03/04/2020,Allegany,0,0,0,0,36003,0
254,03/05/2020,Allegany,0,0,0,0,36003,0
255,03/06/2020,Allegany,0,0,0,0,36003,0
256,03/07/2020,Allegany,0,0,0,0,36003,0
257,03/08/2020,Allegany,0,0,0,0,36003,0
258,03/09/2020,Allegany,0,0,0,0,36003,0
259,03/10/2020,Allegany,0,0,0,0,36003,0
260,03/11/2020,Allegany,0,0,4,4,36003,0
261,03/12/2020,Allegany,0,0,1,5,36003,0
262,03/13/2020,Allegany,0,0,0,5,36003,0
263,03/14/2020,Allegany,0,0,1,6,36003,0
264,03/15/2020,Allegany,2,2,5,11,36003,0
265,03/16/2020,Allegany,0,2,1,12,36003,0
266,03/17/2020,Allegany,0,2,0,12,36003,0
267,03/18/2020,Allegany,0,2,3,15,36003,0
268,03/19/2020,Allegany,0,2,2,17,36003,0
269,03/20/2020,Allegany,0,2,10,27,36003,0
270,03/21/2020,Allegany,0,2,10,37,36003,0
271,03/22/2020,Allegany,0,2,39,76,36003,0
272,03/23/2020,Allegany,0,2,2,78,36003,0
273,03/24/2020,Allegany,0,2,5,83,36003,0
274,03/25/2020,Allegany,0,2,6,89,36003,0
275,03/26/2020,Allegany,0,2,9,98,36003,0
276,03/27/2020,Allegany,0,2,4,102,36003,1
277,03/28/2020,Allegany,4,6,12,114,36003,1
278,03/29/2020,Allegany,1,7,7,121,36003,1
279,03/30/2020,Allegany,0,7,4,125,36003,1
280,03/31/2020,Allegany,2,9,10,135,36003,1
281,04/01/2020,Allegany,3,12,14,149,36003,2
282,04/02/2020,Allegany,2,14,18,167,36003,2
283,04/03/2020,Allegany,2,16,13,180,36003,1
284,04/04/2020,Allegany,0,16,8,188,36003,1
285,04/05/2020,Allegany,1,17,8,196,36003,0
286,04/06/2020,Allegany,0,17,3,199,36003,1
287,04/07/2020,Allegany,4,21,16,215,36003,1
288,04/08/2020,Allegany,1,22,12,227,36003,3
289,04/09/2020,Allegany,4,26,21,248,36003,1
290,04/10/2020,Allegany,0,26,16,264,36003,1
291,04/11/2020,Allegany,0,26,11,275,36003,0
292,04/12/2020,Allegany,0,26,5,280,36003,0
293,04/13/2020,Allegany,2,28,14,294,36003,0
294,04/14/2020,Allegany,0,28,10,304,36003,0
295,04/15/2020,Allegany,0,28,8,312,36003,0
296,04/16/2020,Allegany,1,29,21,333,36003,0
297,04/17/2020,Allegany,1,30,15,348,36003,0
298,04/18/2020,Allegany,0,30,7,355,36003,0
299,04/19/2020,Allegany,0,30,5,360,36003,0
300,04/20/2020,Allegany,0,30,9,369,36003,0
301,04/21/2020,Allegany,0,30,10,379,36003,0
302,04/22/2020,Allegany,0,30,14,393,36003,0
303,04/23/2020,Allegany,1,31,10,403,36003,1
304,04/24/2020,Allegany,4,35,61,464,36003,1
305,04/25/2020,Allegany,0,35,12,476,36003,1
306,04/26/2020,Allegany,0,35,9,485,36003,0
307,04/27/2020,Allegany,0,35,14,499,36003,0
308,04/28/2020,Allegany,0,35,26,525,36003,0
309,04/29/2020,Allegany,0,35,18,543,36003,0
310,04/30/2020,Allegany,0,35,20,563,36003,0
311,05/01/2020,Allegany,0,35,11,574,36003,0
312,05/02/2020,Allegany,0,35,18,592,36003,0
313,05/03/2020,Allegany,0,35,14,606,36003,0
314,05/04/2020,Allegany,0,35,31,637,36003,0
315,05/05/2020,Allegany,0,35,22,659,36003,0
316,05/06/2020,Allegany,0,35,40,699,36003,0
317,05/07/2020,Allegany,0,35,33,732,36003,0
318,05/08/2020,Allegany,0,35,18,750,36003,0
319,05/09/2020,Allegany,1,36,20,770,36003,1
320,05/10/2020,Allegany,2,38,35,805,36003,2
321,05/11/2020,Allegany,4,42,41,846,36003,2
322,05/12/2020,Allegany,2,44,39,885,36003,2
323,05/13/2020,Allegany,0,44,53,938,36003,0
324,05/14/2020,Allegany,0,44,44,982,36003,0
325,05/15/2020,Allegany,0,44,27,1009,36003,0
326,05/16/2020,Allegany,0,44,36,1045,36003,0
327,05/17/2020,Allegany,0,44,89,1134,36003,0
328,05/18/2020,Allegany,0,44,28,1162,36003,0
329,05/19/2020,Allegany,0,44,49,1211,36003,0
330,05/20/2020,Allegany,0,44,68,1279,36003,0
331,05/21/2020,Allegany,0,44,47,1326,36003,0
332,05/22/2020,Allegany,0,44,26,1352,36003,0
333,05/23/2020,Allegany,0,44,33,1385,36003,0
334,05/24/2020,Allegany,0,44,53,1438,36003,0
335,05/25/2020,Allegany,0,44,28,1466,36003,0
336,05/26/2020,Allegany,1,45,96,1562,36003,0
337,05/27/2020,Allegany,0,45,98,1660,36003,0
338,05/28/2020,Allegany,0,45,60,1720,36003,0
339,05/29/2020,Allegany,0,45,64,1784,36003,0
340,05/30/2020,Allegany,0,45,51,1835,36003,1
341,05/31/2020,Allegany,3,48,100,1935,36003,1
342,06/01/2020,Allegany,0,48,160,2095,36003,1
343,06/02/2020,Allegany,1,49,181,2276,36003,0
344,06/03/2020,Allegany,0,49,131,2407,36003,1
345,06/04/2020,Allegany,2,51,154,2561,36003,0
346,06/05/2020,Allegany,0,51,309,2870,36003,0
347,06/06/2020,Allegany,0,51,98,2968,36003,0
348,06/07/2020,Allegany,0,51,149,3117,36003,0
349,06/08/2020,Allegany,0,51,220,3337,36003,0
350,06/09/2020,Allegany,1,52,128,3465,36003,0
351,06/10/2020,Allegany,1,53,137,3602,36003,0
352,06/11/2020,Allegany,0,53,163,3765,36003,0
353,06/12/2020,Allegany,1,54,144,3909,36003,0
354,06/13/2020,Allegany,0,54,103,4012,36003,0
355,06/14/2020,Allegany,1,55,65,4077,36003,0
356,06/15/2020,Allegany,0,55,120,4197,36003,0
357,06/16/2020,Allegany,0,55,134,4331,36003,0
358,06/17/2020,Allegany,2,57,77,4408,36003,1
359,06/18/2020,Allegany,1,58,220,4628,36003,1
360,06/19/2020,Allegany,0,58,166,4794,36003,0
361,06/20/2020,Allegany,0,58,66,4860,36003,0
362,06/21/2020,Allegany,0,58,114,4974,36003,0
363,06/22/2020,Allegany,0,58,142,5116,36003,0
364,06/23/2020,Allegany,0,58,104,5220,36003,0
365,06/24/2020,Allegany,0,58,131,5351,36003,0
366,06/25/2020,Allegany,0,58,109,5460,36003,0
367,06/26/2020,Allegany,0,58,55,5515,36003,0
368,06/27/2020,Allegany,1,59,74,5589,36003,0
369,06/28/2020,Allegany,0,59,157,5746,36003,0
370,06/29/2020,Allegany,0,59,194,5940,36003,0
371,06/30/2020,Allegany,2,61,78,6018,36003,1
372,07/01/2020,Allegany,1,62,48,6066,36003,1
373,07/02/2020,Allegany,1,63,105,6171,36003,0
374,07/03/2020,Allegany,0,63,75,6246,36003,0
375,07/04/2020,Allegany,0,63,97,6343,36003,0
376,07/05/2020,Allegany,0,63,93,6436,36003,0
377,07/06/2020,Allegany,0,63,87,6523,36003,0
378,07/07/2020,Allegany,1,64,205,6728,36003,0
379,07/08/2020,Allegany,0,64,91,6819,36003,0
380,07/09/2020,Allegany,0,64,78,6897,36003,0
381,07/10/2020,Allegany,2,66,106,7003,36003,0
382,07/11/2020,Allegany,0,66,107,7110,36003,0
383,07/12/2020,Allegany,0,66,88,7198,36003,0
384,07/13/2020,Allegany,2,68,243,7441,36003,1
385,07/14/2020,Allegany,1,69,97,7538,36003,1
386,07/15/2020,Allegany,1,70,80,7618,36003,1
387,07/16/2020,Allegany,1,71,72,7690,36003,0
388,07/17/2020,Allegany,0,71,111,7801,36003,0
389,07/18/2020,Allegany,0,71,78,7879,36003,0
390,07/19/2020,Allegany,0,71,72,7951,36003,0
391,07/20/2020,Allegany,1,72,97,8048,36003,0
392,07/21/2020,Allegany,0,72,171,8219,36003,0
393,07/22/2020,Allegany,0,72,130,8349,36003,0
394,07/23/2020,Allegany,2,74,112,8461,36003,0
395,07/24/2020,Allegany,0,74,138,8599,36003,0
396,07/25/2020,Allegany,0,74,75,8674,36003,0
397,07/26/2020,Allegany,0,74,58,8732,36003,0
398,07/27/2020,Allegany,0,74,53,8785,36003,0
399,07/28/2020,Allegany,0,74,212,8997,36003,0
400,07/29/2020,Allegany,0,74,100,9097,36003,0
401,07/30/2020,Allegany,0,74,65,9162,36003,0
402,07/31/2020,Allegany,0,74,102,9264,36003,0
403,08/01/2020,Allegany,0,74,118,9382,36003,0
404,08/02/2020,Allegany,1,75,63,9445,36003,0
405,08/03/2020,Allegany,0,75,153,9598,36003,0
406,08/04/2020,Allegany,1,76,178,9776,36003,1
407,08/05/2020,Allegany,2,78,118,9894,36003,1
408,08/06/2020,Allegany,1,79,128,10022,36003,1
409,08/07/2020,Allegany,0,79,110,10132,36003,0
410,08/08/2020,Allegany,0,79,65,10197,36003,0
411,08/09/2020,Allegany,1,80,71,10268,36003,0
412,08/10/2020,Allegany,0,80,325,10593,36003,0
413,08/11/2020,Allegany,0,80,95,10688,36003,0
414,08/12/2020,Allegany,0,80,74,10762,36003,0
415,08/13/2020,Allegany,0,80,90,10852,36003,0
416,08/14/2020,Allegany,0,80,141,10993,36003,0
417,08/15/2020,Allegany,0,80,118,11111,36003,0
418,08/16/2020,Allegany,0,80,66,11177,36003,0
419,08/17/2020,Allegany,0,80,169,11346,36003,0
420,08/18/2020,Allegany,0,80,242,11588,36003,0
421,08/19/2020,Allegany,1,81,94,11682,36003,1
422,08/20/2020,Allegany,3,84,149,11831,36003,1
423,08/21/2020,Allegany,0,84,145,11976,36003,1
424,08/22/2020,Allegany,1,85,93,12069,36003,0
425,08/23/2020,Allegany,0,85,47,12116,36003,0
426,08/24/2020,Allegany,1,86,199,12315,36003,0
427,08/25/2020,Allegany,0,86,258,12573,36003,0
428,08/26/2020,Allegany,1,87,180,12753,36003,0
429,08/27/2020,Allegany,0,87,236,12989,36003,0
430,08/28/2020,Allegany,1,88,180,13169,36003,0
431,08/29/2020,Allegany,1,89,149,13318,36003,0
432,08/30/2020,Allegany,0,89,94,13412,36003,0
433,08/31/2020,Allegany,0,89,355,13767,36003,0
434,09/01/2020,Allegany,0,89,122,13889,36003,0
435,09/02/2020,Allegany,1,90,253,14142,36003,0
436,09/03/2020,Allegany,0,90,220,14362,36003,1
437,09/04/2020,Allegany,2,92,126,14488,36003,0
438,09/05/2020,Allegany,0,92,51,14539,36003,0
439,09/06/2020,Allegany,0,92,102,14641,36003,0
440,09/07/2020,Allegany,0,92,194,14835,36003,0
441,09/08/2020,Allegany,0,92,156,14991,36003,0
442,09/09/2020,Allegany,1,93,86,15077,36003,0
443,09/10/2020,Allegany,0,93,230,15307,36003,0
444,09/11/2020,Allegany,1,94,135,15442,36003,0
445,09/12/2020,Allegany,0,94,51,15493,36003,0
446,09/13/2020,Allegany,0,94,106,15599,36003,0
447,09/14/2020,Allegany,0,94,121,15720,36003,0
448,09/15/2020,Allegany,0,94,232,15952,36003,0
449,09/16/2020,Allegany,0,94,86,16038,36003,0
450,09/17/2020,Allegany,1,95,169,16207,36003,0
451,09/18/2020,Allegany,1,96,115,16322,36003,1
452,09/19/2020,Allegany,2,98,165,16487,36003,1
453,09/20/2020,Allegany,1,99,145,16632,36003,1
454,09/21/2020,Allegany,0,99,230,16862,36003,0
455,09/22/2020,Allegany,0,99,135,16997,36003,0
456,09/23/2020,Allegany,2,101,161,17158,36003,1
457,09/24/2020,Allegany,2,103,129,17287,36003,2
458,09/25/2020,Allegany,3,106,301,17588,36003,1
459,09/26/2020,Allegany,0,106,137,17725,36003,1
460,09/27/2020,Allegany,0,106,129,17854,36003,0
461,09/28/2020,Allegany,2,108,170,18024,36003,2
462,09/29/2020,Allegany,6,114,139,18163,36003,4
463,09/30/2020,Allegany,5,119,140,18303,36003,4
464,10/01/2020,Allegany,3,122,207,18510,36003,3
465,10/02/2020,Allegany,2,124,435,18945,36003,1
466,10/03/2020,Allegany,0,124,153,19098,36003,1
467,10/04/2020,Allegany,1,125,67,19165,36003,1
468,10/05/2020,Allegany,3,128,330,19495,36003,2
469,10/06/2020,Allegany,2,130,314,19809,36003,2
470,10/07/2020,Allegany,1,131,309,20118,36003,4
471,10/08/2020,Allegany,10,141,203,20321,36003,4
472,10/09/2020,Allegany,3,144,137,20458,36003,6
473,10/10/2020,Allegany,6,150,266,20724,36003,3
474,10/11/2020,Allegany,1,151,110,20834,36003,4
475,10/12/2020,Allegany,5,156,434,21268,36003,3
476,10/13/2020,Allegany,5,161,379,21647,36003,8
477,10/14/2020,Allegany,15,176,355,22002,36003,10
478,10/15/2020,Allegany,12,188,191,22193,36003,13
479,10/16/2020,Allegany,12,200,342,22535,36003,9
480,10/17/2020,Allegany,5,205,182,22717,36003,8
481,10/18/2020,Allegany,7,212,120,22837,36003,6
482,10/19/2020,Allegany,8,220,195,23032,36003,6
483,10/20/2020,Allegany,4,224,627,23659,36003,10
484,10/21/2020,Allegany,19,243,206,23865,36003,14
485,10/22/2020,Allegany,21,264,485,24350,36003,15
486,10/23/2020,Allegany,5,269,312,24662,36003,9
487,10/24/2020,Allegany,2,271,128,24790,36003,7
488,10/25/2020,Allegany,16,287,148,24938,36003,6
489,10/26/2020,Allegany,2,289,136,25074,36003,12
490,10/27/2020,Allegany,19,308,464,25538,36003,9
491,10/28/2020,Allegany,6,314,591,26129,36003,15
492,10/29/2020,Allegany,22,336,628,26757,36003,11
493,10/30/2020,Allegany,5,341,256,27013,36003,11
494,10/31/2020,Allegany,7,348,85,27098,36003,9
495,11/01/2020,Allegany,16,364,358,27456,36003,11
496,11/02/2020,Allegany,10,374,227,27683,36003,10
497,11/03/2020,Allegany,5,379,477,28160,36003,8
498,11/04/2020,Allegany,10,389,704,28864,36003,13
499,11/05/2020,Allegany,25,414,245,29109,36003,11
500,03/01/2020,Bronx,0,0,0,0,36005,0
501,03/02/2020,Bronx,0,0,0,0,36005,0
502,03/03/2020,Bronx,0,0,1,1,36005,0
503,03/04/2020,Bronx,0,0,0,1,36005,0
504,03/05/2020,Bronx,0,0,5,6,36005,0
505,03/06/2020,Bronx,0,0,6,12,36005,0
506,03/07/2020,Bronx,0,0,17,29,36005,0
507,03/08/2020,Bronx,1,1,16,45,36005,1
508,03/09/2020,Bronx,4,5,31,76,36005,1
509,03/10/2020,Bronx,0,5,47,123,36005,2
510,03/11/2020,Bronx,2,7,31,154,36005,1
511,03/12/2020,Bronx,3,10,36,190,36005,5
512,03/13/2020,Bronx,10,20,99,289,36005,7
513,03/14/2020,Bronx,8,28,80,369,36005,15
514,03/15/2020,Bronx,29,57,116,485,36005,22
515,03/16/2020,Bronx,29,86,151,636,36005,60
516,03/17/2020,Bronx,123,209,433,1069,36005,102
517,03/18/2020,Bronx,154,363,597,1666,36005,156
518,03/19/2020,Bronx,191,554,605,2271,36005,214
519,03/20/2020,Bronx,297,851,884,3155,36005,285
520,03/21/2020,Bronx,367,1218,1044,4199,36005,423
521,03/22/2020,Bronx,606,1824,1276,5475,36005,476
522,03/23/2020,Bronx,455,2279,970,6445,36005,557
523,03/24/2020,Bronx,611,2890,1188,7633,36005,634
524,03/25/2020,Bronx,838,3728,1770,9403,36005,759
525,03/26/2020,Bronx,829,4557,1428,10831,36005,837
526,03/27/2020,Bronx,846,5403,1478,12309,36005,858
527,03/28/2020,Bronx,901,6304,1529,13838,36005,801
528,03/29/2020,Bronx,658,6962,1160,14998,36005,787
529,03/30/2020,Bronx,804,7766,1341,16339,36005,852
530,03/31/2020,Bronx,1095,8861,1818,18157,36005,988
531,04/01/2020,Bronx,1066,9927,1754,19911,36005,1106
532,04/02/2020,Bronx,1159,11086,1946,21857,36005,1151
533,04/03/2020,Bronx,1229,12315,2108,23965,36005,1147
534,04/04/2020,Bronx,1053,13368,1778,25743,36005,1080
535,04/05/2020,Bronx,959,14327,1628,27371,36005,1011
536,04/06/2020,Bronx,1021,15348,1996,29367,36005,1086
537,04/07/2020,Bronx,1278,16626,2562,31929,36005,1155
538,04/08/2020,Bronx,1166,17792,2348,34277,36005,1270
539,04/09/2020,Bronx,1368,19160,2637,36914,36005,1283
540,04/10/2020,Bronx,1317,20477,2580,39494,36005,1216
541,04/11/2020,Bronx,964,21441,2081,41575,36005,1015
542,04/12/2020,Bronx,764,22205,1623,43198,36005,929
543,04/13/2020,Bronx,1061,23266,2294,45492,36005,1070
544,04/14/2020,Bronx,1387,24653,2622,48114,36005,1242
545,04/15/2020,Bronx,1279,25932,2939,51053,36005,1256
546,04/16/2020,Bronx,1103,27035,2793,53846,36005,1122
547,04/17/2020,Bronx,984,28019,2597,56443,36005,963
548,04/18/2020,Bronx,804,28823,2162,58605,36005,779
549,04/19/2020,Bronx,549,29372,1707,60312,36005,656
550,04/20/2020,Bronx,617,29989,2050,62362,36005,681
551,04/21/2020,Bronx,879,30868,2942,65304,36005,762
552,04/22/2020,Bronx,791,31659,3084,68388,36005,904
553,04/23/2020,Bronx,1042,32701,3691,72079,36005,1105
554,04/24/2020,Bronx,1482,34183,4800,76879,36005,1103
555,04/25/2020,Bronx,787,34970,2967,79846,36005,951
556,04/26/2020,Bronx,586,35556,2363,82209,36005,603
557,04/27/2020,Bronx,438,35994,2107,84316,36005,543
558,04/28/2020,Bronx,606,36600,2938,87254,36005,562
559,04/29/2020,Bronx,644,37244,2977,90231,36005,597
560,04/30/2020,Bronx,541,37785,2824,93055,36005,616
561,05/01/2020,Bronx,665,38450,3694,96749,36005,557
562,05/02/2020,Bronx,466,38916,2857,99606,36005,479
563,05/03/2020,Bronx,307,39223,1869,101475,36005,342
564,05/04/2020,Bronx,253,39476,2001,103476,36005,307
565,05/05/2020,Bronx,363,39839,2657,106133,36005,319
566,05/06/2020,Bronx,342,40181,2786,108919,36005,352
567,05/07/2020,Bronx,352,40533,3078,111997,36005,321
568,05/08/2020,Bronx,271,40804,2873,114870,36005,292
569,05/09/2020,Bronx,255,41059,2935,117805,36005,254
570,05/10/2020,Bronx,237,41296,2140,119945,36005,212
571,05/11/2020,Bronx,145,41441,1510,121455,36005,206
572,05/12/2020,Bronx,236,41677,2678,124133,36005,228
573,05/13/2020,Bronx,303,41980,3338,127471,36005,359
574,05/14/2020,Bronx,539,42519,4408,131879,36005,378
575,05/15/2020,Bronx,293,42812,3632,135511,36005,347
576,05/16/2020,Bronx,210,43022,2861,138372,36005,213
577,05/17/2020,Bronx,136,43158,2126,140498,36005,152
578,05/18/2020,Bronx,112,43270,2102,142600,36005,132
579,05/19/2020,Bronx,148,43418,2682,145282,36005,148
580,05/20/2020,Bronx,185,43603,3618,148900,36005,165
581,05/21/2020,Bronx,163,43766,3421,152321,36005,167
582,05/22/2020,Bronx,155,43921,3518,155839,36005,178
583,05/23/2020,Bronx,216,44137,4575,160414,36005,160
584,05/24/2020,Bronx,110,44247,2445,162859,36005,147
585,05/25/2020,Bronx,117,44364,2233,165092,36005,122
586,05/26/2020,Bronx,139,44503,3064,168156,36005,168
587,05/27/2020,Bronx,250,44753,5657,173813,36005,203
588,05/28/2020,Bronx,221,44974,5781,179594,36005,204
589,05/29/2020,Bronx,142,45116,4817,184411,36005,166
590,05/30/2020,Bronx,137,45253,4338,188749,36005,128
591,05/31/2020,Bronx,106,45359,3997,192746,36005,116
592,06/01/2020,Bronx,107,45466,4069,196815,36005,106
593,06/02/2020,Bronx,105,45571,3579,200394,36005,109
594,06/03/2020,Bronx,117,45688,4303,204697,36005,104
595,06/04/2020,Bronx,90,45778,4606,209303,36005,103
596,06/05/2020,Bronx,104,45882,5144,214447,36005,97
597,06/06/2020,Bronx,98,45980,4164,218611,36005,91
598,06/07/2020,Bronx,72,46052,3718,222329,36005,81
599,06/08/2020,Bronx,75,46127,3214,225543,36005,81
600,06/09/2020,Bronx,96,46223,4468,230011,36005,88
601,06/10/2020,Bronx,93,46316,3929,233940,36005,89
602,06/11/2020,Bronx,80,46396,4894,238834,36005,92
603,06/12/2020,Bronx,105,46501,5869,244703,36005,83
604,06/13/2020,Bronx,66,46567,4578,249281,36005,83
605,06/14/2020,Bronx,78,46645,4689,253970,36005,69
606,06/15/2020,Bronx,65,46710,4542,258512,36005,70
607,06/16/2020,Bronx,68,46778,5106,263618,36005,61
608,06/17/2020,Bronx,52,46830,5556,269174,36005,68
609,06/18/2020,Bronx,85,46915,6272,275446,36005,67
610,06/19/2020,Bronx,64,46979,5007,280453,36005,65
611,06/20/2020,Bronx,48,47027,4694,285147,36005,59
612,06/21/2020,Bronx,65,47092,4917,290064,36005,58
613,06/22/2020,Bronx,62,47154,3723,293787,36005,67
614,06/23/2020,Bronx,76,47230,3549,297336,36005,67
615,06/24/2020,Bronx,64,47294,4930,302266,36005,76
616,06/25/2020,Bronx,89,47383,4377,306643,36005,75
617,06/26/2020,Bronx,73,47456,5794,312437,36005,73
618,06/27/2020,Bronx,58,47514,5208,317645,36005,57
619,06/28/2020,Bronx,41,47555,3588,321233,36005,47
620,06/29/2020,Bronx,43,47598,4056,325289,36005,45
621,06/30/2020,Bronx,53,47651,4725,330014,36005,67
622,07/01/2020,Bronx,107,47758,5267,335281,36005,80
623,07/02/2020,Bronx,80,47838,5521,340802,36005,83
624,07/03/2020,Bronx,64,47902,4449,345251,36005,60
625,07/04/2020,Bronx,36,47938,4275,349526,36005,52
626,07/05/2020,Bronx,56,47994,4111,353637,36005,45
627,07/06/2020,Bronx,44,48038,3695,357332,36005,46
628,07/07/2020,Bronx,38,48076,3456,360788,36005,44
629,07/08/2020,Bronx,50,48126,3993,364781,36005,56
630,07/09/2020,Bronx,82,48208,5706,370487,36005,63
631,07/10/2020,Bronx,59,48267,4932,375419,36005,67
632,07/11/2020,Bronx,60,48327,4401,379820,36005,56
633,07/12/2020,Bronx,50,48377,3980,383800,36005,55
634,07/13/2020,Bronx,56,48433,4169,387969,36005,56
635,07/14/2020,Bronx,63,48496,4435,392404,36005,66
636,07/15/2020,Bronx,79,48575,5635,398039,36005,70
637,07/16/2020,Bronx,68,48643,5250,403289,36005,73
638,07/17/2020,Bronx,72,48715,5748,409037,36005,64
639,07/18/2020,Bronx,54,48769,4297,413334,36005,64
640,07/19/2020,Bronx,68,48837,3543,416877,36005,70
641,07/20/2020,Bronx,89,48926,4443,421320,36005,82
642,07/21/2020,Bronx,91,49017,5492,426812,36005,83
643,07/22/2020,Bronx,69,49086,4802,431614,36005,91
644,07/23/2020,Bronx,114,49200,5276,436890,36005,87
645,07/24/2020,Bronx,80,49280,4754,441644,36005,83
646,07/25/2020,Bronx,56,49336,3711,445355,36005,62
647,07/26/2020,Bronx,52,49388,3459,448814,36005,47
648,07/27/2020,Bronx,34,49422,3654,452468,36005,48
649,07/28/2020,Bronx,59,49481,3397,455865,36005,46
650,07/29/2020,Bronx,46,49527,4741,460606,36005,50
651,07/30/2020,Bronx,46,49573,3994,464600,36005,48
652,07/31/2020,Bronx,53,49626,5253,469853,36005,49
653,08/01/2020,Bronx,50,49676,3384,473237,36005,47
654,08/02/2020,Bronx,38,49714,3630,476867,36005,65
655,08/03/2020,Bronx,109,49823,7059,483926,36005,76
656,08/04/2020,Bronx,83,49906,5301,489227,36005,88
657,08/05/2020,Bronx,74,49980,5205,494432,36005,78
658,08/06/2020,Bronx,77,50057,5151,499583,36005,71
659,08/07/2020,Bronx,63,50120,4634,504217,36005,69
660,08/08/2020,Bronx,68,50188,5261,509478,36005,56
661,08/09/2020,Bronx,38,50226,4747,514225,36005,52
662,08/10/2020,Bronx,52,50278,5083,519308,36005,60
663,08/11/2020,Bronx,91,50369,7934,527242,36005,86
664,08/12/2020,Bronx,116,50485,7110,534352,36005,100
665,08/13/2020,Bronx,94,50579,6420,540772,36005,94
666,08/14/2020,Bronx,72,50651,6849,547621,36005,79
667,08/15/2020,Bronx,73,50724,6399,554020,36005,69
668,08/16/2020,Bronx,62,50786,4742,558762,36005,63
669,08/17/2020,Bronx,54,50840,4675,563437,36005,61
670,08/18/2020,Bronx,67,50907,5591,569028,36005,56
671,08/19/2020,Bronx,47,50954,5402,574430,36005,56
672,08/20/2020,Bronx,56,51010,6412,580842,36005,53
673,08/21/2020,Bronx,57,51067,6574,587416,36005,61
674,08/22/2020,Bronx,70,51137,4937,592353,36005,61
675,08/23/2020,Bronx,57,51194,5141,597494,36005,57
676,08/24/2020,Bronx,45,51239,4296,601790,36005,51
677,08/25/2020,Bronx,53,51292,5358,607148,36005,54
678,08/26/2020,Bronx,65,51357,5535,612683,36005,55
679,08/27/2020,Bronx,49,51406,6190,618873,36005,58
680,08/28/2020,Bronx,62,51468,6305,625178,36005,58
681,08/29/2020,Bronx,65,51533,6778,631956,36005,68
682,08/30/2020,Bronx,77,51610,4854,636810,36005,65
683,08/31/2020,Bronx,53,51663,4880,641690,36005,59
684,09/01/2020,Bronx,48,51711,7314,649004,36005,52
685,09/02/2020,Bronx,57,51768,5696,654700,36005,52
686,09/03/2020,Bronx,52,51820,6594,661294,36005,49
687,09/04/2020,Bronx,40,51860,6365,667659,36005,48
688,09/05/2020,Bronx,52,51912,5858,673517,36005,41
689,09/06/2020,Bronx,32,51944,4414,677931,36005,41
690,09/07/2020,Bronx,40,51984,5366,683297,36005,35
691,09/08/2020,Bronx,34,52018,5571,688868,36005,44
692,09/09/2020,Bronx,58,52076,5655,694523,36005,47
693,09/10/2020,Bronx,49,52125,5615,700138,36005,56
694,09/11/2020,Bronx,61,52186,7455,707593,36005,53
695,09/12/2020,Bronx,49,52235,4625,712218,36005,52
696,09/13/2020,Bronx,46,52281,4288,716506,36005,49
697,09/14/2020,Bronx,54,52335,4856,721362,36005,45
698,09/15/2020,Bronx,36,52371,4810,726172,36005,47
699,09/16/2020,Bronx,51,52422,5950,732122,36005,44
700,09/17/2020,Bronx,46,52468,5601,737723,36005,51
701,09/18/2020,Bronx,58,52526,6097,743820,36005,52
702,09/19/2020,Bronx,52,52578,7106,750926,36005,50
703,09/20/2020,Bronx,41,52619,3854,754780,36005,46
704,09/21/2020,Bronx,47,52666,5869,760649,36005,44
705,09/22/2020,Bronx,44,52710,5074,765723,36005,45
706,09/23/2020,Bronx,46,52756,5812,771535,36005,49
707,09/24/2020,Bronx,59,52815,7131,778666,36005,54
708,09/25/2020,Bronx,57,52872,6388,785054,36005,54
709,09/26/2020,Bronx,48,52920,4941,789995,36005,47
710,09/27/2020,Bronx,36,52956,3456,793451,36005,51
711,09/28/2020,Bronx,69,53025,6624,800075,36005,57
712,09/29/2020,Bronx,66,53091,6152,806227,36005,71
713,09/30/2020,Bronx,78,53169,6093,812320,36005,69
714,10/01/2020,Bronx,63,53232,6554,818874,36005,69
715,10/02/2020,Bronx,66,53298,6513,825387,36005,61
716,10/03/2020,Bronx,55,53353,5282,830669,36005,61
717,10/04/2020,Bronx,64,53417,4521,835190,36005,67
718,10/05/2020,Bronx,84,53501,6190,841380,36005,67
719,10/06/2020,Bronx,55,53556,5842,847222,36005,66
720,10/07/2020,Bronx,61,53617,6595,853817,36005,63
721,10/08/2020,Bronx,74,53691,7217,861034,36005,68
722,10/09/2020,Bronx,71,53762,6783,867817,36005,73
723,10/10/2020,Bronx,74,53836,6143,873960,36005,67
724,10/11/2020,Bronx,58,53894,3930,877890,36005,66
725,10/12/2020,Bronx,66,53960,6546,884436,36005,56
726,10/13/2020,Bronx,46,54006,6116,890552,36005,61
727,10/14/2020,Bronx,71,54077,6174,896726,36005,79
728,10/15/2020,Bronx,121,54198,7400,904126,36005,100
729,10/16/2020,Bronx,109,54307,9054,913180,36005,110
730,10/17/2020,Bronx,102,54409,6911,920091,36005,91
731,10/18/2020,Bronx,63,54472,5081,925172,36005,72
732,10/19/2020,Bronx,51,54523,5727,930899,36005,73
733,10/20/2020,Bronx,105,54628,7912,938811,36005,78
734,10/21/2020,Bronx,78,54706,6996,945807,36005,89
735,10/22/2020,Bronx,86,54792,7642,953449,36005,88
736,10/23/2020,Bronx,100,54892,9802,963251,36005,101
737,10/24/2020,Bronx,119,55011,6745,969996,36005,98
738,10/25/2020,Bronx,75,55086,4808,974804,36005,107
739,10/26/2020,Bronx,127,55213,7625,982429,36005,114
740,10/27/2020,Bronx,141,55354,7498,989927,36005,147
741,10/28/2020,Bronx,173,55527,8348,998275,36005,149
742,10/29/2020,Bronx,134,55661,8374,1006649,36005,137
743,10/30/2020,Bronx,106,55767,6473,1013122,36005,128
744,10/31/2020,Bronx,145,55912,7975,1021097,36005,112
745,11/01/2020,Bronx,87,55999,5713,1026810,36005,132
746,11/02/2020,Bronx,166,56165,7615,1034425,36005,126
747,11/03/2020,Bronx,127,56292,9344,1043769,36005,153
748,11/04/2020,Bronx,168,56460,8765,1052534,36005,163
749,11/05/2020,Bronx,195,56655,8772,1061306,36005,121
750,03/01/2020,Broome,0,0,0,0,36007,0
751,03/02/2020,Broome,0,0,0,0,36007,0
752,03/03/2020,Broome,0,0,0,0,36007,0
753,03/04/2020,Broome,0,0,0,0,36007,0
754,03/05/2020,Broome,0,0,0,0,36007,0
755,03/06/2020,Broome,0,0,0,0,36007,0
756,03/07/2020,Broome,0,0,0,0,36007,0
757,03/08/2020,Broome,0,0,2,2,36007,0
758,03/09/2020,Broome,0,0,1,3,36007,0
759,03/10/2020,Broome,0,0,1,4,36007,0
760,03/11/2020,Broome,0,0,1,5,36007,0
761,03/12/2020,Broome,1,1,2,7,36007,0
762,03/13/2020,Broome,0,1,2,9,36007,0
763,03/14/2020,Broome,0,1,3,12,36007,0
764,03/15/2020,Broome,0,1,2,14,36007,0
765,03/16/2020,Broome,0,1,1,15,36007,0
766,03/17/2020,Broome,0,1,6,21,36007,0
767,03/18/2020,Broome,1,2,9,30,36007,0
768,03/19/2020,Broome,0,2,3,33,36007,0
769,03/20/2020,Broome,0,2,16,49,36007,0
770,03/21/2020,Broome,1,3,5,54,36007,1
771,03/22/2020,Broome,4,7,20,74,36007,2
772,03/23/2020,Broome,2,9,18,92,36007,2
773,03/24/2020,Broome,2,11,13,105,36007,3
774,03/25/2020,Broome,5,16,37,142,36007,3
775,03/26/2020,Broome,2,18,25,167,36007,4
776,03/27/2020,Broome,5,23,37,204,36007,4
777,03/28/2020,Broome,6,29,45,249,36007,5
778,03/29/2020,Broome,6,35,36,285,36007,5
779,03/30/2020,Broome,3,38,48,333,36007,4
780,03/31/2020,Broome,4,42,35,368,36007,3
781,04/01/2020,Broome,4,46,43,411,36007,6
782,04/02/2020,Broome,10,56,72,483,36007,7
783,04/03/2020,Broome,9,65,55,538,36007,8
784,04/04/2020,Broome,6,71,36,574,36007,6
785,04/05/2020,Broome,5,76,33,607,36007,7
786,04/06/2020,Broome,10,86,47,654,36007,5
787,04/07/2020,Broome,2,88,24,678,36007,9
788,04/08/2020,Broome,17,105,82,760,36007,8
789,04/09/2020,Broome,7,112,58,818,36007,9
790,04/10/2020,Broome,5,117,31,849,36007,7
791,04/11/2020,Broome,9,126,60,909,36007,7
792,04/12/2020,Broome,7,133,39,948,36007,9
793,04/13/2020,Broome,13,146,90,1038,36007,9
794,04/14/2020,Broome,7,153,73,1111,36007,11
795,04/15/2020,Broome,14,167,74,1185,36007,10
796,04/16/2020,Broome,11,178,82,1267,36007,11
797,04/17/2020,Broome,8,186,64,1331,36007,8
798,04/18/2020,Broome,6,192,52,1383,36007,7
799,04/19/2020,Broome,7,199,43,1426,36007,6
800,04/20/2020,Broome,6,205,47,1473,36007,9
801,04/21/2020,Broome,14,219,54,1527,36007,8
802,04/22/2020,Broome,5,224,102,1629,36007,9
803,04/23/2020,Broome,8,232,85,1714,36007,10
804,04/24/2020,Broome,19,251,212,1926,36007,11
805,04/25/2020,Broome,6,257,105,2031,36007,9
806,04/26/2020,Broome,4,261,69,2100,36007,5
807,04/27/2020,Broome,5,266,60,2160,36007,5
808,04/28/2020,Broome,7,273,87,2247,36007,7
809,04/29/2020,Broome,11,284,114,2361,36007,11
810,04/30/2020,Broome,15,299,110,2471,36007,10
811,05/01/2020,Broome,6,305,114,2585,36007,14
812,05/02/2020,Broome,22,327,415,3000,36007,11
813,05/03/2020,Broome,7,334,353,3353,36007,11
814,05/04/2020,Broome,4,338,180,3533,36007,6
815,05/05/2020,Broome,7,345,273,3806,36007,8
816,05/06/2020,Broome,15,360,333,4139,36007,8
817,05/07/2020,Broome,4,364,214,4353,36007,9
818,05/08/2020,Broome,8,372,252,4605,36007,4
819,05/09/2020,Broome,1,373,317,4922,36007,4
820,05/10/2020,Broome,5,378,319,5241,36007,2
821,05/11/2020,Broome,1,379,271,5512,36007,3
822,05/12/2020,Broome,3,382,291,5803,36007,1
823,05/13/2020,Broome,1,383,343,6146,36007,3
824,05/14/2020,Broome,7,390,343,6489,36007,10
825,05/15/2020,Broome,23,413,458,6947,36007,10
826,05/16/2020,Broome,1,414,486,7433,36007,11
827,05/17/2020,Broome,9,423,379,7812,36007,5
828,05/18/2020,Broome,6,429,295,8107,36007,7
829,05/19/2020,Broome,7,436,639,8746,36007,9
830,05/20/2020,Broome,15,451,419,9165,36007,13
831,05/21/2020,Broome,17,468,820,9985,36007,16
832,05/22/2020,Broome,17,485,645,10630,36007,16
833,05/23/2020,Broome,16,501,629,11259,36007,17
834,05/24/2020,Broome,18,519,669,11928,36007,12
835,05/25/2020,Broome,3,522,536,12464,36007,9
836,05/26/2020,Broome,6,528,369,12833,36007,8
837,05/27/2020,Broome,17,545,523,13356,36007,11
838,05/28/2020,Broome,12,557,614,13970,36007,11
839,05/29/2020,Broome,4,561,531,14501,36007,7
840,05/30/2020,Broome,5,566,1002,15503,36007,5
841,05/31/2020,Broome,8,574,777,16280,36007,5
842,06/01/2020,Broome,4,578,629,16909,36007,7
843,06/02/2020,Broome,11,589,826,17735,36007,6
844,06/03/2020,Broome,4,593,631,18366,36007,9
845,06/04/2020,Broome,12,605,1417,19783,36007,8
846,06/05/2020,Broome,8,613,1311,21094,36007,9
847,06/06/2020,Broome,7,620,950,22044,36007,6
848,06/07/2020,Broome,4,624,745,22789,36007,4
849,06/08/2020,Broome,3,627,797,23586,36007,3
850,06/09/2020,Broome,3,630,755,24341,36007,5
851,06/10/2020,Broome,11,641,875,25216,36007,5
852,06/11/2020,Broome,3,644,1085,26301,36007,5
853,06/12/2020,Broome,3,647,779,27080,36007,3
854,06/13/2020,Broome,4,651,795,27875,36007,3
855,06/14/2020,Broome,4,655,382,28257,36007,3
856,06/15/2020,Broome,1,656,606,28863,36007,2
857,06/16/2020,Broome,1,657,546,29409,36007,0
858,06/17/2020,Broome,0,657,442,29851,36007,2
859,06/18/2020,Broome,6,663,952,30803,36007,2
860,06/19/2020,Broome,2,665,586,31389,36007,3
861,06/20/2020,Broome,3,668,430,31819,36007,2
862,06/21/2020,Broome,2,670,552,32371,36007,2
863,06/22/2020,Broome,1,671,588,32959,36007,1
864,06/23/2020,Broome,0,671,179,33138,36007,3
865,06/24/2020,Broome,9,680,935,34073,36007,8
866,06/25/2020,Broome,17,697,509,34582,36007,10
867,06/26/2020,Broome,4,701,922,35504,36007,7
868,06/27/2020,Broome,2,703,486,35990,36007,4
869,06/28/2020,Broome,7,710,377,36367,36007,5
870,06/29/2020,Broome,6,716,772,37139,36007,6
871,06/30/2020,Broome,6,722,448,37587,36007,6
872,07/01/2020,Broome,7,729,846,38433,36007,6
873,07/02/2020,Broome,7,736,476,38909,36007,10
874,07/03/2020,Broome,16,752,979,39888,36007,8
875,07/04/2020,Broome,1,753,898,40786,36007,7
876,07/05/2020,Broome,4,757,554,41340,36007,3
877,07/06/2020,Broome,5,762,588,41928,36007,4
878,07/07/2020,Broome,4,766,234,42162,36007,4
879,07/08/2020,Broome,4,770,731,42893,36007,7
880,07/09/2020,Broome,14,784,662,43555,36007,13
881,07/10/2020,Broome,23,807,747,44302,36007,16
882,07/11/2020,Broome,13,820,1236,45538,36007,14
883,07/12/2020,Broome,7,827,595,46133,36007,11
884,07/13/2020,Broome,14,841,852,46985,36007,10
885,07/14/2020,Broome,11,852,592,47577,36007,11
886,07/15/2020,Broome,9,861,914,48491,36007,9
887,07/16/2020,Broome,9,870,595,49086,36007,8
888,07/17/2020,Broome,7,877,522,49608,36007,7
889,07/18/2020,Broome,6,883,347,49955,36007,10
890,07/19/2020,Broome,19,902,914,50869,36007,13
891,07/20/2020,Broome,15,917,687,51556,36007,15
892,07/21/2020,Broome,13,930,915,52471,36007,10
893,07/22/2020,Broome,4,934,538,53009,36007,12
894,07/23/2020,Broome,20,954,756,53765,36007,12
895,07/24/2020,Broome,12,966,762,54527,36007,14
896,07/25/2020,Broome,12,978,549,55076,36007,10
897,07/26/2020,Broome,8,986,1287,56363,36007,8
898,07/27/2020,Broome,6,992,522,56885,36007,12
899,07/28/2020,Broome,23,1015,779,57664,36007,14
900,07/29/2020,Broome,14,1029,698,58362,36007,15
901,07/30/2020,Broome,8,1037,777,59139,36007,11
902,07/31/2020,Broome,11,1048,781,59920,36007,8
903,08/01/2020,Broome,6,1054,825,60745,36007,9
904,08/02/2020,Broome,10,1064,743,61488,36007,10
905,08/03/2020,Broome,14,1078,1025,62513,36007,9
906,08/04/2020,Broome,4,1082,379,62892,36007,10
907,08/05/2020,Broome,12,1094,711,63603,36007,12
908,08/06/2020,Broome,21,1115,517,64120,36007,12
909,08/07/2020,Broome,5,1120,412,64532,36007,10
910,08/08/2020,Broome,6,1126,583,65115,36007,5
911,08/09/2020,Broome,5,1131,747,65862,36007,7
912,08/10/2020,Broome,12,1143,1408,67270,36007,8
913,08/11/2020,Broome,7,1150,559,67829,36007,7
914,08/12/2020,Broome,3,1153,641,68470,36007,7
915,08/13/2020,Broome,12,1165,947,69417,36007,5
916,08/14/2020,Broome,0,1165,708,70125,36007,4
917,08/15/2020,Broome,1,1166,417,70542,36007,2
918,08/16/2020,Broome,6,1172,607,71149,36007,4
919,08/17/2020,Broome,5,1177,1523,72672,36007,7
920,08/18/2020,Broome,12,1189,679,73351,36007,8
921,08/19/2020,Broome,7,1196,627,73978,36007,11
922,08/20/2020,Broome,15,1211,1124,75102,36007,12
923,08/21/2020,Broome,16,1227,1203,76305,36007,14
924,08/22/2020,Broome,12,1239,725,77030,36007,13
925,08/23/2020,Broome,11,1250,848,77878,36007,9
926,08/24/2020,Broome,6,1256,508,78386,36007,9
927,08/25/2020,Broome,12,1268,844,79230,36007,8
928,08/26/2020,Broome,6,1274,1434,80664,36007,9
929,08/27/2020,Broome,9,1283,902,81566,36007,6
930,08/28/2020,Broome,3,1286,851,82417,36007,7
931,08/29/2020,Broome,9,1295,4937,87354,36007,8
932,08/30/2020,Broome,12,1307,1000,88354,36007,8
933,08/31/2020,Broome,4,1311,482,88836,36007,6
934,09/01/2020,Broome,4,1315,477,89313,36007,8
935,09/02/2020,Broome,18,1333,809,90122,36007,10
936,09/03/2020,Broome,9,1342,850,90972,36007,11
937,09/04/2020,Broome,8,1350,2400,93372,36007,8
938,09/05/2020,Broome,7,1357,873,94245,36007,7
939,09/06/2020,Broome,8,1365,546,94791,36007,8
940,09/07/2020,Broome,9,1374,644,95435,36007,7
941,09/08/2020,Broome,4,1378,199,95634,36007,6
942,09/09/2020,Broome,5,1383,572,96206,36007,7
943,09/10/2020,Broome,12,1395,1248,97454,36007,10
944,09/11/2020,Broome,15,1410,1875,99329,36007,11
945,09/12/2020,Broome,8,1418,571,99900,36007,8
946,09/13/2020,Broome,2,1420,720,100620,36007,4
947,09/14/2020,Broome,3,1423,593,101213,36007,3
948,09/15/2020,Broome,5,1428,514,101727,36007,5
949,09/16/2020,Broome,9,1437,730,102457,36007,9
950,09/17/2020,Broome,13,1450,1394,103851,36007,10
951,09/18/2020,Broome,9,1459,1102,104953,36007,9
952,09/19/2020,Broome,6,1465,2159,107112,36007,7
953,09/20/2020,Broome,7,1472,502,107614,36007,5
954,09/21/2020,Broome,4,1476,738,108352,36007,5
955,09/22/2020,Broome,4,1480,850,109202,36007,8
956,09/23/2020,Broome,16,1496,1356,110558,36007,12
957,09/24/2020,Broome,17,1513,1327,111885,36007,23
958,09/25/2020,Broome,37,1550,1510,113395,36007,25
959,09/26/2020,Broome,22,1572,606,114001,36007,31
960,09/27/2020,Broome,34,1606,690,114691,36007,30
961,09/28/2020,Broome,36,1642,1175,115866,36007,33
962,09/29/2020,Broome,31,1673,928,116794,36007,41
963,09/30/2020,Broome,56,1729,1188,117982,36007,48
964,10/01/2020,Broome,57,1786,1472,119454,36007,74
965,10/02/2020,Broome,110,1896,2145,121599,36007,72
966,10/03/2020,Broome,51,1947,1591,123190,36007,62
967,10/04/2020,Broome,27,1974,865,124055,36007,43
968,10/05/2020,Broome,52,2026,892,124947,36007,61
969,10/06/2020,Broome,105,2131,1723,126670,36007,88
970,10/07/2020,Broome,108,2239,2144,128814,36007,96
971,10/08/2020,Broome,75,2314,2332,131146,36007,89
972,10/09/2020,Broome,86,2400,1885,133031,36007,67
973,10/10/2020,Broome,42,2442,1235,134266,36007,57
974,10/11/2020,Broome,43,2485,1371,135637,36007,46
975,10/12/2020,Broome,53,2538,1434,137071,36007,55
976,10/13/2020,Broome,69,2607,1318,138389,36007,72
977,10/14/2020,Broome,96,2703,3366,141755,36007,82
978,10/15/2020,Broome,81,2784,2717,144472,36007,79
979,10/16/2020,Broome,60,2844,2030,146502,36007,64
980,10/17/2020,Broome,52,2896,1241,147743,36007,47
981,10/18/2020,Broome,31,2927,1088,148831,36007,53
982,10/19/2020,Broome,76,3003,1756,150587,36007,54
983,10/20/2020,Broome,57,3060,1439,152026,36007,79
984,10/21/2020,Broome,106,3166,2307,154333,36007,86
985,10/22/2020,Broome,96,3262,2746,157079,36007,90
986,10/23/2020,Broome,68,3330,2217,159296,36007,67
987,10/24/2020,Broome,38,3368,1375,160671,36007,51
988,10/25/2020,Broome,47,3415,1246,161917,36007,62
989,10/26/2020,Broome,101,3516,2013,163930,36007,66
990,10/27/2020,Broome,50,3566,1639,165569,36007,68
991,10/28/2020,Broome,54,3620,1908,167477,36007,48
992,10/29/2020,Broome,42,3662,2192,169669,36007,48
993,10/30/2020,Broome,48,3710,2050,171719,36007,39
994,10/31/2020,Broome,28,3738,1267,172986,36007,32
995,11/01/2020,Broome,21,3759,850,173836,36007,26
996,11/02/2020,Broome,30,3789,1500,175336,36007,32
997,11/03/2020,Broome,46,3835,1166,176502,36007,41
998,11/04/2020,Broome,49,3884,1707,178209,36007,46
999,11/05/2020,Broome,43,3927,2293,180502,36007,30
1000,03/01/2020,Cattaraugus,0,0,0,0,36009,0
1001,03/02/2020,Cattaraugus,0,0,0,0,36009,0
1002,03/03/2020,Cattaraugus,0,0,0,0,36009,0
1003,03/04/2020,Cattaraugus,0,0,0,0,36009,0
1004,03/05/2020,Cattaraugus,0,0,0,0,36009,0
1005,03/06/2020,Cattaraugus,0,0,0,0,36009,0
1006,03/07/2020,Cattaraugus,0,0,0,0,36009,0
1007,03/08/2020,Cattaraugus,0,0,0,0,36009,0
1008,03/09/2020,Cattaraugus,0,0,0,0,36009,0
1009,03/10/2020,Cattaraugus,0,0,0,0,36009,0
1010,03/11/2020,Cattaraugus,0,0,0,0,36009,0
1011,03/12/2020,Cattaraugus,0,0,2,2,36009,0
1012,03/13/2020,Cattaraugus,0,0,2,4,36009,0
1013,03/14/2020,Cattaraugus,0,0,1,5,36009,0
1014,03/15/2020,Cattaraugus,0,0,2,7,36009,0
1015,03/16/2020,Cattaraugus,0,0,0,7,36009,0
1016,03/17/2020,Cattaraugus,0,0,0,7,36009,0
1017,03/18/2020,Cattaraugus,0,0,5,12,36009,0
1018,03/19/2020,Cattaraugus,0,0,2,14,36009,0
1019,03/20/2020,Cattaraugus,0,0,10,24,36009,0
1020,03/21/2020,Cattaraugus,0,0,23,47,36009,0
1021,03/22/2020,Cattaraugus,0,0,14,61,36009,0
1022,03/23/2020,Cattaraugus,0,0,12,73,36009,0
1023,03/24/2020,Cattaraugus,0,0,3,76,36009,0
1024,03/25/2020,Cattaraugus,0,0,12,88,36009,0
1025,03/26/2020,Cattaraugus,0,0,13,101,36009,0
1026,03/27/2020,Cattaraugus,1,1,25,126,36009,1
1027,03/28/2020,Cattaraugus,3,4,13,139,36009,2
1028,03/29/2020,Cattaraugus,2,6,7,146,36009,1
1029,03/30/2020,Cattaraugus,0,6,5,151,36009,1
1030,03/31/2020,Cattaraugus,1,7,12,163,36009,0
1031,04/01/2020,Cattaraugus,1,8,28,191,36009,1
1032,04/02/2020,Cattaraugus,1,9,24,215,36009,0
1033,04/03/2020,Cattaraugus,0,9,8,223,36009,0
1034,04/04/2020,Cattaraugus,1,10,12,235,36009,1
1035,04/05/2020,Cattaraugus,2,12,16,251,36009,1
1036,04/06/2020,Cattaraugus,1,13,14,265,36009,1
1037,04/07/2020,Cattaraugus,2,15,19,284,36009,1
1038,04/08/2020,Cattaraugus,2,17,15,299,36009,1
1039,04/09/2020,Cattaraugus,1,18,26,325,36009,1
1040,04/10/2020,Cattaraugus,1,19,7,332,36009,3
1041,04/11/2020,Cattaraugus,9,28,32,364,36009,3
1042,04/12/2020,Cattaraugus,0,28,6,370,36009,4
1043,04/13/2020,Cattaraugus,4,32,13,383,36009,1
1044,04/14/2020,Cattaraugus,0,32,11,394,36009,1
1045,04/15/2020,Cattaraugus,0,32,14,408,36009,0
1046,04/16/2020,Cattaraugus,2,34,31,439,36009,0
1047,04/17/2020,Cattaraugus,0,34,15,454,36009,0
1048,04/18/2020,Cattaraugus,0,34,17,471,36009,0
1049,04/19/2020,Cattaraugus,0,34,1,472,36009,0
1050,04/20/2020,Cattaraugus,1,35,8,480,36009,1
1051,04/21/2020,Cattaraugus,2,37,34,514,36009,1
1052,04/22/2020,Cattaraugus,0,37,40,554,36009,1
1053,04/23/2020,Cattaraugus,2,39,32,586,36009,2
1054,04/24/2020,Cattaraugus,6,45,102,688,36009,2
1055,04/25/2020,Cattaraugus,0,45,24,712,36009,2
1056,04/26/2020,Cattaraugus,0,45,21,733,36009,0
1057,04/27/2020,Cattaraugus,0,45,15,748,36009,0
1058,04/28/2020,Cattaraugus,2,47,76,824,36009,0
1059,04/29/2020,Cattaraugus,0,47,85,909,36009,1
1060,04/30/2020,Cattaraugus,2,49,78,987,36009,1
1061,05/01/2020,Cattaraugus,1,50,80,1067,36009,2
1062,05/02/2020,Cattaraugus,3,53,54,1121,36009,1
1063,05/03/2020,Cattaraugus,0,53,7,1128,36009,1
1064,05/04/2020,Cattaraugus,0,53,14,1142,36009,0
1065,05/05/2020,Cattaraugus,1,54,47,1189,36009,2
1066,05/06/2020,Cattaraugus,5,59,65,1254,36009,2
1067,05/07/2020,Cattaraugus,0,59,36,1290,36009,2
1068,05/08/2020,Cattaraugus,1,60,54,1344,36009,0
1069,05/09/2020,Cattaraugus,0,60,21,1365,36009,0
1070,05/10/2020,Cattaraugus,1,61,103,1468,36009,0
1071,05/11/2020,Cattaraugus,0,61,29,1497,36009,0
1072,05/12/2020,Cattaraugus,0,61,77,1574,36009,1
1073,05/13/2020,Cattaraugus,3,64,134,1708,36009,1
1074,05/14/2020,Cattaraugus,0,64,173,1881,36009,1
1075,05/15/2020,Cattaraugus,1,65,186,2067,36009,0
1076,05/16/2020,Cattaraugus,0,65,142,2209,36009,1
1077,05/17/2020,Cattaraugus,2,67,207,2416,36009,1
1078,05/18/2020,Cattaraugus,2,69,24,2440,36009,1
1079,05/19/2020,Cattaraugus,1,70,152,2592,36009,1
1080,05/20/2020,Cattaraugus,1,71,186,2778,36009,1
1081,05/21/2020,Cattaraugus,3,74,125,2903,36009,2
1082,05/22/2020,Cattaraugus,4,78,176,3079,36009,2
1083,05/23/2020,Cattaraugus,0,78,172,3251,36009,2
1084,05/24/2020,Cattaraugus,3,81,311,3562,36009,1
1085,05/25/2020,Cattaraugus,0,81,136,3698,36009,1
1086,05/26/2020,Cattaraugus,1,82,162,3860,36009,1
1087,05/27/2020,Cattaraugus,3,85,286,4146,36009,1
1088,05/28/2020,Cattaraugus,1,86,147,4293,36009,1
1089,05/29/2020,Cattaraugus,1,87,189,4482,36009,1
1090,05/30/2020,Cattaraugus,1,88,183,4665,36009,1
1091,05/31/2020,Cattaraugus,1,89,215,4880,36009,0
1092,06/01/2020,Cattaraugus,0,89,333,5213,36009,0
1093,06/02/2020,Cattaraugus,1,90,375,5588,36009,0
1094,06/03/2020,Cattaraugus,1,91,290,5878,36009,1
1095,06/04/2020,Cattaraugus,1,92,304,6182,36009,0
1096,06/05/2020,Cattaraugus,0,92,416,6598,36009,1
1097,06/06/2020,Cattaraugus,2,94,193,6791,36009,1
1098,06/07/2020,Cattaraugus,1,95,245,7036,36009,1
1099,06/08/2020,Cattaraugus,0,95,183,7219,36009,0
1100,06/09/2020,Cattaraugus,1,96,205,7424,36009,1
1101,06/10/2020,Cattaraugus,2,98,258,7682,36009,2
1102,06/11/2020,Cattaraugus,3,101,282,7964,36009,1
1103,06/12/2020,Cattaraugus,0,101,341,8305,36009,2
1104,06/13/2020,Cattaraugus,3,104,272,8577,36009,1
1105,06/14/2020,Cattaraugus,2,106,155,8732,36009,2
1106,06/15/2020,Cattaraugus,1,107,393,9125,36009,1
1107,06/16/2020,Cattaraugus,2,109,202,9327,36009,1
1108,06/17/2020,Cattaraugus,0,109,219,9546,36009,0
1109,06/18/2020,Cattaraugus,0,109,335,9881,36009,1
1110,06/19/2020,Cattaraugus,4,113,325,10206,36009,2
1111,06/20/2020,Cattaraugus,2,115,377,10583,36009,2
1112,06/21/2020,Cattaraugus,0,115,252,10835,36009,1
1113,06/22/2020,Cattaraugus,3,118,220,11055,36009,1
1114,06/23/2020,Cattaraugus,2,120,210,11265,36009,2
1115,06/24/2020,Cattaraugus,1,121,316,11581,36009,1
1116,06/25/2020,Cattaraugus,2,123,149,11730,36009,1
1117,06/26/2020,Cattaraugus,0,123,389,12119,36009,0
1118,06/27/2020,Cattaraugus,0,123,107,12226,36009,0
1119,06/28/2020,Cattaraugus,0,123,191,12417,36009,0
1120,06/29/2020,Cattaraugus,0,123,120,12537,36009,0
1121,06/30/2020,Cattaraugus,0,123,163,12700,36009,0
1122,07/01/2020,Cattaraugus,1,124,173,12873,36009,0
1123,07/02/2020,Cattaraugus,0,124,313,13186,36009,1
1124,07/03/2020,Cattaraugus,3,127,460,13646,36009,1
1125,07/04/2020,Cattaraugus,0,127,202,13848,36009,1
1126,07/05/2020,Cattaraugus,1,128,249,14097,36009,0
1127,07/06/2020,Cattaraugus,0,128,129,14226,36009,1
1128,07/07/2020,Cattaraugus,2,130,119,14345,36009,1
1129,07/08/2020,Cattaraugus,1,131,210,14555,36009,2
1130,07/09/2020,Cattaraugus,3,134,421,14976,36009,2
1131,07/10/2020,Cattaraugus,4,138,345,15321,36009,2
1132,07/11/2020,Cattaraugus,0,138,122,15443,36009,1
1133,07/12/2020,Cattaraugus,0,138,105,15548,36009,0
1134,07/13/2020,Cattaraugus,1,139,288,15836,36009,1
1135,07/14/2020,Cattaraugus,2,141,178,16014,36009,1
1136,07/15/2020,Cattaraugus,1,142,294,16308,36009,2
1137,07/16/2020,Cattaraugus,3,145,381,16689,36009,1
1138,07/17/2020,Cattaraugus,0,145,207,16896,36009,1
1139,07/18/2020,Cattaraugus,0,145,103,16999,36009,0
1140,07/19/2020,Cattaraugus,0,145,56,17055,36009,0
1141,07/20/2020,Cattaraugus,2,147,359,17414,36009,0
1142,07/21/2020,Cattaraugus,0,147,253,17667,36009,1
1143,07/22/2020,Cattaraugus,1,148,146,17813,36009,1
1144,07/23/2020,Cattaraugus,2,150,180,17993,36009,1
1145,07/24/2020,Cattaraugus,0,150,340,18333,36009,1
1146,07/25/2020,Cattaraugus,1,151,104,18437,36009,1
1147,07/26/2020,Cattaraugus,2,153,229,18666,36009,1
1148,07/27/2020,Cattaraugus,0,153,182,18848,36009,2
1149,07/28/2020,Cattaraugus,4,157,176,19024,36009,1
1150,07/29/2020,Cattaraugus,0,157,239,19263,36009,1
1151,07/30/2020,Cattaraugus,1,158,254,19517,36009,0
1152,07/31/2020,Cattaraugus,0,158,217,19734,36009,0
1153,08/01/2020,Cattaraugus,1,159,229,19963,36009,1
1154,08/02/2020,Cattaraugus,3,162,146,20109,36009,2
1155,08/03/2020,Cattaraugus,2,164,190,20299,36009,1
1156,08/04/2020,Cattaraugus,0,164,379,20678,36009,0
1157,08/05/2020,Cattaraugus,0,164,325,21003,36009,0
1158,08/06/2020,Cattaraugus,0,164,277,21280,36009,0
1159,08/07/2020,Cattaraugus,1,165,217,21497,36009,0
1160,08/08/2020,Cattaraugus,0,165,165,21662,36009,0
1161,08/09/2020,Cattaraugus,1,166,174,21836,36009,1
1162,08/10/2020,Cattaraugus,2,168,282,22118,36009,1
1163,08/11/2020,Cattaraugus,0,168,192,22310,36009,1
1164,08/12/2020,Cattaraugus,1,169,238,22548,36009,0
1165,08/13/2020,Cattaraugus,0,169,281,22829,36009,0
1166,08/14/2020,Cattaraugus,1,170,283,23112,36009,0
1167,08/15/2020,Cattaraugus,1,171,397,23509,36009,0
1168,08/16/2020,Cattaraugus,0,171,113,23622,36009,0
1169,08/17/2020,Cattaraugus,1,172,276,23898,36009,0
1170,08/18/2020,Cattaraugus,1,173,356,24254,36009,1
1171,08/19/2020,Cattaraugus,1,174,354,24608,36009,0
1172,08/20/2020,Cattaraugus,0,174,375,24983,36009,1
1173,08/21/2020,Cattaraugus,4,178,145,25128,36009,2
1174,08/22/2020,Cattaraugus,2,180,299,25427,36009,2
1175,08/23/2020,Cattaraugus,2,182,150,25577,36009,2
1176,08/24/2020,Cattaraugus,2,184,264,25841,36009,1
1177,08/25/2020,Cattaraugus,1,185,176,26017,36009,2
1178,08/26/2020,Cattaraugus,3,188,314,26331,36009,4
1179,08/27/2020,Cattaraugus,9,197,291,26622,36009,4
1180,08/28/2020,Cattaraugus,0,197,231,26853,36009,4
1181,08/29/2020,Cattaraugus,4,201,334,27187,36009,2
1182,08/30/2020,Cattaraugus,4,205,283,27470,36009,3
1183,08/31/2020,Cattaraugus,1,206,320,27790,36009,5
1184,09/01/2020,Cattaraugus,10,216,242,28032,36009,5
1185,09/02/2020,Cattaraugus,6,222,276,28308,36009,5
1186,09/03/2020,Cattaraugus,1,223,320,28628,36009,3
1187,09/04/2020,Cattaraugus,4,227,459,29087,36009,2
1188,09/05/2020,Cattaraugus,2,229,214,29301,36009,2
1189,09/06/2020,Cattaraugus,1,230,133,29434,36009,2
1190,09/07/2020,Cattaraugus,3,233,372,29806,36009,1
1191,09/08/2020,Cattaraugus,1,234,162,29968,36009,2
1192,09/09/2020,Cattaraugus,2,236,200,30168,36009,2
1193,09/10/2020,Cattaraugus,3,239,248,30416,36009,1
1194,09/11/2020,Cattaraugus,0,239,486,30902,36009,1
1195,09/12/2020,Cattaraugus,2,241,258,31160,36009,1
1196,09/13/2020,Cattaraugus,1,242,230,31390,36009,1
1197,09/14/2020,Cattaraugus,0,242,244,31634,36009,1
1198,09/15/2020,Cattaraugus,3,245,137,31771,36009,2
1199,09/16/2020,Cattaraugus,3,248,255,32026,36009,2
1200,09/17/2020,Cattaraugus,1,249,247,32273,36009,2
1201,09/18/2020,Cattaraugus,4,253,290,32563,36009,2
1202,09/19/2020,Cattaraugus,1,254,335,32898,36009,2
1203,09/20/2020,Cattaraugus,1,255,160,33058,36009,0
1204,09/21/2020,Cattaraugus,0,255,226,33284,36009,1
1205,09/22/2020,Cattaraugus,3,258,196,33480,36009,1
1206,09/23/2020,Cattaraugus,0,258,298,33778,36009,1
1207,09/24/2020,Cattaraugus,0,258,404,34182,36009,0
1208,09/25/2020,Cattaraugus,1,259,392,34574,36009,0
1209,09/26/2020,Cattaraugus,1,260,300,34874,36009,0
1210,09/27/2020,Cattaraugus,0,260,120,34994,36009,4
1211,09/28/2020,Cattaraugus,11,271,295,35289,36009,5
1212,09/29/2020,Cattaraugus,5,276,141,35430,36009,6
1213,09/30/2020,Cattaraugus,3,279,298,35728,36009,6
1214,10/01/2020,Cattaraugus,11,290,233,35961,36009,8
1215,10/02/2020,Cattaraugus,12,302,657,36618,36009,8
1216,10/03/2020,Cattaraugus,1,303,419,37037,36009,5
1217,10/04/2020,Cattaraugus,4,307,188,37225,36009,3
1218,10/05/2020,Cattaraugus,4,311,321,37546,36009,4
1219,10/06/2020,Cattaraugus,5,316,238,37784,36009,6
1220,10/07/2020,Cattaraugus,11,327,413,38197,36009,10
1221,10/08/2020,Cattaraugus,16,343,330,38527,36009,13
1222,10/09/2020,Cattaraugus,12,355,396,38923,36009,10
1223,10/10/2020,Cattaraugus,3,358,265,39188,36009,6
1224,10/11/2020,Cattaraugus,4,362,331,39519,36009,3
1225,10/12/2020,Cattaraugus,2,364,263,39782,36009,3
1226,10/13/2020,Cattaraugus,3,367,300,40082,36009,7
1227,10/14/2020,Cattaraugus,16,383,427,40509,36009,9
1228,10/15/2020,Cattaraugus,10,393,456,40965,36009,10
1229,10/16/2020,Cattaraugus,6,399,445,41410,36009,6
1230,10/17/2020,Cattaraugus,4,403,284,41694,36009,4
1231,10/18/2020,Cattaraugus,3,406,390,42084,36009,6
1232,10/19/2020,Cattaraugus,11,417,333,42417,36009,10
1233,10/20/2020,Cattaraugus,17,434,410,42827,36009,12
1234,10/21/2020,Cattaraugus,8,442,473,43300,36009,10
1235,10/22/2020,Cattaraugus,5,447,709,44009,36009,7
1236,10/23/2020,Cattaraugus,8,455,417,44426,36009,6
1237,10/24/2020,Cattaraugus,6,461,491,44917,36009,5
1238,10/25/2020,Cattaraugus,1,462,328,45245,36009,5
1239,10/26/2020,Cattaraugus,8,470,229,45474,36009,13
1240,10/27/2020,Cattaraugus,32,502,340,45814,36009,18
1241,10/28/2020,Cattaraugus,15,517,491,46305,36009,19
1242,10/29/2020,Cattaraugus,10,527,470,46775,36009,11
1243,10/30/2020,Cattaraugus,9,536,385,47160,36009,10
1244,10/31/2020,Cattaraugus,13,549,464,47624,36009,7
1245,11/01/2020,Cattaraugus,1,550,181,47805,36009,8
1246,11/02/2020,Cattaraugus,12,562,445,48250,36009,6
1247,11/03/2020,Cattaraugus,6,568,422,48672,36009,10
1248,11/04/2020,Cattaraugus,14,582,595,49267,36009,9
1249,11/05/2020,Cattaraugus,9,591,509,49776,36009,7
1250,03/01/2020,Cayuga,0,0,0,0,36011,0
1251,03/02/2020,Cayuga,0,0,0,0,36011,0
1252,03/03/2020,Cayuga,0,0,0,0,36011,0
1253,03/04/2020,Cayuga,0,0,0,0,36011,0
1254,03/05/2020,Cayuga,0,0,0,0,36011,0
1255,03/06/2020,Cayuga,0,0,0,0,36011,0
1256,03/07/2020,Cayuga,0,0,0,0,36011,0
1257,03/08/2020,Cayuga,0,0,0,0,36011,0
1258,03/09/2020,Cayuga,0,0,0,0,36011,0
1259,03/10/2020,Cayuga,0,0,0,0,36011,0
1260,03/11/2020,Cayuga,0,0,0,0,36011,0
1261,03/12/2020,Cayuga,0,0,0,0,36011,0
1262,03/13/2020,Cayuga,0,0,0,0,36011,0
1263,03/14/2020,Cayuga,0,0,3,3,36011,0
1264,03/15/2020,Cayuga,0,0,1,4,36011,0
1265,03/16/2020,Cayuga,0,0,2,6,36011,0
1266,03/17/2020,Cayuga,0,0,2,8,36011,0
1267,03/18/2020,Cayuga,0,0,2,10,36011,0
1268,03/19/2020,Cayuga,0,0,3,13,36011,0
1269,03/20/2020,Cayuga,0,0,8,21,36011,0
1270,03/21/2020,Cayuga,0,0,25,46,36011,0
1271,03/22/2020,Cayuga,2,2,33,79,36011,0
1272,03/23/2020,Cayuga,0,2,10,89,36011,0
1273,03/24/2020,Cayuga,0,2,5,94,36011,0
1274,03/25/2020,Cayuga,0,2,13,107,36011,0
1275,03/26/2020,Cayuga,0,2,25,132,36011,0
1276,03/27/2020,Cayuga,0,2,26,158,36011,0
1277,03/28/2020,Cayuga,0,2,32,190,36011,0
1278,03/29/2020,Cayuga,1,3,37,227,36011,0
1279,03/30/2020,Cayuga,0,3,10,237,36011,0
1280,03/31/2020,Cayuga,0,3,9,246,36011,0
1281,04/01/2020,Cayuga,1,4,25,271,36011,1
1282,04/02/2020,Cayuga,2,6,36,307,36011,1
1283,04/03/2020,Cayuga,1,7,15,322,36011,1
1284,04/04/2020,Cayuga,1,8,32,354,36011,1
1285,04/05/2020,Cayuga,3,11,31,385,36011,2
1286,04/06/2020,Cayuga,3,14,33,418,36011,2
1287,04/07/2020,Cayuga,0,14,11,429,36011,1
1288,04/08/2020,Cayuga,2,16,37,466,36011,4
1289,04/09/2020,Cayuga,11,27,31,497,36011,4
1290,04/10/2020,Cayuga,1,28,5,502,36011,4
1291,04/11/2020,Cayuga,1,29,8,510,36011,1
1292,04/12/2020,Cayuga,1,30,5,515,36011,1
1293,04/13/2020,Cayuga,3,33,52,567,36011,2
1294,04/14/2020,Cayuga,3,36,10,577,36011,2
1295,04/15/2020,Cayuga,0,36,10,587,36011,1
1296,04/16/2020,Cayuga,0,36,1,588,36011,0
1297,04/17/2020,Cayuga,0,36,9,597,36011,0
1298,04/18/2020,Cayuga,0,36,9,606,36011,0
1299,04/19/2020,Cayuga,0,36,12,618,36011,0
1300,04/20/2020,Cayuga,0,36,1,619,36011,0
1301,04/21/2020,Cayuga,0,36,3,622,36011,0
1302,04/22/2020,Cayuga,1,37,12,634,36011,1
1303,04/23/2020,Cayuga,2,39,14,648,36011,3
1304,04/24/2020,Cayuga,8,47,191,839,36011,3
1305,04/25/2020,Cayuga,0,47,19,858,36011,3
1306,04/26/2020,Cayuga,1,48,20,878,36011,0
1307,04/27/2020,Cayuga,0,48,20,898,36011,0
1308,04/28/2020,Cayuga,0,48,34,932,36011,0
1309,04/29/2020,Cayuga,0,48,25,957,36011,1
1310,04/30/2020,Cayuga,3,51,28,985,36011,1
1311,05/01/2020,Cayuga,0,51,17,1002,36011,1
1312,05/02/2020,Cayuga,0,51,14,1016,36011,0
1313,05/03/2020,Cayuga,0,51,10,1026,36011,0
1314,05/04/2020,Cayuga,0,51,22,1048,36011,0
1315,05/05/2020,Cayuga,0,51,19,1067,36011,0
1316,05/06/2020,Cayuga,1,52,25,1092,36011,0
1317,05/07/2020,Cayuga,0,52,20,1112,36011,0
1318,05/08/2020,Cayuga,1,53,61,1173,36011,2
1319,05/09/2020,Cayuga,5,58,23,1196,36011,2
1320,05/10/2020,Cayuga,2,60,48,1244,36011,2
1321,05/11/2020,Cayuga,0,60,23,1267,36011,0
1322,05/12/2020,Cayuga,0,60,45,1312,36011,0
1323,05/13/2020,Cayuga,0,60,104,1416,36011,0
1324,05/14/2020,Cayuga,1,61,261,1677,36011,1
1325,05/15/2020,Cayuga,2,63,111,1788,36011,1
1326,05/16/2020,Cayuga,0,63,79,1867,36011,1
1327,05/17/2020,Cayuga,2,65,189,2056,36011,1
1328,05/18/2020,Cayuga,3,68,68,2124,36011,1
1329,05/19/2020,Cayuga,0,68,106,2230,36011,2
1330,05/20/2020,Cayuga,4,72,105,2335,36011,1
1331,05/21/2020,Cayuga,1,73,245,2580,36011,2
1332,05/22/2020,Cayuga,3,76,356,2936,36011,1
1333,05/23/2020,Cayuga,1,77,143,3079,36011,1
1334,05/24/2020,Cayuga,0,77,176,3255,36011,0
1335,05/25/2020,Cayuga,1,78,76,3331,36011,1
1336,05/26/2020,Cayuga,2,80,117,3448,36011,2
1337,05/27/2020,Cayuga,4,84,101,3549,36011,3
1338,05/28/2020,Cayuga,5,89,383,3932,36011,3
1339,05/29/2020,Cayuga,1,90,374,4306,36011,2
1340,05/30/2020,Cayuga,1,91,249,4555,36011,1
1341,05/31/2020,Cayuga,1,92,289,4844,36011,1
1342,06/01/2020,Cayuga,1,93,250,5094,36011,1
1343,06/02/2020,Cayuga,3,96,288,5382,36011,1
1344,06/03/2020,Cayuga,0,96,375,5757,36011,1
1345,06/04/2020,Cayuga,2,98,375,6132,36011,1
1346,06/05/2020,Cayuga,2,100,299,6431,36011,1
1347,06/06/2020,Cayuga,1,101,233,6664,36011,1
1348,06/07/2020,Cayuga,0,101,465,7129,36011,0
1349,06/08/2020,Cayuga,1,102,231,7360,36011,0
1350,06/09/2020,Cayuga,0,102,231,7591,36011,0
1351,06/10/2020,Cayuga,0,102,152,7743,36011,0
1352,06/11/2020,Cayuga,1,103,337,8080,36011,0
1353,06/12/2020,Cayuga,0,103,170,8250,36011,1
1354,06/13/2020,Cayuga,3,106,432,8682,36011,1
1355,06/14/2020,Cayuga,0,106,106,8788,36011,1
1356,06/15/2020,Cayuga,0,106,169,8957,36011,0
1357,06/16/2020,Cayuga,0,106,142,9099,36011,0
1358,06/17/2020,Cayuga,0,106,98,9197,36011,0
1359,06/18/2020,Cayuga,1,107,476,9673,36011,0
1360,06/19/2020,Cayuga,1,108,225,9898,36011,0
1361,06/20/2020,Cayuga,0,108,420,10318,36011,0
1362,06/21/2020,Cayuga,0,108,101,10419,36011,0
1363,06/22/2020,Cayuga,0,108,193,10612,36011,0
1364,06/23/2020,Cayuga,1,109,144,10756,36011,0
1365,06/24/2020,Cayuga,0,109,116,10872,36011,0
1366,06/25/2020,Cayuga,0,109,200,11072,36011,0
1367,06/26/2020,Cayuga,2,111,285,11357,36011,1
1368,06/27/2020,Cayuga,2,113,338,11695,36011,1
1369,06/28/2020,Cayuga,1,114,277,11972,36011,1
1370,06/29/2020,Cayuga,1,115,184,12156,36011,2
1371,06/30/2020,Cayuga,4,119,121,12277,36011,1
1372,07/01/2020,Cayuga,0,119,126,12403,36011,1
1373,07/02/2020,Cayuga,1,120,194,12597,36011,0
1374,07/03/2020,Cayuga,0,120,308,12905,36011,0
1375,07/04/2020,Cayuga,0,120,97,13002,36011,0
1376,07/05/2020,Cayuga,2,122,75,13077,36011,0
1377,07/06/2020,Cayuga,0,122,188,13265,36011,0
1378,07/07/2020,Cayuga,0,122,262,13527,36011,0
1379,07/08/2020,Cayuga,2,124,240,13767,36011,0
1380,07/09/2020,Cayuga,0,124,291,14058,36011,1
1381,07/10/2020,Cayuga,2,126,236,14294,36011,0
1382,07/11/2020,Cayuga,0,126,308,14602,36011,0
1383,07/12/2020,Cayuga,0,126,154,14756,36011,0
1384,07/13/2020,Cayuga,1,127,362,15118,36011,0
1385,07/14/2020,Cayuga,1,128,190,15308,36011,0
1386,07/15/2020,Cayuga,0,128,221,15529,36011,0
1387,07/16/2020,Cayuga,1,129,574,16103,36011,0
1388,07/17/2020,Cayuga,0,129,253,16356,36011,0
1389,07/18/2020,Cayuga,0,129,92,16448,36011,0
1390,07/19/2020,Cayuga,2,131,172,16620,36011,0
1391,07/20/2020,Cayuga,0,131,325,16945,36011,1
1392,07/21/2020,Cayuga,3,134,346,17291,36011,1
1393,07/22/2020,Cayuga,1,135,376,17667,36011,2
1394,07/23/2020,Cayuga,2,137,423,18090,36011,1
1395,07/24/2020,Cayuga,2,139,260,18350,36011,1
1396,07/25/2020,Cayuga,0,139,438,18788,36011,1
1397,07/26/2020,Cayuga,1,140,238,19026,36011,0
1398,07/27/2020,Cayuga,0,140,168,19194,36011,0
1399,07/28/2020,Cayuga,1,141,236,19430,36011,0
1400,07/29/2020,Cayuga,0,141,205,19635,36011,1
1401,07/30/2020,Cayuga,2,143,152,19787,36011,1
1402,07/31/2020,Cayuga,1,144,236,20023,36011,2
1403,08/01/2020,Cayuga,4,148,115,20138,36011,1
1404,08/02/2020,Cayuga,0,148,85,20223,36011,2
1405,08/03/2020,Cayuga,2,150,541,20764,36011,0
1406,08/04/2020,Cayuga,0,150,257,21021,36011,1
1407,08/05/2020,Cayuga,1,151,262,21283,36011,0
1408,08/06/2020,Cayuga,0,151,233,21516,36011,0
1409,08/07/2020,Cayuga,0,151,155,21671,36011,0
1410,08/08/2020,Cayuga,1,152,109,21780,36011,0
1411,08/09/2020,Cayuga,0,152,60,21840,36011,2
1412,08/10/2020,Cayuga,5,157,628,22468,36011,3
1413,08/11/2020,Cayuga,4,161,304,22772,36011,3
1414,08/12/2020,Cayuga,1,162,193,22965,36011,2
1415,08/13/2020,Cayuga,1,163,175,23140,36011,0
1416,08/14/2020,Cayuga,0,163,224,23364,36011,0
1417,08/15/2020,Cayuga,1,164,131,23495,36011,0
1418,08/16/2020,Cayuga,0,164,374,23869,36011,0
1419,08/17/2020,Cayuga,0,164,221,24090,36011,0
1420,08/18/2020,Cayuga,0,164,224,24314,36011,0
1421,08/19/2020,Cayuga,0,164,291,24605,36011,0
1422,08/20/2020,Cayuga,0,164,427,25032,36011,0
1423,08/21/2020,Cayuga,2,166,280,25312,36011,1
1424,08/22/2020,Cayuga,1,167,168,25480,36011,1
1425,08/23/2020,Cayuga,0,167,67,25547,36011,2
1426,08/24/2020,Cayuga,7,174,532,26079,36011,2
1427,08/25/2020,Cayuga,1,175,212,26291,36011,3
1428,08/26/2020,Cayuga,1,176,229,26520,36011,1
1429,08/27/2020,Cayuga,1,177,233,26753,36011,0
1430,08/28/2020,Cayuga,0,177,675,27428,36011,0
1431,08/29/2020,Cayuga,0,177,374,27802,36011,0
1432,08/30/2020,Cayuga,1,178,74,27876,36011,1
1433,08/31/2020,Cayuga,2,180,245,28121,36011,1
1434,09/01/2020,Cayuga,0,180,204,28325,36011,1
1435,09/02/2020,Cayuga,1,181,351,28676,36011,0
1436,09/03/2020,Cayuga,0,181,253,28929,36011,0
1437,09/04/2020,Cayuga,1,182,539,29468,36011,0
1438,09/05/2020,Cayuga,1,183,179,29647,36011,0
1439,09/06/2020,Cayuga,0,183,89,29736,36011,0
1440,09/07/2020,Cayuga,1,184,155,29891,36011,0
1441,09/08/2020,Cayuga,1,185,114,30005,36011,0
1442,09/09/2020,Cayuga,0,185,178,30183,36011,0
1443,09/10/2020,Cayuga,0,185,511,30694,36011,0
1444,09/11/2020,Cayuga,2,187,637,31331,36011,1
1445,09/12/2020,Cayuga,3,190,263,31594,36011,1
1446,09/13/2020,Cayuga,0,190,86,31680,36011,1
1447,09/14/2020,Cayuga,1,191,286,31966,36011,1
1448,09/15/2020,Cayuga,2,193,172,32138,36011,1
1449,09/16/2020,Cayuga,1,194,391,32529,36011,1
1450,09/17/2020,Cayuga,1,195,356,32885,36011,1
1451,09/18/2020,Cayuga,1,196,806,33691,36011,1
1452,09/19/2020,Cayuga,3,199,344,34035,36011,1
1453,09/20/2020,Cayuga,0,199,119,34154,36011,2
1454,09/21/2020,Cayuga,3,202,304,34458,36011,1
1455,09/22/2020,Cayuga,2,204,257,34715,36011,2
1456,09/23/2020,Cayuga,1,205,355,35070,36011,2
1457,09/24/2020,Cayuga,3,208,600,35670,36011,2
1458,09/25/2020,Cayuga,3,211,676,36346,36011,3
1459,09/26/2020,Cayuga,4,215,378,36724,36011,3
1460,09/27/2020,Cayuga,3,218,376,37100,36011,2
1461,09/28/2020,Cayuga,1,219,207,37307,36011,1
1462,09/29/2020,Cayuga,1,220,422,37729,36011,1
1463,09/30/2020,Cayuga,1,221,418,38147,36011,1
1464,10/01/2020,Cayuga,3,224,529,38676,36011,2
1465,10/02/2020,Cayuga,4,228,526,39202,36011,3
1466,10/03/2020,Cayuga,3,231,337,39539,36011,2
1467,10/04/2020,Cayuga,0,231,418,39957,36011,1
1468,10/05/2020,Cayuga,1,232,412,40369,36011,1
1469,10/06/2020,Cayuga,2,234,356,40725,36011,2
1470,10/07/2020,Cayuga,3,237,344,41069,36011,2
1471,10/08/2020,Cayuga,3,240,595,41664,36011,2
1472,10/09/2020,Cayuga,1,241,920,42584,36011,2
1473,10/10/2020,Cayuga,3,244,275,42859,36011,2
1474,10/11/2020,Cayuga,2,246,437,43296,36011,3
1475,10/12/2020,Cayuga,5,251,303,43599,36011,5
1476,10/13/2020,Cayuga,8,259,532,44131,36011,7
1477,10/14/2020,Cayuga,10,269,448,44579,36011,8
1478,10/15/2020,Cayuga,6,275,480,45059,36011,8
1479,10/16/2020,Cayuga,9,284,798,45857,36011,6
1480,10/17/2020,Cayuga,5,289,336,46193,36011,6
1481,10/18/2020,Cayuga,5,294,386,46579,36011,6
1482,10/19/2020,Cayuga,8,302,394,46973,36011,14
1483,10/20/2020,Cayuga,30,332,567,47540,36011,16
1484,10/21/2020,Cayuga,10,342,608,48148,36011,16
1485,10/22/2020,Cayuga,9,351,442,48590,36011,6
1486,10/23/2020,Cayuga,1,352,770,49360,36011,7
1487,10/24/2020,Cayuga,12,364,668,50028,36011,7
1488,10/25/2020,Cayuga,9,373,480,50508,36011,12
1489,10/26/2020,Cayuga,16,389,498,51006,36011,11
1490,10/27/2020,Cayuga,8,397,376,51382,36011,10
1491,10/28/2020,Cayuga,8,405,371,51753,36011,13
1492,10/29/2020,Cayuga,24,429,567,52320,36011,13
1493,10/30/2020,Cayuga,9,438,866,53186,36011,16
1494,10/31/2020,Cayuga,15,453,386,53572,36011,9
1495,11/01/2020,Cayuga,3,456,348,53920,36011,9
1496,11/02/2020,Cayuga,9,465,460,54380,36011,7
1497,11/03/2020,Cayuga,9,474,475,54855,36011,10
1498,11/04/2020,Cayuga,12,486,557,55412,36011,10
1499,11/05/2020,Cayuga,10,496,590,56002,36011,7
1500,03/01/2020,Chautauqua,0,0,0,0,36013,0
1501,03/02/2020,Chautauqua,0,0,0,0,36013,0
1502,03/03/2020,Chautauqua,0,0,0,0,36013,0
1503,03/04/2020,Chautauqua,0,0,0,0,36013,0
1504,03/05/2020,Chautauqua,0,0,0,0,36013,0
1505,03/06/2020,Chautauqua,0,0,0,0,36013,0
1506,03/07/2020,Chautauqua,0,0,0,0,36013,0
1507,03/08/2020,Chautauqua,0,0,0,0,36013,0
1508,03/09/2020,Chautauqua,0,0,0,0,36013,0
1509,03/10/2020,Chautauqua,0,0,0,0,36013,0
1510,03/11/2020,Chautauqua,0,0,0,0,36013,0
1511,03/12/2020,Chautauqua,0,0,1,1,36013,0
1512,03/13/2020,Chautauqua,0,0,1,2,36013,0
1513,03/14/2020,Chautauqua,0,0,0,2,36013,0
1514,03/15/2020,Chautauqua,0,0,1,3,36013,0
1515,03/16/2020,Chautauqua,0,0,0,3,36013,0
1516,03/17/2020,Chautauqua,0,0,0,3,36013,0
1517,03/18/2020,Chautauqua,0,0,3,6,36013,0
1518,03/19/2020,Chautauqua,0,0,1,7,36013,0
1519,03/20/2020,Chautauqua,0,0,2,9,36013,0
1520,03/21/2020,Chautauqua,0,0,4,13,36013,0
1521,03/22/2020,Chautauqua,0,0,12,25,36013,0
1522,03/23/2020,Chautauqua,0,0,4,29,36013,0
1523,03/24/2020,Chautauqua,1,1,3,32,36013,0
1524,03/25/2020,Chautauqua,0,1,4,36,36013,0
1525,03/26/2020,Chautauqua,0,1,20,56,36013,1
1526,03/27/2020,Chautauqua,4,5,19,75,36013,1
1527,03/28/2020,Chautauqua,0,5,20,95,36013,1
1528,03/29/2020,Chautauqua,0,5,3,98,36013,0
1529,03/30/2020,Chautauqua,1,6,9,107,36013,0
1530,03/31/2020,Chautauqua,0,6,9,116,36013,1
1531,04/01/2020,Chautauqua,2,8,8,124,36013,1
1532,04/02/2020,Chautauqua,1,9,15,139,36013,1
1533,04/03/2020,Chautauqua,1,10,20,159,36013,1
1534,04/04/2020,Chautauqua,1,11,28,187,36013,2
1535,04/05/2020,Chautauqua,4,15,50,237,36013,2
1536,04/06/2020,Chautauqua,1,16,37,274,36013,2
1537,04/07/2020,Chautauqua,1,17,6,280,36013,1
1538,04/08/2020,Chautauqua,1,18,32,312,36013,1
1539,04/09/2020,Chautauqua,2,20,54,366,36013,1
1540,04/10/2020,Chautauqua,1,21,67,433,36013,1
1541,04/11/2020,Chautauqua,1,22,39,472,36013,1
1542,04/12/2020,Chautauqua,1,23,25,497,36013,0
1543,04/13/2020,Chautauqua,0,23,8,505,36013,0
1544,04/14/2020,Chautauqua,1,24,19,524,36013,0
1545,04/15/2020,Chautauqua,0,24,29,553,36013,0
1546,04/16/2020,Chautauqua,1,25,32,585,36013,0
1547,04/17/2020,Chautauqua,0,25,22,607,36013,0
1548,04/18/2020,Chautauqua,0,25,20,627,36013,0
1549,04/19/2020,Chautauqua,0,25,9,636,36013,0
1550,04/20/2020,Chautauqua,0,25,3,639,36013,0
1551,04/21/2020,Chautauqua,1,26,26,665,36013,0
1552,04/22/2020,Chautauqua,0,26,38,703,36013,0
1553,04/23/2020,Chautauqua,1,27,74,777,36013,0
1554,04/24/2020,Chautauqua,0,27,97,874,36013,1
1555,04/25/2020,Chautauqua,2,29,56,930,36013,1
1556,04/26/2020,Chautauqua,1,30,101,1031,36013,1
1557,04/27/2020,Chautauqua,0,30,26,1057,36013,0
1558,04/28/2020,Chautauqua,1,31,64,1121,36013,1
1559,04/29/2020,Chautauqua,2,33,39,1160,36013,1
1560,04/30/2020,Chautauqua,2,35,47,1207,36013,1
1561,05/01/2020,Chautauqua,0,35,53,1260,36013,1
1562,05/02/2020,Chautauqua,1,36,18,1278,36013,0
1563,05/03/2020,Chautauqua,1,37,9,1287,36013,0
1564,05/04/2020,Chautauqua,0,37,54,1341,36013,0
1565,05/05/2020,Chautauqua,1,38,88,1429,36013,1
1566,05/06/2020,Chautauqua,2,40,80,1509,36013,1
1567,05/07/2020,Chautauqua,0,40,51,1560,36013,0
1568,05/08/2020,Chautauqua,0,40,97,1657,36013,0
1569,05/09/2020,Chautauqua,1,41,58,1715,36013,0
1570,05/10/2020,Chautauqua,0,41,27,1742,36013,0
1571,05/11/2020,Chautauqua,1,42,49,1791,36013,0
1572,05/12/2020,Chautauqua,1,43,125,1916,36013,1
1573,05/13/2020,Chautauqua,1,44,125,2041,36013,1
1574,05/14/2020,Chautauqua,1,45,139,2180,36013,1
1575,05/15/2020,Chautauqua,3,48,60,2240,36013,1
1576,05/16/2020,Chautauqua,0,48,91,2331,36013,1
1577,05/17/2020,Chautauqua,1,49,63,2394,36013,0
1578,05/18/2020,Chautauqua,0,49,98,2492,36013,0
1579,05/19/2020,Chautauqua,1,50,90,2582,36013,3
1580,05/20/2020,Chautauqua,8,58,273,2855,36013,4
1581,05/21/2020,Chautauqua,5,63,190,3045,36013,7
1582,05/22/2020,Chautauqua,9,72,217,3262,36013,5
1583,05/23/2020,Chautauqua,3,75,134,3396,36013,4
1584,05/24/2020,Chautauqua,0,75,38,3434,36013,1
1585,05/25/2020,Chautauqua,2,77,94,3528,36013,1
1586,05/26/2020,Chautauqua,1,78,145,3673,36013,2
1587,05/27/2020,Chautauqua,3,81,129,3802,36013,1
1588,05/28/2020,Chautauqua,1,82,637,4439,36013,1
1589,05/29/2020,Chautauqua,1,83,272,4711,36013,1
1590,05/30/2020,Chautauqua,1,84,637,5348,36013,1
1591,05/31/2020,Chautauqua,1,85,253,5601,36013,1
1592,06/01/2020,Chautauqua,1,86,184,5785,36013,1
1593,06/02/2020,Chautauqua,3,89,277,6062,36013,3
1594,06/03/2020,Chautauqua,6,95,604,6666,36013,3
1595,06/04/2020,Chautauqua,2,97,522,7188,36013,3
1596,06/05/2020,Chautauqua,2,99,364,7552,36013,2
1597,06/06/2020,Chautauqua,2,101,1131,8683,36013,1
1598,06/07/2020,Chautauqua,0,101,343,9026,36013,1
1599,06/08/2020,Chautauqua,2,103,250,9276,36013,1
1600,06/09/2020,Chautauqua,2,105,308,9584,36013,1
1601,06/10/2020,Chautauqua,1,106,778,10362,36013,1
1602,06/11/2020,Chautauqua,0,106,487,10849,36013,0
1603,06/12/2020,Chautauqua,0,106,370,11219,36013,0
1604,06/13/2020,Chautauqua,1,107,723,11942,36013,0
1605,06/14/2020,Chautauqua,0,107,261,12203,36013,0
1606,06/15/2020,Chautauqua,1,108,607,12810,36013,0
1607,06/16/2020,Chautauqua,0,108,439,13249,36013,1
1608,06/17/2020,Chautauqua,2,110,511,13760,36013,1
1609,06/18/2020,Chautauqua,2,112,407,14167,36013,2
1610,06/19/2020,Chautauqua,3,115,281,14448,36013,2
1611,06/20/2020,Chautauqua,1,116,511,14959,36013,1
1612,06/21/2020,Chautauqua,0,116,318,15277,36013,0
1613,06/22/2020,Chautauqua,0,116,393,15670,36013,0
1614,06/23/2020,Chautauqua,2,118,316,15986,36013,1
1615,06/24/2020,Chautauqua,3,121,332,16318,36013,2
1616,06/25/2020,Chautauqua,1,122,586,16904,36013,1
1617,06/26/2020,Chautauqua,1,123,207,17111,36013,0
1618,06/27/2020,Chautauqua,0,123,284,17395,36013,0
1619,06/28/2020,Chautauqua,0,123,372,17767,36013,1
1620,06/29/2020,Chautauqua,4,127,568,18335,36013,1
1621,06/30/2020,Chautauqua,0,127,492,18827,36013,1
1622,07/01/2020,Chautauqua,0,127,292,19119,36013,0
1623,07/02/2020,Chautauqua,2,129,227,19346,36013,1
1624,07/03/2020,Chautauqua,2,131,107,19453,36013,1
1625,07/04/2020,Chautauqua,1,132,287,19740,36013,1
1626,07/05/2020,Chautauqua,2,134,582,20322,36013,1
1627,07/06/2020,Chautauqua,1,135,428,20750,36013,5
1628,07/07/2020,Chautauqua,14,149,318,21068,36013,6
1629,07/08/2020,Chautauqua,3,152,193,21261,36013,6
1630,07/09/2020,Chautauqua,3,155,606,21867,36013,7
1631,07/10/2020,Chautauqua,15,170,352,22219,36013,6
1632,07/11/2020,Chautauqua,0,170,267,22486,36013,5
1633,07/12/2020,Chautauqua,1,171,192,22678,36013,3
1634,07/13/2020,Chautauqua,9,180,573,23251,36013,5
1635,07/14/2020,Chautauqua,6,186,479,23730,36013,6
1636,07/15/2020,Chautauqua,5,191,575,24305,36013,4
1637,07/16/2020,Chautauqua,1,192,670,24975,36013,2
1638,07/17/2020,Chautauqua,2,194,275,25250,36013,1
1639,07/18/2020,Chautauqua,0,194,295,25545,36013,0
1640,07/19/2020,Chautauqua,0,194,199,25744,36013,4
1641,07/20/2020,Chautauqua,12,206,769,26513,36013,5
1642,07/21/2020,Chautauqua,4,210,692,27205,36013,6
1643,07/22/2020,Chautauqua,2,212,385,27590,36013,2
1644,07/23/2020,Chautauqua,0,212,629,28219,36013,2
1645,07/24/2020,Chautauqua,4,216,408,28627,36013,2
1646,07/25/2020,Chautauqua,2,218,118,28745,36013,2
1647,07/26/2020,Chautauqua,0,218,57,28802,36013,1
1648,07/27/2020,Chautauqua,1,219,339,29141,36013,1
1649,07/28/2020,Chautauqua,4,223,386,29527,36013,2
1650,07/29/2020,Chautauqua,1,224,471,29998,36013,3
1651,07/30/2020,Chautauqua,4,228,422,30420,36013,2
1652,07/31/2020,Chautauqua,3,231,729,31149,36013,2
1653,08/01/2020,Chautauqua,1,232,262,31411,36013,2
1654,08/02/2020,Chautauqua,2,234,230,31641,36013,3
1655,08/03/2020,Chautauqua,7,241,295,31936,36013,3
1656,08/04/2020,Chautauqua,0,241,298,32234,36013,3
1657,08/05/2020,Chautauqua,3,244,232,32466,36013,2
1658,08/06/2020,Chautauqua,5,249,330,32796,36013,4
1659,08/07/2020,Chautauqua,4,253,530,33326,36013,3
1660,08/08/2020,Chautauqua,0,253,350,33676,36013,2
1661,08/09/2020,Chautauqua,4,257,418,34094,36013,1
1662,08/10/2020,Chautauqua,1,258,706,34800,36013,1
1663,08/11/2020,Chautauqua,0,258,949,35749,36013,1
1664,08/12/2020,Chautauqua,2,260,530,36279,36013,0
1665,08/13/2020,Chautauqua,0,260,376,36655,36013,1
1666,08/14/2020,Chautauqua,3,263,396,37051,36013,1
1667,08/15/2020,Chautauqua,0,263,194,37245,36013,1
1668,08/16/2020,Chautauqua,2,265,167,37412,36013,2
1669,08/17/2020,Chautauqua,6,271,1028,38440,36013,3
1670,08/18/2020,Chautauqua,1,272,259,38699,36013,3
1671,08/19/2020,Chautauqua,3,275,238,38937,36013,2
1672,08/20/2020,Chautauqua,3,278,497,39434,36013,5
1673,08/21/2020,Chautauqua,9,287,393,39827,36013,4
1674,08/22/2020,Chautauqua,2,289,308,40135,36013,3
1675,08/23/2020,Chautauqua,0,289,587,40722,36013,6
1676,08/24/2020,Chautauqua,16,305,415,41137,36013,7
1677,08/25/2020,Chautauqua,5,310,204,41341,36013,17
1678,08/26/2020,Chautauqua,30,340,683,42024,36013,16
1679,08/27/2020,Chautauqua,15,355,665,42689,36013,21
1680,08/28/2020,Chautauqua,18,373,492,43181,36013,14
1681,08/29/2020,Chautauqua,9,382,361,43542,36013,13
1682,08/30/2020,Chautauqua,12,394,676,44218,36013,10
1683,08/31/2020,Chautauqua,11,405,747,44965,36013,15
1684,09/01/2020,Chautauqua,23,428,653,45618,36013,19
1685,09/02/2020,Chautauqua,24,452,543,46161,36013,19
1686,09/03/2020,Chautauqua,12,464,557,46718,36013,14
1687,09/04/2020,Chautauqua,7,471,459,47177,36013,7
1688,09/05/2020,Chautauqua,4,475,522,47699,36013,4
1689,09/06/2020,Chautauqua,1,476,430,48129,36013,2
1690,09/07/2020,Chautauqua,1,477,207,48336,36013,1
1691,09/08/2020,Chautauqua,1,478,261,48597,36013,5
1692,09/09/2020,Chautauqua,14,492,530,49127,36013,6
1693,09/10/2020,Chautauqua,4,496,399,49526,36013,9
1694,09/11/2020,Chautauqua,11,507,514,50040,36013,7
1695,09/12/2020,Chautauqua,8,515,376,50416,36013,6
1696,09/13/2020,Chautauqua,1,516,140,50556,36013,5
1697,09/14/2020,Chautauqua,7,523,420,50976,36013,4
1698,09/15/2020,Chautauqua,4,527,630,51606,36013,5
1699,09/16/2020,Chautauqua,6,533,536,52142,36013,4
1700,09/17/2020,Chautauqua,2,535,463,52605,36013,3
1701,09/18/2020,Chautauqua,1,536,387,52992,36013,1
1702,09/19/2020,Chautauqua,1,537,388,53380,36013,2
1703,09/20/2020,Chautauqua,4,541,451,53831,36013,3
1704,09/21/2020,Chautauqua,6,547,607,54438,36013,4
1705,09/22/2020,Chautauqua,4,551,530,54968,36013,4
1706,09/23/2020,Chautauqua,3,554,276,55244,36013,4
1707,09/24/2020,Chautauqua,7,561,762,56006,36013,5
1708,09/25/2020,Chautauqua,7,568,502,56508,36013,6
1709,09/26/2020,Chautauqua,5,573,608,57116,36013,5
1710,09/27/2020,Chautauqua,5,578,343,57459,36013,5
1711,09/28/2020,Chautauqua,7,585,774,58233,36013,5
1712,09/29/2020,Chautauqua,5,590,486,58719,36013,8
1713,09/30/2020,Chautauqua,12,602,600,59319,36013,6
1714,10/01/2020,Chautauqua,2,604,588,59907,36013,7
1715,10/02/2020,Chautauqua,7,611,1057,60964,36013,9
1716,10/03/2020,Chautauqua,18,629,759,61723,36013,9
1717,10/04/2020,Chautauqua,3,632,390,62113,36013,8
1718,10/05/2020,Chautauqua,4,636,278,62391,36013,4
1719,10/06/2020,Chautauqua,5,641,423,62814,36013,8
1720,10/07/2020,Chautauqua,15,656,695,63509,36013,10
1721,10/08/2020,Chautauqua,12,668,620,64129,36013,13
1722,10/09/2020,Chautauqua,14,682,927,65056,36013,11
1723,10/10/2020,Chautauqua,9,691,1167,66223,36013,9
1724,10/11/2020,Chautauqua,4,695,288,66511,36013,16
1725,10/12/2020,Chautauqua,37,732,413,66924,36013,19
1726,10/13/2020,Chautauqua,16,748,406,67330,36013,21
1727,10/14/2020,Chautauqua,10,758,285,67615,36013,13
1728,10/15/2020,Chautauqua,13,771,640,68255,36013,13
1729,10/16/2020,Chautauqua,18,789,548,68803,36013,12
1730,10/17/2020,Chautauqua,7,796,368,69171,36013,9
1731,10/18/2020,Chautauqua,3,799,513,69684,36013,5
1732,10/19/2020,Chautauqua,6,805,558,70242,36013,16
1733,10/20/2020,Chautauqua,40,845,540,70782,36013,19
1734,10/21/2020,Chautauqua,13,858,932,71714,36013,21
1735,10/22/2020,Chautauqua,10,868,488,72202,36013,10
1736,10/23/2020,Chautauqua,9,877,910,73112,36013,8
1737,10/24/2020,Chautauqua,7,884,769,73881,36013,6
1738,10/25/2020,Chautauqua,3,887,433,74314,36013,9
1739,10/26/2020,Chautauqua,18,905,793,75107,36013,13
1740,10/27/2020,Chautauqua,19,924,622,75729,36013,22
1741,10/28/2020,Chautauqua,31,955,1345,77074,36013,23
1742,10/29/2020,Chautauqua,21,976,691,77765,36013,23
1743,10/30/2020,Chautauqua,18,994,671,78436,36013,20
1744,10/31/2020,Chautauqua,23,1017,950,79386,36013,15
1745,11/01/2020,Chautauqua,6,1023,706,80092,36013,15
1746,11/02/2020,Chautauqua,17,1040,639,80731,36013,11
1747,11/03/2020,Chautauqua,11,1051,528,81259,36013,19
1748,11/04/2020,Chautauqua,30,1081,1009,82268,36013,18
1749,11/05/2020,Chautauqua,13,1094,1187,83455,36013,14
1750,03/01/2020,Chemung,0,0,0,0,36015,0
1751,03/02/2020,Chemung,0,0,0,0,36015,0
1752,03/03/2020,Chemung,0,0,0,0,36015,0
1753,03/04/2020,Chemung,0,0,0,0,36015,0
1754,03/05/2020,Chemung,0,0,0,0,36015,0
1755,03/06/2020,Chemung,0,0,0,0,36015,0
1756,03/07/2020,Chemung,0,0,0,0,36015,0
1757,03/08/2020,Chemung,0,0,0,0,36015,0
1758,03/09/2020,Chemung,0,0,0,0,36015,0
1759,03/10/2020,Chemung,0,0,1,1,36015,0
1760,03/11/2020,Chemung,0,0,0,1,36015,0
1761,03/12/2020,Chemung,0,0,0,1,36015,0
1762,03/13/2020,Chemung,0,0,0,1,36015,0
1763,03/14/2020,Chemung,0,0,0,1,36015,0
1764,03/15/2020,Chemung,0,0,1,2,36015,0
1765,03/16/2020,Chemung,0,0,0,2,36015,0
1766,03/17/2020,Chemung,0,0,0,2,36015,0
1767,03/18/2020,Chemung,0,0,2,4,36015,0
1768,03/19/2020,Chemung,0,0,6,10,36015,0
1769,03/20/2020,Chemung,0,0,10,20,36015,0
1770,03/21/2020,Chemung,0,0,2,22,36015,0
1771,03/22/2020,Chemung,0,0,17,39,36015,0
1772,03/23/2020,Chemung,1,1,17,56,36015,0
1773,03/24/2020,Chemung,0,1,5,61,36015,2
1774,03/25/2020,Chemung,6,7,57,118,36015,3
1775,03/26/2020,Chemung,4,11,48,166,36015,3
1776,03/27/2020,Chemung,1,12,48,214,36015,2
1777,03/28/2020,Chemung,3,15,25,239,36015,1
1778,03/29/2020,Chemung,0,15,7,246,36015,2
1779,03/30/2020,Chemung,5,20,47,293,36015,2
1780,03/31/2020,Chemung,2,22,42,335,36015,2
1781,04/01/2020,Chemung,0,22,14,349,36015,5
1782,04/02/2020,Chemung,13,35,84,433,36015,4
1783,04/03/2020,Chemung,1,36,28,461,36015,5
1784,04/04/2020,Chemung,2,38,35,496,36015,4
1785,04/05/2020,Chemung,9,47,50,546,36015,4
1786,04/06/2020,Chemung,2,49,22,568,36015,5
1787,04/07/2020,Chemung,6,55,56,624,36015,4
1788,04/08/2020,Chemung,4,59,38,662,36015,3
1789,04/09/2020,Chemung,0,59,39,701,36015,1
1790,04/10/2020,Chemung,1,60,26,727,36015,0
1791,04/11/2020,Chemung,0,60,6,733,36015,0
1792,04/12/2020,Chemung,0,60,9,742,36015,1
1793,04/13/2020,Chemung,4,64,40,782,36015,3
1794,04/14/2020,Chemung,5,69,43,825,36015,3
1795,04/15/2020,Chemung,1,70,18,843,36015,2
1796,04/16/2020,Chemung,1,71,9,852,36015,1
1797,04/17/2020,Chemung,1,72,32,884,36015,1
1798,04/18/2020,Chemung,1,73,15,899,36015,0
1799,04/19/2020,Chemung,0,73,17,916,36015,1
1800,04/20/2020,Chemung,2,75,32,948,36015,0
1801,04/21/2020,Chemung,0,75,38,986,36015,1
1802,04/22/2020,Chemung,1,76,29,1015,36015,1
1803,04/23/2020,Chemung,3,79,39,1054,36015,9
1804,04/24/2020,Chemung,24,103,228,1282,36015,10
1805,04/25/2020,Chemung,3,106,17,1299,36015,9
1806,04/26/2020,Chemung,2,108,20,1319,36015,3
1807,04/27/2020,Chemung,5,113,64,1383,36015,4
1808,04/28/2020,Chemung,6,119,96,1479,36015,4
1809,04/29/2020,Chemung,3,122,84,1563,36015,3
1810,04/30/2020,Chemung,1,123,54,1617,36015,1
1811,05/01/2020,Chemung,1,124,36,1653,36015,1
1812,05/02/2020,Chemung,1,125,26,1679,36015,1
1813,05/03/2020,Chemung,1,126,244,1923,36015,0
1814,05/04/2020,Chemung,0,126,154,2077,36015,1
1815,05/05/2020,Chemung,2,128,143,2220,36015,1
1816,05/06/2020,Chemung,1,129,89,2309,36015,1
1817,05/07/2020,Chemung,1,130,46,2355,36015,1
1818,05/08/2020,Chemung,1,131,108,2463,36015,0
1819,05/09/2020,Chemung,0,131,125,2588,36015,0
1820,05/10/2020,Chemung,0,131,174,2762,36015,0
1821,05/11/2020,Chemung,0,131,68,2830,36015,0
1822,05/12/2020,Chemung,1,132,282,3112,36015,0
1823,05/13/2020,Chemung,0,132,312,3424,36015,0
1824,05/14/2020,Chemung,1,133,234,3658,36015,0
1825,05/15/2020,Chemung,1,134,240,3898,36015,0
1826,05/16/2020,Chemung,0,134,106,4004,36015,0
1827,05/17/2020,Chemung,0,134,68,4072,36015,0
1828,05/18/2020,Chemung,0,134,118,4190,36015,0
1829,05/19/2020,Chemung,0,134,113,4303,36015,0
1830,05/20/2020,Chemung,0,134,91,4394,36015,0
1831,05/21/2020,Chemung,1,135,141,4535,36015,0
1832,05/22/2020,Chemung,1,136,233,4768,36015,0
1833,05/23/2020,Chemung,0,136,215,4983,36015,0
1834,05/24/2020,Chemung,0,136,196,5179,36015,0
1835,05/25/2020,Chemung,0,136,96,5275,36015,0
1836,05/26/2020,Chemung,0,136,295,5570,36015,0
1837,05/27/2020,Chemung,0,136,63,5633,36015,0
1838,05/28/2020,Chemung,1,137,99,5732,36015,0
1839,05/29/2020,Chemung,0,137,451,6183,36015,0
1840,05/30/2020,Chemung,0,137,337,6520,36015,0
1841,05/31/2020,Chemung,0,137,73,6593,36015,0
1842,06/01/2020,Chemung,0,137,145,6738,36015,0
1843,06/02/2020,Chemung,0,137,247,6985,36015,0
1844,06/03/2020,Chemung,0,137,219,7204,36015,0
1845,06/04/2020,Chemung,0,137,114,7318,36015,0
1846,06/05/2020,Chemung,0,137,853,8171,36015,0
1847,06/06/2020,Chemung,0,137,263,8434,36015,0
1848,06/07/2020,Chemung,0,137,217,8651,36015,0
1849,06/08/2020,Chemung,1,138,544,9195,36015,0
1850,06/09/2020,Chemung,0,138,296,9491,36015,0
1851,06/10/2020,Chemung,0,138,437,9928,36015,0
1852,06/11/2020,Chemung,0,138,169,10097,36015,0
1853,06/12/2020,Chemung,0,138,380,10477,36015,0
1854,06/13/2020,Chemung,0,138,157,10634,36015,0
1855,06/14/2020,Chemung,0,138,106,10740,36015,0
1856,06/15/2020,Chemung,0,138,219,10959,36015,0
1857,06/16/2020,Chemung,0,138,325,11284,36015,0
1858,06/17/2020,Chemung,0,138,317,11601,36015,0
1859,06/18/2020,Chemung,1,139,372,11973,36015,0
1860,06/19/2020,Chemung,0,139,267,12240,36015,0
1861,06/20/2020,Chemung,0,139,108,12348,36015,0
1862,06/21/2020,Chemung,0,139,198,12546,36015,0
1863,06/22/2020,Chemung,0,139,237,12783,36015,0
1864,06/23/2020,Chemung,0,139,275,13058,36015,0
1865,06/24/2020,Chemung,0,139,306,13364,36015,0
1866,06/25/2020,Chemung,0,139,148,13512,36015,0
1867,06/26/2020,Chemung,0,139,340,13852,36015,0
1868,06/27/2020,Chemung,1,140,276,14128,36015,0
1869,06/28/2020,Chemung,0,140,231,14359,36015,0
1870,06/29/2020,Chemung,1,141,167,14526,36015,1
1871,06/30/2020,Chemung,3,144,278,14804,36015,1
1872,07/01/2020,Chemung,0,144,194,14998,36015,1
1873,07/02/2020,Chemung,1,145,205,15203,36015,0
1874,07/03/2020,Chemung,1,146,419,15622,36015,0
1875,07/04/2020,Chemung,0,146,257,15879,36015,0
1876,07/05/2020,Chemung,0,146,250,16129,36015,0
1877,07/06/2020,Chemung,1,147,244,16373,36015,0
1878,07/07/2020,Chemung,0,147,276,16649,36015,0
1879,07/08/2020,Chemung,1,148,179,16828,36015,0
1880,07/09/2020,Chemung,0,148,308,17136,36015,0
1881,07/10/2020,Chemung,0,148,268,17404,36015,0
1882,07/11/2020,Chemung,0,148,378,17782,36015,0
1883,07/12/2020,Chemung,0,148,190,17972,36015,0
1884,07/13/2020,Chemung,1,149,332,18304,36015,1
1885,07/14/2020,Chemung,2,151,464,18768,36015,1
1886,07/15/2020,Chemung,0,151,422,19190,36015,0
1887,07/16/2020,Chemung,0,151,473,19663,36015,0
1888,07/17/2020,Chemung,2,153,284,19947,36015,1
1889,07/18/2020,Chemung,1,154,213,20160,36015,1
1890,07/19/2020,Chemung,1,155,139,20299,36015,0
1891,07/20/2020,Chemung,0,155,188,20487,36015,0
1892,07/21/2020,Chemung,1,156,273,20760,36015,0
1893,07/22/2020,Chemung,1,157,506,21266,36015,1
1894,07/23/2020,Chemung,1,158,640,21906,36015,1
1895,07/24/2020,Chemung,2,160,336,22242,36015,1
1896,07/25/2020,Chemung,0,160,146,22388,36015,0
1897,07/26/2020,Chemung,0,160,109,22497,36015,0
1898,07/27/2020,Chemung,0,160,142,22639,36015,0
1899,07/28/2020,Chemung,1,161,413,23052,36015,0
1900,07/29/2020,Chemung,1,162,387,23439,36015,1
1901,07/30/2020,Chemung,1,163,409,23848,36015,0
1902,07/31/2020,Chemung,0,163,232,24080,36015,0
1903,08/01/2020,Chemung,0,163,196,24276,36015,0
1904,08/02/2020,Chemung,0,163,90,24366,36015,0
1905,08/03/2020,Chemung,0,163,101,24467,36015,0
1906,08/04/2020,Chemung,2,165,570,25037,36015,0
1907,08/05/2020,Chemung,0,165,417,25454,36015,1
1908,08/06/2020,Chemung,3,168,376,25830,36015,2
1909,08/07/2020,Chemung,3,171,387,26217,36015,2
1910,08/08/2020,Chemung,0,171,264,26481,36015,1
1911,08/09/2020,Chemung,1,172,181,26662,36015,1
1912,08/10/2020,Chemung,4,176,273,26935,36015,2
1913,08/11/2020,Chemung,1,177,443,27378,36015,4
1914,08/12/2020,Chemung,7,184,472,27850,36015,3
1915,08/13/2020,Chemung,3,187,396,28246,36015,3
1916,08/14/2020,Chemung,1,188,476,28722,36015,1
1917,08/15/2020,Chemung,1,189,253,28975,36015,1
1918,08/16/2020,Chemung,1,190,149,29124,36015,0
1919,08/17/2020,Chemung,0,190,155,29279,36015,0
1920,08/18/2020,Chemung,1,191,320,29599,36015,1
1921,08/19/2020,Chemung,2,193,247,29846,36015,1
1922,08/20/2020,Chemung,0,193,573,30419,36015,1
1923,08/21/2020,Chemung,1,194,407,30826,36015,0
1924,08/22/2020,Chemung,0,194,264,31090,36015,0
1925,08/23/2020,Chemung,0,194,164,31254,36015,0
1926,08/24/2020,Chemung,0,194,103,31357,36015,0
1927,08/25/2020,Chemung,0,194,430,31787,36015,0
1928,08/26/2020,Chemung,0,194,371,32158,36015,0
1929,08/27/2020,Chemung,2,196,525,32683,36015,0
1930,08/28/2020,Chemung,0,196,302,32985,36015,2
1931,08/29/2020,Chemung,4,200,218,33203,36015,2
1932,08/30/2020,Chemung,3,203,146,33349,36015,3
1933,08/31/2020,Chemung,2,205,95,33444,36015,1
1934,09/01/2020,Chemung,0,205,338,33782,36015,0
1935,09/02/2020,Chemung,0,205,554,34336,36015,0
1936,09/03/2020,Chemung,1,206,243,34579,36015,0
1937,09/04/2020,Chemung,0,206,239,34818,36015,1
1938,09/05/2020,Chemung,2,208,176,34994,36015,1
1939,09/06/2020,Chemung,2,210,105,35099,36015,1
1940,09/07/2020,Chemung,1,211,141,35240,36015,2
1941,09/08/2020,Chemung,3,214,159,35399,36015,2
1942,09/09/2020,Chemung,4,218,677,36076,36015,9
1943,09/10/2020,Chemung,21,239,427,36503,36015,11
1944,09/11/2020,Chemung,8,247,379,36882,36015,11
1945,09/12/2020,Chemung,4,251,134,37016,36015,4
1946,09/13/2020,Chemung,0,251,325,37341,36015,7
1947,09/14/2020,Chemung,18,269,444,37785,36015,8
1948,09/15/2020,Chemung,6,275,365,38150,36015,14
1949,09/16/2020,Chemung,19,294,728,38878,36015,12
1950,09/17/2020,Chemung,11,305,653,39531,36015,15
1951,09/18/2020,Chemung,17,322,621,40152,36015,12
1952,09/19/2020,Chemung,8,330,273,40425,36015,11
1953,09/20/2020,Chemung,8,338,179,40604,36015,9
1954,09/21/2020,Chemung,11,349,243,40847,36015,10
1955,09/22/2020,Chemung,12,361,825,41672,36015,16
1956,09/23/2020,Chemung,26,387,750,42422,36015,22
1957,09/24/2020,Chemung,28,415,706,43128,36015,26
1958,09/25/2020,Chemung,25,440,599,43727,36015,24
1959,09/26/2020,Chemung,21,461,413,44140,36015,18
1960,09/27/2020,Chemung,9,470,152,44292,36015,17
1961,09/28/2020,Chemung,22,492,384,44676,36015,16
1962,09/29/2020,Chemung,18,510,582,45258,36015,30
1963,09/30/2020,Chemung,50,560,742,46000,36015,33
1964,10/01/2020,Chemung,31,591,590,46590,36015,47
1965,10/02/2020,Chemung,60,651,824,47414,36015,53
1966,10/03/2020,Chemung,70,721,744,48158,36015,52
1967,10/04/2020,Chemung,26,747,302,48460,36015,44
1968,10/05/2020,Chemung,38,785,499,48959,36015,31
1969,10/06/2020,Chemung,31,816,664,49623,36015,36
1970,10/07/2020,Chemung,39,855,869,50492,36015,34
1971,10/08/2020,Chemung,33,888,769,51261,36015,37
1972,10/09/2020,Chemung,41,929,930,52191,36015,34
1973,10/10/2020,Chemung,29,958,677,52868,36015,32
1974,10/11/2020,Chemung,27,985,401,53269,36015,28
1975,10/12/2020,Chemung,30,1015,491,53760,36015,34
1976,10/13/2020,Chemung,46,1061,815,54575,36015,39
1977,10/14/2020,Chemung,43,1104,604,55179,36015,47
1978,10/15/2020,Chemung,52,1156,994,56173,36015,46
1979,10/16/2020,Chemung,43,1199,792,56965,36015,46
1980,10/17/2020,Chemung,45,1244,808,57773,36015,45
1981,10/18/2020,Chemung,48,1292,429,58202,36015,44
1982,10/19/2020,Chemung,40,1332,482,58684,36015,45
1983,10/20/2020,Chemung,49,1381,942,59626,36015,54
1984,10/21/2020,Chemung,75,1456,1127,60753,36015,59
1985,10/22/2020,Chemung,54,1510,1150,61903,36015,54
1986,10/23/2020,Chemung,34,1544,891,62794,36015,61
1987,10/24/2020,Chemung,96,1640,1206,64000,36015,50
1988,10/25/2020,Chemung,22,1662,311,64311,36015,55
1989,10/26/2020,Chemung,48,1710,687,64998,36015,34
1990,10/27/2020,Chemung,33,1743,575,65573,36015,38
1991,10/28/2020,Chemung,34,1777,995,66568,36015,29
1992,10/29/2020,Chemung,20,1797,913,67481,36015,27
1993,10/30/2020,Chemung,29,1826,606,68087,36015,25
1994,10/31/2020,Chemung,26,1852,754,68841,36015,31
1995,11/01/2020,Chemung,38,1890,391,69232,36015,32
1996,11/02/2020,Chemung,33,1923,448,69680,36015,32
1997,11/03/2020,Chemung,25,1948,637,70317,36015,35
1998,11/04/2020,Chemung,48,1996,863,71180,36015,41
1999,11/05/2020,Chemung,50,2046,1036,72216,36015,32
2000,03/01/2020,Chenango,0,0,0,0,36017,0
2001,03/02/2020,Chenango,0,0,0,0,36017,0
2002,03/03/2020,Chenango,0,0,0,0,36017,0
2003,03/04/2020,Chenango,0,0,0,0,36017,0
2004,03/05/2020,Chenango,0,0,0,0,36017,0
2005,03/06/2020,Chenango,0,0,0,0,36017,0
2006,03/07/2020,Chenango,0,0,0,0,36017,0
2007,03/08/2020,Chenango,0,0,0,0,36017,0
2008,03/09/2020,Chenango,0,0,0,0,36017,0
2009,03/10/2020,Chenango,0,0,0,0,36017,0
2010,03/11/2020,Chenango,0,0,0,0,36017,0
2011,03/12/2020,Chenango,0,0,0,0,36017,0
2012,03/13/2020,Chenango,0,0,0,0,36017,0
2013,03/14/2020,Chenango,0,0,0,0,36017,0
2014,03/15/2020,Chenango,0,0,1,1,36017,0
2015,03/16/2020,Chenango,0,0,2,3,36017,0
2016,03/17/2020,Chenango,1,1,1,4,36017,0
2017,03/18/2020,Chenango,1,2,1,5,36017,0
2018,03/19/2020,Chenango,0,2,0,5,36017,0
2019,03/20/2020,Chenango,0,2,4,9,36017,0
2020,03/21/2020,Chenango,1,3,4,13,36017,0
2021,03/22/2020,Chenango,0,3,2,15,36017,0
2022,03/23/2020,Chenango,0,3,3,18,36017,0
2023,03/24/2020,Chenango,0,3,6,24,36017,0
2024,03/25/2020,Chenango,0,3,1,25,36017,0
2025,03/26/2020,Chenango,1,4,6,31,36017,1
2026,03/27/2020,Chenango,4,8,13,44,36017,4
2027,03/28/2020,Chenango,7,15,15,59,36017,4
2028,03/29/2020,Chenango,2,17,7,66,36017,3
2029,03/30/2020,Chenango,2,19,9,75,36017,3
2030,03/31/2020,Chenango,7,26,20,95,36017,3
2031,04/01/2020,Chenango,2,28,16,111,36017,4
2032,04/02/2020,Chenango,4,32,17,128,36017,4
2033,04/03/2020,Chenango,7,39,40,168,36017,5
2034,04/04/2020,Chenango,4,43,17,185,36017,4
2035,04/05/2020,Chenango,3,46,27,212,36017,4
2036,04/06/2020,Chenango,5,51,42,254,36017,3
2037,04/07/2020,Chenango,2,53,11,265,36017,3
2038,04/08/2020,Chenango,2,55,21,286,36017,3
2039,04/09/2020,Chenango,5,60,29,315,36017,2
2040,04/10/2020,Chenango,1,61,17,332,36017,2
2041,04/11/2020,Chenango,2,63,12,344,36017,1
2042,04/12/2020,Chenango,2,65,17,361,36017,2
2043,04/13/2020,Chenango,3,68,36,397,36017,2
2044,04/14/2020,Chenango,3,71,17,414,36017,2
2045,04/15/2020,Chenango,2,73,21,435,36017,2
2046,04/16/2020,Chenango,3,76,16,451,36017,2
2047,04/17/2020,Chenango,1,77,11,462,36017,1
2048,04/18/2020,Chenango,1,78,13,475,36017,0
2049,04/19/2020,Chenango,0,78,11,486,36017,0
2050,04/20/2020,Chenango,1,79,7,493,36017,0
2051,04/21/2020,Chenango,0,79,17,510,36017,1
2052,04/22/2020,Chenango,3,82,20,530,36017,1
2053,04/23/2020,Chenango,2,84,20,550,36017,4
2054,04/24/2020,Chenango,7,91,144,694,36017,3
2055,04/25/2020,Chenango,2,93,19,713,36017,3
2056,04/26/2020,Chenango,2,95,23,736,36017,1
2057,04/27/2020,Chenango,0,95,10,746,36017,1
2058,04/28/2020,Chenango,1,96,18,764,36017,1
2059,04/29/2020,Chenango,2,98,25,789,36017,1
2060,04/30/2020,Chenango,1,99,21,810,36017,1
2061,05/01/2020,Chenango,0,99,35,845,36017,0
2062,05/02/2020,Chenango,0,99,36,881,36017,0
2063,05/03/2020,Chenango,1,100,50,931,36017,0
2064,05/04/2020,Chenango,0,100,42,973,36017,1
2065,05/05/2020,Chenango,2,102,51,1024,36017,1
2066,05/06/2020,Chenango,3,105,50,1074,36017,1
2067,05/07/2020,Chenango,0,105,26,1100,36017,2
2068,05/08/2020,Chenango,4,109,181,1281,36017,1
2069,05/09/2020,Chenango,0,109,45,1326,36017,2
2070,05/10/2020,Chenango,2,111,107,1433,36017,1
2071,05/11/2020,Chenango,1,112,197,1630,36017,1
2072,05/12/2020,Chenango,0,112,83,1713,36017,0
2073,05/13/2020,Chenango,0,112,41,1754,36017,0
2074,05/14/2020,Chenango,1,113,45,1799,36017,1
2075,05/15/2020,Chenango,2,115,54,1853,36017,1
2076,05/16/2020,Chenango,2,117,50,1903,36017,1
2077,05/17/2020,Chenango,1,118,62,1965,36017,1
2078,05/18/2020,Chenango,0,118,67,2032,36017,0
2079,05/19/2020,Chenango,0,118,54,2086,36017,0
2080,05/20/2020,Chenango,0,118,150,2236,36017,0
2081,05/21/2020,Chenango,0,118,219,2455,36017,0
2082,05/22/2020,Chenango,0,118,143,2598,36017,0
2083,05/23/2020,Chenango,0,118,226,2824,36017,0
2084,05/24/2020,Chenango,1,119,217,3041,36017,1
2085,05/25/2020,Chenango,4,123,221,3262,36017,2
2086,05/26/2020,Chenango,2,125,122,3384,36017,2
2087,05/27/2020,Chenango,1,126,139,3523,36017,2
2088,05/28/2020,Chenango,4,130,168,3691,36017,2
2089,05/29/2020,Chenango,2,132,199,3890,36017,2
2090,05/30/2020,Chenango,1,133,404,4294,36017,1
2091,05/31/2020,Chenango,0,133,173,4467,36017,0
2092,06/01/2020,Chenango,0,133,190,4657,36017,0
2093,06/02/2020,Chenango,0,133,245,4902,36017,0
2094,06/03/2020,Chenango,0,133,193,5095,36017,0
2095,06/04/2020,Chenango,0,133,329,5424,36017,0
2096,06/05/2020,Chenango,0,133,252,5676,36017,0
2097,06/06/2020,Chenango,1,134,233,5909,36017,0
2098,06/07/2020,Chenango,1,135,313,6222,36017,0
2099,06/08/2020,Chenango,0,135,177,6399,36017,1
2100,06/09/2020,Chenango,2,137,234,6633,36017,0
2101,06/10/2020,Chenango,0,137,264,6897,36017,1
2102,06/11/2020,Chenango,1,138,273,7170,36017,0
2103,06/12/2020,Chenango,0,138,188,7358,36017,0
2104,06/13/2020,Chenango,0,138,219,7577,36017,0
2105,06/14/2020,Chenango,0,138,79,7656,36017,0
2106,06/15/2020,Chenango,1,139,213,7869,36017,0
2107,06/16/2020,Chenango,0,139,175,8044,36017,0
2108,06/17/2020,Chenango,0,139,281,8325,36017,0
2109,06/18/2020,Chenango,0,139,359,8684,36017,0
2110,06/19/2020,Chenango,0,139,169,8853,36017,0
2111,06/20/2020,Chenango,0,139,348,9201,36017,0
2112,06/21/2020,Chenango,1,140,134,9335,36017,0
2113,06/22/2020,Chenango,1,141,273,9608,36017,1
2114,06/23/2020,Chenango,1,142,83,9691,36017,1
2115,06/24/2020,Chenango,2,144,217,9908,36017,1
2116,06/25/2020,Chenango,1,145,300,10208,36017,1
2117,06/26/2020,Chenango,1,146,199,10407,36017,0
2118,06/27/2020,Chenango,0,146,234,10641,36017,0
2119,06/28/2020,Chenango,0,146,162,10803,36017,0
2120,06/29/2020,Chenango,0,146,104,10907,36017,0
2121,06/30/2020,Chenango,0,146,119,11026,36017,0
2122,07/01/2020,Chenango,2,148,231,11257,36017,0
2123,07/02/2020,Chenango,0,148,256,11513,36017,1
2124,07/03/2020,Chenango,1,149,115,11628,36017,0
2125,07/04/2020,Chenango,1,150,89,11717,36017,2
2126,07/05/2020,Chenango,6,156,433,12150,36017,2
2127,07/06/2020,Chenango,1,157,225,12375,36017,3
2128,07/07/2020,Chenango,2,159,83,12458,36017,2
2129,07/08/2020,Chenango,4,163,87,12545,36017,3
2130,07/09/2020,Chenango,3,166,208,12753,36017,2
2131,07/10/2020,Chenango,0,166,133,12886,36017,1
2132,07/11/2020,Chenango,0,166,162,13048,36017,1
2133,07/12/2020,Chenango,3,169,188,13236,36017,1
2134,07/13/2020,Chenango,2,171,282,13518,36017,3
2135,07/14/2020,Chenango,4,175,209,13727,36017,3
2136,07/15/2020,Chenango,3,178,129,13856,36017,3
2137,07/16/2020,Chenango,3,181,197,14053,36017,2
2138,07/17/2020,Chenango,1,182,173,14226,36017,1
2139,07/18/2020,Chenango,0,182,112,14338,36017,1
2140,07/19/2020,Chenango,2,184,134,14472,36017,2
2141,07/20/2020,Chenango,4,188,175,14647,36017,3
2142,07/21/2020,Chenango,3,191,306,14953,36017,3
2143,07/22/2020,Chenango,3,194,204,15157,36017,2
2144,07/23/2020,Chenango,2,196,212,15369,36017,4
2145,07/24/2020,Chenango,7,203,220,15589,36017,3
2146,07/25/2020,Chenango,0,203,102,15691,36017,2
2147,07/26/2020,Chenango,0,203,249,15940,36017,0
2148,07/27/2020,Chenango,0,203,92,16032,36017,0
2149,07/28/2020,Chenango,2,205,147,16179,36017,1
2150,07/29/2020,Chenango,1,206,108,16287,36017,1
2151,07/30/2020,Chenango,1,207,189,16476,36017,1
2152,07/31/2020,Chenango,2,209,193,16669,36017,1
2153,08/01/2020,Chenango,2,211,289,16958,36017,1
2154,08/02/2020,Chenango,0,211,206,17164,36017,1
2155,08/03/2020,Chenango,1,212,111,17275,36017,0
2156,08/04/2020,Chenango,0,212,179,17454,36017,0
2157,08/05/2020,Chenango,0,212,95,17549,36017,1
2158,08/06/2020,Chenango,3,215,213,17762,36017,1
2159,08/07/2020,Chenango,0,215,155,17917,36017,1
2160,08/08/2020,Chenango,1,216,165,18082,36017,0
2161,08/09/2020,Chenango,0,216,122,18204,36017,1
2162,08/10/2020,Chenango,2,218,520,18724,36017,0
2163,08/11/2020,Chenango,0,218,95,18819,36017,0
2164,08/12/2020,Chenango,0,218,158,18977,36017,0
2165,08/13/2020,Chenango,0,218,185,19162,36017,0
2166,08/14/2020,Chenango,0,218,227,19389,36017,0
2167,08/15/2020,Chenango,0,218,278,19667,36017,0
2168,08/16/2020,Chenango,0,218,249,19916,36017,0
2169,08/17/2020,Chenango,0,218,173,20089,36017,0
2170,08/18/2020,Chenango,0,218,183,20272,36017,0
2171,08/19/2020,Chenango,1,219,144,20416,36017,1
2172,08/20/2020,Chenango,3,222,419,20835,36017,1
2173,08/21/2020,Chenango,1,223,280,21115,36017,1
2174,08/22/2020,Chenango,0,223,131,21246,36017,0
2175,08/23/2020,Chenango,0,223,119,21365,36017,0
2176,08/24/2020,Chenango,0,223,144,21509,36017,0
2177,08/25/2020,Chenango,0,223,144,21653,36017,0
2178,08/26/2020,Chenango,1,224,173,21826,36017,0
2179,08/27/2020,Chenango,0,224,361,22187,36017,0
2180,08/28/2020,Chenango,1,225,290,22477,36017,1
2181,08/29/2020,Chenango,2,227,210,22687,36017,1
2182,08/30/2020,Chenango,1,228,153,22840,36017,1
2183,08/31/2020,Chenango,1,229,349,23189,36017,0
2184,09/01/2020,Chenango,0,229,158,23347,36017,0
2185,09/02/2020,Chenango,1,230,134,23481,36017,0
2186,09/03/2020,Chenango,1,231,164,23645,36017,1
2187,09/04/2020,Chenango,2,233,330,23975,36017,1
2188,09/05/2020,Chenango,2,235,176,24151,36017,1
2189,09/06/2020,Chenango,0,235,294,24445,36017,2
2190,09/07/2020,Chenango,4,239,187,24632,36017,1
2191,09/08/2020,Chenango,1,240,80,24712,36017,2
2192,09/09/2020,Chenango,2,242,120,24832,36017,1
2193,09/10/2020,Chenango,2,244,232,25064,36017,1
2194,09/11/2020,Chenango,1,245,446,25510,36017,1
2195,09/12/2020,Chenango,0,245,314,25824,36017,0
2196,09/13/2020,Chenango,0,245,255,26079,36017,0
2197,09/14/2020,Chenango,0,245,93,26172,36017,0
2198,09/15/2020,Chenango,0,245,92,26264,36017,0
2199,09/16/2020,Chenango,0,245,218,26482,36017,1
2200,09/17/2020,Chenango,3,248,223,26705,36017,1
2201,09/18/2020,Chenango,0,248,338,27043,36017,1
2202,09/19/2020,Chenango,0,248,283,27326,36017,0
2203,09/20/2020,Chenango,0,248,173,27499,36017,0
2204,09/21/2020,Chenango,0,248,87,27586,36017,0
2205,09/22/2020,Chenango,0,248,107,27693,36017,0
2206,09/23/2020,Chenango,0,248,161,27854,36017,0
2207,09/24/2020,Chenango,0,248,166,28020,36017,0
2208,09/25/2020,Chenango,1,249,457,28477,36017,0
2209,09/26/2020,Chenango,0,249,186,28663,36017,1
2210,09/27/2020,Chenango,2,251,103,28766,36017,0
2211,09/28/2020,Chenango,0,251,111,28877,36017,1
2212,09/29/2020,Chenango,2,253,174,29051,36017,0
2213,09/30/2020,Chenango,0,253,157,29208,36017,2
2214,10/01/2020,Chenango,4,257,262,29470,36017,2
2215,10/02/2020,Chenango,2,259,457,29927,36017,2
2216,10/03/2020,Chenango,2,261,298,30225,36017,1
2217,10/04/2020,Chenango,1,262,148,30373,36017,1
2218,10/05/2020,Chenango,1,263,78,30451,36017,1
2219,10/06/2020,Chenango,2,265,98,30549,36017,1
2220,10/07/2020,Chenango,2,267,247,30796,36017,1
2221,10/08/2020,Chenango,1,268,295,31091,36017,2
2222,10/09/2020,Chenango,3,271,312,31403,36017,2
2223,10/10/2020,Chenango,4,275,247,31650,36017,3
2224,10/11/2020,Chenango,2,277,400,32050,36017,3
2225,10/12/2020,Chenango,3,280,189,32239,36017,5
2226,10/13/2020,Chenango,10,290,93,32332,36017,4
2227,10/14/2020,Chenango,1,291,267,32599,36017,4
2228,10/15/2020,Chenango,3,294,297,32896,36017,4
2229,10/16/2020,Chenango,10,304,389,33285,36017,7
2230,10/17/2020,Chenango,9,313,281,33566,36017,12
2231,10/18/2020,Chenango,17,330,337,33903,36017,9
2232,10/19/2020,Chenango,1,331,233,34136,36017,8
2233,10/20/2020,Chenango,6,337,114,34250,36017,5
2234,10/21/2020,Chenango,10,347,198,34448,36017,9
2235,10/22/2020,Chenango,11,358,205,34653,36017,9
2236,10/23/2020,Chenango,7,365,356,35009,36017,11
2237,10/24/2020,Chenango,16,381,447,35456,36017,9
2238,10/25/2020,Chenango,5,386,198,35654,36017,7
2239,10/26/2020,Chenango,2,388,120,35774,36017,5
2240,10/27/2020,Chenango,9,397,404,36178,36017,7
2241,10/28/2020,Chenango,11,408,438,36616,36017,8
2242,10/29/2020,Chenango,5,413,174,36790,36017,7
2243,10/30/2020,Chenango,6,419,324,37114,36017,5
2244,10/31/2020,Chenango,6,425,317,37431,36017,5
2245,11/01/2020,Chenango,3,428,253,37684,36017,3
2246,11/02/2020,Chenango,2,430,207,37891,36017,2
2247,11/03/2020,Chenango,2,432,151,38042,36017,5
2248,11/04/2020,Chenango,11,443,333,38375,36017,6
2249,11/05/2020,Chenango,6,449,383,38758,36017,5
2250,03/01/2020,Clinton,0,0,0,0,36019,0
2251,03/02/2020,Clinton,0,0,0,0,36019,0
2252,03/03/2020,Clinton,0,0,0,0,36019,0
2253,03/04/2020,Clinton,0,0,0,0,36019,0
2254,03/05/2020,Clinton,0,0,0,0,36019,0
2255,03/06/2020,Clinton,0,0,0,0,36019,0
2256,03/07/2020,Clinton,0,0,0,0,36019,0
2257,03/08/2020,Clinton,0,0,0,0,36019,0
2258,03/09/2020,Clinton,0,0,0,0,36019,0
2259,03/10/2020,Clinton,0,0,0,0,36019,0
2260,03/11/2020,Clinton,0,0,4,4,36019,0
2261,03/12/2020,Clinton,0,0,3,7,36019,0
2262,03/13/2020,Clinton,0,0,1,8,36019,0
2263,03/14/2020,Clinton,0,0,1,9,36019,0
2264,03/15/2020,Clinton,0,0,0,9,36019,0
2265,03/16/2020,Clinton,1,1,1,10,36019,0
2266,03/17/2020,Clinton,0,1,3,13,36019,0
2267,03/18/2020,Clinton,1,2,21,34,36019,0
2268,03/19/2020,Clinton,0,2,9,43,36019,1
2269,03/20/2020,Clinton,2,4,12,55,36019,0
2270,03/21/2020,Clinton,0,4,2,57,36019,1
2271,03/22/2020,Clinton,2,6,12,69,36019,1
2272,03/23/2020,Clinton,2,8,17,86,36019,2
2273,03/24/2020,Clinton,2,10,14,100,36019,1
2274,03/25/2020,Clinton,1,11,16,116,36019,1
2275,03/26/2020,Clinton,0,11,6,122,36019,0
2276,03/27/2020,Clinton,1,12,22,144,36019,0
2277,03/28/2020,Clinton,1,13,18,162,36019,2
2278,03/29/2020,Clinton,4,17,19,181,36019,3
2279,03/30/2020,Clinton,4,21,9,190,36019,4
2280,03/31/2020,Clinton,4,25,21,211,36019,2
2281,04/01/2020,Clinton,0,25,5,216,36019,3
2282,04/02/2020,Clinton,5,30,16,232,36019,2
2283,04/03/2020,Clinton,1,31,11,243,36019,2
2284,04/04/2020,Clinton,2,33,23,266,36019,2
2285,04/05/2020,Clinton,3,36,14,280,36019,2
2286,04/06/2020,Clinton,1,37,16,296,36019,2
2287,04/07/2020,Clinton,2,39,25,321,36019,1
2288,04/08/2020,Clinton,1,40,25,346,36019,2
2289,04/09/2020,Clinton,3,43,17,363,36019,1
2290,04/10/2020,Clinton,0,43,23,386,36019,1
2291,04/11/2020,Clinton,0,43,25,411,36019,0
2292,04/12/2020,Clinton,1,44,9,420,36019,0
2293,04/13/2020,Clinton,1,45,23,443,36019,0
2294,04/14/2020,Clinton,0,45,8,451,36019,0
2295,04/15/2020,Clinton,1,46,17,468,36019,0
2296,04/16/2020,Clinton,1,47,21,489,36019,1
2297,04/17/2020,Clinton,1,48,16,505,36019,1
2298,04/18/2020,Clinton,1,49,12,517,36019,1
2299,04/19/2020,Clinton,2,51,10,527,36019,1
2300,04/20/2020,Clinton,0,51,17,544,36019,0
2301,04/21/2020,Clinton,0,51,4,548,36019,0
2302,04/22/2020,Clinton,1,52,11,559,36019,0
2303,04/23/2020,Clinton,1,53,14,573,36019,1
2304,04/24/2020,Clinton,1,54,39,612,36019,1
2305,04/25/2020,Clinton,3,57,28,640,36019,2
2306,04/26/2020,Clinton,2,59,30,670,36019,1
2307,04/27/2020,Clinton,0,59,15,685,36019,0
2308,04/28/2020,Clinton,0,59,23,708,36019,0
2309,04/29/2020,Clinton,0,59,40,748,36019,0
2310,04/30/2020,Clinton,2,61,48,796,36019,1
2311,05/01/2020,Clinton,1,62,35,831,36019,2
2312,05/02/2020,Clinton,4,66,33,864,36019,2
2313,05/03/2020,Clinton,2,68,21,885,36019,2
2314,05/04/2020,Clinton,1,69,27,912,36019,1
2315,05/05/2020,Clinton,0,69,25,937,36019,0
2316,05/06/2020,Clinton,0,69,22,959,36019,1
2317,05/07/2020,Clinton,5,74,72,1031,36019,2
2318,05/08/2020,Clinton,2,76,27,1058,36019,2
2319,05/09/2020,Clinton,0,76,33,1091,36019,0
2320,05/10/2020,Clinton,0,76,53,1144,36019,0
2321,05/11/2020,Clinton,1,77,38,1182,36019,0
2322,05/12/2020,Clinton,1,78,53,1235,36019,1
2323,05/13/2020,Clinton,3,81,123,1358,36019,2
2324,05/14/2020,Clinton,4,85,126,1484,36019,4
2325,05/15/2020,Clinton,6,91,150,1634,36019,3
2326,05/16/2020,Clinton,1,92,88,1722,36019,3
2327,05/17/2020,Clinton,2,94,155,1877,36019,1
2328,05/18/2020,Clinton,0,94,59,1936,36019,0
2329,05/19/2020,Clinton,0,94,58,1994,36019,0
2330,05/20/2020,Clinton,0,94,204,2198,36019,0
2331,05/21/2020,Clinton,0,94,131,2329,36019,0
2332,05/22/2020,Clinton,1,95,135,2464,36019,0
2333,05/23/2020,Clinton,0,95,131,2595,36019,0
2334,05/24/2020,Clinton,0,95,70,2665,36019,0
2335,05/25/2020,Clinton,0,95,108,2773,36019,0
2336,05/26/2020,Clinton,0,95,51,2824,36019,0
2337,05/27/2020,Clinton,0,95,201,3025,36019,0
2338,05/28/2020,Clinton,0,95,226,3251,36019,0
2339,05/29/2020,Clinton,0,95,441,3692,36019,0
2340,05/30/2020,Clinton,0,95,329,4021,36019,0
2341,05/31/2020,Clinton,1,96,146,4167,36019,0
2342,06/01/2020,Clinton,1,97,147,4314,36019,0
2343,06/02/2020,Clinton,0,97,309,4623,36019,0
2344,06/03/2020,Clinton,0,97,632,5255,36019,0
2345,06/04/2020,Clinton,0,97,319,5574,36019,0
2346,06/05/2020,Clinton,0,97,421,5995,36019,0
2347,06/06/2020,Clinton,0,97,305,6300,36019,0
2348,06/07/2020,Clinton,0,97,220,6520,36019,0
2349,06/08/2020,Clinton,0,97,105,6625,36019,0
2350,06/09/2020,Clinton,0,97,306,6931,36019,0
2351,06/10/2020,Clinton,1,98,268,7199,36019,0
2352,06/11/2020,Clinton,0,98,350,7549,36019,0
2353,06/12/2020,Clinton,0,98,285,7834,36019,0
2354,06/13/2020,Clinton,0,98,187,8021,36019,0
2355,06/14/2020,Clinton,0,98,137,8158,36019,0
2356,06/15/2020,Clinton,1,99,225,8383,36019,0
2357,06/16/2020,Clinton,0,99,242,8625,36019,0
2358,06/17/2020,Clinton,0,99,252,8877,36019,0
2359,06/18/2020,Clinton,0,99,251,9128,36019,0
2360,06/19/2020,Clinton,1,100,325,9453,36019,0
2361,06/20/2020,Clinton,0,100,112,9565,36019,0
2362,06/21/2020,Clinton,0,100,192,9757,36019,0
2363,06/22/2020,Clinton,0,100,167,9924,36019,0
2364,06/23/2020,Clinton,0,100,184,10108,36019,0
2365,06/24/2020,Clinton,1,101,312,10420,36019,0
2366,06/25/2020,Clinton,0,101,153,10573,36019,0
2367,06/26/2020,Clinton,0,101,264,10837,36019,0
2368,06/27/2020,Clinton,0,101,226,11063,36019,0
2369,06/28/2020,Clinton,0,101,160,11223,36019,0
2370,06/29/2020,Clinton,0,101,133,11356,36019,0
2371,06/30/2020,Clinton,0,101,287,11643,36019,0
2372,07/01/2020,Clinton,0,101,254,11897,36019,0
2373,07/02/2020,Clinton,0,101,156,12053,36019,0
2374,07/03/2020,Clinton,0,101,114,12167,36019,0
2375,07/04/2020,Clinton,2,103,183,12350,36019,0
2376,07/05/2020,Clinton,0,103,140,12490,36019,1
2377,07/06/2020,Clinton,2,105,295,12785,36019,1
2378,07/07/2020,Clinton,1,106,186,12971,36019,1
2379,07/08/2020,Clinton,1,107,339,13310,36019,0
2380,07/09/2020,Clinton,0,107,278,13588,36019,0
2381,07/10/2020,Clinton,1,108,211,13799,36019,0
2382,07/11/2020,Clinton,1,109,190,13989,36019,0
2383,07/12/2020,Clinton,0,109,178,14167,36019,0
2384,07/13/2020,Clinton,1,110,280,14447,36019,0
2385,07/14/2020,Clinton,1,111,215,14662,36019,0
2386,07/15/2020,Clinton,0,111,261,14923,36019,0
2387,07/16/2020,Clinton,0,111,236,15159,36019,0
2388,07/17/2020,Clinton,0,111,357,15516,36019,0
2389,07/18/2020,Clinton,2,113,145,15661,36019,0
2390,07/19/2020,Clinton,0,113,134,15795,36019,1
2391,07/20/2020,Clinton,1,114,339,16134,36019,0
2392,07/21/2020,Clinton,0,114,264,16398,36019,0
2393,07/22/2020,Clinton,0,114,317,16715,36019,1
2394,07/23/2020,Clinton,3,117,285,17000,36019,1
2395,07/24/2020,Clinton,2,119,334,17334,36019,2
2396,07/25/2020,Clinton,1,120,368,17702,36019,1
2397,07/26/2020,Clinton,0,120,183,17885,36019,1
2398,07/27/2020,Clinton,3,123,395,18280,36019,1
2399,07/28/2020,Clinton,0,123,129,18409,36019,1
2400,07/29/2020,Clinton,2,125,307,18716,36019,1
2401,07/30/2020,Clinton,1,126,158,18874,36019,1
2402,07/31/2020,Clinton,1,127,297,19171,36019,0
2403,08/01/2020,Clinton,0,127,381,19552,36019,0
2404,08/02/2020,Clinton,0,127,184,19736,36019,0
2405,08/03/2020,Clinton,0,127,309,20045,36019,0
2406,08/04/2020,Clinton,0,127,164,20209,36019,0
2407,08/05/2020,Clinton,0,127,116,20325,36019,0
2408,08/06/2020,Clinton,0,127,134,20459,36019,0
2409,08/07/2020,Clinton,0,127,338,20797,36019,0
2410,08/08/2020,Clinton,0,127,226,21023,36019,0
2411,08/09/2020,Clinton,1,128,252,21275,36019,0
2412,08/10/2020,Clinton,1,129,374,21649,36019,0
2413,08/11/2020,Clinton,0,129,139,21788,36019,0
2414,08/12/2020,Clinton,0,129,230,22018,36019,0
2415,08/13/2020,Clinton,1,130,151,22169,36019,0
2416,08/14/2020,Clinton,1,131,257,22426,36019,1
2417,08/15/2020,Clinton,1,132,287,22713,36019,1
2418,08/16/2020,Clinton,1,133,109,22822,36019,1
2419,08/17/2020,Clinton,1,134,363,23185,36019,0
2420,08/18/2020,Clinton,0,134,213,23398,36019,0
2421,08/19/2020,Clinton,1,135,170,23568,36019,0
2422,08/20/2020,Clinton,1,136,265,23833,36019,2
2423,08/21/2020,Clinton,5,141,335,24168,36019,2
2424,08/22/2020,Clinton,0,141,254,24422,36019,2
2425,08/23/2020,Clinton,1,142,82,24504,36019,1
2426,08/24/2020,Clinton,4,146,400,24904,36019,2
2427,08/25/2020,Clinton,1,147,157,25061,36019,2
2428,08/26/2020,Clinton,1,148,267,25328,36019,1
2429,08/27/2020,Clinton,1,149,193,25521,36019,1
2430,08/28/2020,Clinton,1,150,369,25890,36019,0
2431,08/29/2020,Clinton,0,150,197,26087,36019,0
2432,08/30/2020,Clinton,0,150,255,26342,36019,0
2433,08/31/2020,Clinton,1,151,203,26545,36019,0
2434,09/01/2020,Clinton,0,151,249,26794,36019,0
2435,09/02/2020,Clinton,1,152,171,26965,36019,0
2436,09/03/2020,Clinton,0,152,191,27156,36019,0
2437,09/04/2020,Clinton,0,152,385,27541,36019,0
2438,09/05/2020,Clinton,0,152,157,27698,36019,0
2439,09/06/2020,Clinton,0,152,308,28006,36019,0
2440,09/07/2020,Clinton,0,152,225,28231,36019,0
2441,09/08/2020,Clinton,0,152,51,28282,36019,0
2442,09/09/2020,Clinton,0,152,267,28549,36019,0
2443,09/10/2020,Clinton,0,152,173,28722,36019,0
2444,09/11/2020,Clinton,0,152,441,29163,36019,0
2445,09/12/2020,Clinton,1,153,229,29392,36019,0
2446,09/13/2020,Clinton,0,153,225,29617,36019,0
2447,09/14/2020,Clinton,1,154,330,29947,36019,0
2448,09/15/2020,Clinton,0,154,108,30055,36019,0
2449,09/16/2020,Clinton,0,154,241,30296,36019,0
2450,09/17/2020,Clinton,0,154,150,30446,36019,0
2451,09/18/2020,Clinton,0,154,328,30774,36019,0
2452,09/19/2020,Clinton,0,154,287,31061,36019,0
2453,09/20/2020,Clinton,0,154,94,31155,36019,0
2454,09/21/2020,Clinton,1,155,381,31536,36019,0
2455,09/22/2020,Clinton,1,156,226,31762,36019,1
2456,09/23/2020,Clinton,1,157,298,32060,36019,1
2457,09/24/2020,Clinton,1,158,433,32493,36019,1
2458,09/25/2020,Clinton,1,159,417,32910,36019,1
2459,09/26/2020,Clinton,1,160,412,33322,36019,1
2460,09/27/2020,Clinton,1,161,259,33581,36019,1
2461,09/28/2020,Clinton,1,162,296,33877,36019,0
2462,09/29/2020,Clinton,0,162,361,34238,36019,0
2463,09/30/2020,Clinton,0,162,1234,35472,36019,0
2464,10/01/2020,Clinton,2,164,407,35879,36019,1
2465,10/02/2020,Clinton,1,165,504,36383,36019,1
2466,10/03/2020,Clinton,1,166,467,36850,36019,2
2467,10/04/2020,Clinton,4,170,325,37175,36019,2
2468,10/05/2020,Clinton,3,173,425,37600,36019,2
2469,10/06/2020,Clinton,0,173,382,37982,36019,2
2470,10/07/2020,Clinton,4,177,444,38426,36019,1
2471,10/08/2020,Clinton,1,178,1050,39476,36019,1
2472,10/09/2020,Clinton,0,178,490,39966,36019,0
2473,10/10/2020,Clinton,1,179,582,40548,36019,0
2474,10/11/2020,Clinton,0,179,255,40803,36019,1
2475,10/12/2020,Clinton,3,182,569,41372,36019,1
2476,10/13/2020,Clinton,1,183,533,41905,36019,2
2477,10/14/2020,Clinton,4,187,528,42433,36019,2
2478,10/15/2020,Clinton,3,190,356,42789,36019,3
2479,10/16/2020,Clinton,2,192,538,43327,36019,3
2480,10/17/2020,Clinton,5,197,522,43849,36019,3
2481,10/18/2020,Clinton,2,199,210,44059,36019,7
2482,10/19/2020,Clinton,16,215,559,44618,36019,7
2483,10/20/2020,Clinton,5,220,353,44971,36019,8
2484,10/21/2020,Clinton,4,224,259,45230,36019,5
2485,10/22/2020,Clinton,8,232,305,45535,36019,5
2486,10/23/2020,Clinton,4,236,303,45838,36019,5
2487,10/24/2020,Clinton,4,240,565,46403,36019,3
2488,10/25/2020,Clinton,2,242,225,46628,36019,2
2489,10/26/2020,Clinton,2,244,446,47074,36019,2
2490,10/27/2020,Clinton,2,246,315,47389,36019,2
2491,10/28/2020,Clinton,2,248,387,47776,36019,3
2492,10/29/2020,Clinton,7,255,199,47975,36019,5
2493,10/30/2020,Clinton,8,263,218,48193,36019,7
2494,10/31/2020,Clinton,7,270,348,48541,36019,6
2495,11/01/2020,Clinton,3,273,267,48808,36019,5
2496,11/02/2020,Clinton,6,279,283,49091,36019,4
2497,11/03/2020,Clinton,3,282,439,49530,36019,5
2498,11/04/2020,Clinton,6,288,935,50465,36019,4
2499,11/05/2020,Clinton,4,292,1073,51538,36019,3
2500,03/01/2020,Columbia,0,0,0,0,36021,0
2501,03/02/2020,Columbia,0,0,0,0,36021,0
2502,03/03/2020,Columbia,0,0,0,0,36021,0
2503,03/04/2020,Columbia,0,0,0,0,36021,0
2504,03/05/2020,Columbia,0,0,0,0,36021,0
2505,03/06/2020,Columbia,0,0,0,0,36021,0
2506,03/07/2020,Columbia,0,0,0,0,36021,0
2507,03/08/2020,Columbia,0,0,1,1,36021,0
2508,03/09/2020,Columbia,0,0,0,1,36021,0
2509,03/10/2020,Columbia,0,0,0,1,36021,0
2510,03/11/2020,Columbia,0,0,2,3,36021,0
2511,03/12/2020,Columbia,0,0,2,5,36021,0
2512,03/13/2020,Columbia,0,0,1,6,36021,0
2513,03/14/2020,Columbia,0,0,4,10,36021,0
2514,03/15/2020,Columbia,0,0,2,12,36021,0
2515,03/16/2020,Columbia,0,0,13,25,36021,0
2516,03/17/2020,Columbia,0,0,14,39,36021,0
2517,03/18/2020,Columbia,0,0,32,71,36021,0
2518,03/19/2020,Columbia,1,1,24,95,36021,0
2519,03/20/2020,Columbia,1,2,35,130,36021,1
2520,03/21/2020,Columbia,3,5,52,182,36021,3
2521,03/22/2020,Columbia,5,10,48,230,36021,3
2522,03/23/2020,Columbia,1,11,10,240,36021,2
2523,03/24/2020,Columbia,1,12,15,255,36021,1
2524,03/25/2020,Columbia,1,13,22,277,36021,3
2525,03/26/2020,Columbia,7,20,20,297,36021,3
2526,03/27/2020,Columbia,2,22,15,312,36021,3
2527,03/28/2020,Columbia,1,23,11,323,36021,2
2528,03/29/2020,Columbia,3,26,26,349,36021,2
2529,03/30/2020,Columbia,4,30,14,363,36021,2
2530,03/31/2020,Columbia,1,31,12,375,36021,3
2531,04/01/2020,Columbia,5,36,21,396,36021,4
2532,04/02/2020,Columbia,6,42,22,418,36021,6
2533,04/03/2020,Columbia,7,49,20,438,36021,5
2534,04/04/2020,Columbia,2,51,15,453,36021,5
2535,04/05/2020,Columbia,8,59,23,476,36021,4
2536,04/06/2020,Columbia,2,61,15,491,36021,4
2537,04/07/2020,Columbia,2,63,8,499,36021,3
2538,04/08/2020,Columbia,7,70,27,526,36021,4
2539,04/09/2020,Columbia,4,74,55,581,36021,4
2540,04/10/2020,Columbia,3,77,30,611,36021,3
2541,04/11/2020,Columbia,2,79,35,646,36021,2
2542,04/12/2020,Columbia,1,80,27,673,36021,2
2543,04/13/2020,Columbia,4,84,30,703,36021,5
2544,04/14/2020,Columbia,12,96,55,758,36021,6
2545,04/15/2020,Columbia,3,99,28,786,36021,5
2546,04/16/2020,Columbia,2,101,20,806,36021,3
2547,04/17/2020,Columbia,4,105,32,838,36021,2
2548,04/18/2020,Columbia,2,107,34,872,36021,3
2549,04/19/2020,Columbia,4,111,17,889,36021,2
2550,04/20/2020,Columbia,2,113,24,913,36021,3
2551,04/21/2020,Columbia,4,117,34,947,36021,4
2552,04/22/2020,Columbia,6,123,35,982,36021,5
2553,04/23/2020,Columbia,6,129,35,1017,36021,7
2554,04/24/2020,Columbia,11,140,105,1122,36021,6
2555,04/25/2020,Columbia,3,143,27,1149,36021,5
2556,04/26/2020,Columbia,3,146,22,1171,36021,4
2557,04/27/2020,Columbia,8,154,33,1204,36021,7
2558,04/28/2020,Columbia,11,165,37,1241,36021,8
2559,04/29/2020,Columbia,5,170,61,1302,36021,16
2560,04/30/2020,Columbia,32,202,76,1378,36021,13
2561,05/01/2020,Columbia,3,205,37,1415,36021,13
2562,05/02/2020,Columbia,4,209,57,1472,36021,3
2563,05/03/2020,Columbia,4,213,38,1510,36021,8
2564,05/04/2020,Columbia,16,229,79,1589,36021,27
2565,05/05/2020,Columbia,62,291,188,1777,36021,29
2566,05/06/2020,Columbia,11,302,58,1835,36021,25
2567,05/07/2020,Columbia,2,304,70,1905,36021,4
2568,05/08/2020,Columbia,0,304,42,1947,36021,3
2569,05/09/2020,Columbia,8,312,264,2211,36021,3
2570,05/10/2020,Columbia,2,314,41,2252,36021,3
2571,05/11/2020,Columbia,0,314,55,2307,36021,2
2572,05/12/2020,Columbia,4,318,85,2392,36021,4
2573,05/13/2020,Columbia,9,327,100,2492,36021,6
2574,05/14/2020,Columbia,6,333,95,2587,36021,6
2575,05/15/2020,Columbia,5,338,71,2658,36021,4
2576,05/16/2020,Columbia,2,340,68,2726,36021,4
2577,05/17/2020,Columbia,6,346,86,2812,36021,4
2578,05/18/2020,Columbia,4,350,39,2851,36021,3
2579,05/19/2020,Columbia,0,350,107,2958,36021,3
2580,05/20/2020,Columbia,5,355,128,3086,36021,2
2581,05/21/2020,Columbia,1,356,78,3164,36021,3
2582,05/22/2020,Columbia,3,359,96,3260,36021,3
2583,05/23/2020,Columbia,6,365,94,3354,36021,5
2584,05/24/2020,Columbia,7,372,134,3488,36021,4
2585,05/25/2020,Columbia,1,373,145,3633,36021,5
2586,05/26/2020,Columbia,7,380,62,3695,36021,2
2587,05/27/2020,Columbia,0,380,145,3840,36021,3
2588,05/28/2020,Columbia,2,382,159,3999,36021,1
2589,05/29/2020,Columbia,1,383,125,4124,36021,2
2590,05/30/2020,Columbia,4,387,211,4335,36021,2
2591,05/31/2020,Columbia,2,389,94,4429,36021,2
2592,06/01/2020,Columbia,2,391,167,4596,36021,4
2593,06/02/2020,Columbia,8,399,393,4989,36021,3
2594,06/03/2020,Columbia,1,400,276,5265,36021,6
2595,06/04/2020,Columbia,11,411,269,5534,36021,4
2596,06/05/2020,Columbia,1,412,225,5759,36021,4
2597,06/06/2020,Columbia,2,414,211,5970,36021,1
2598,06/07/2020,Columbia,0,414,144,6114,36021,0
2599,06/08/2020,Columbia,0,414,145,6259,36021,2
2600,06/09/2020,Columbia,6,420,310,6569,36021,3
2601,06/10/2020,Columbia,4,424,233,6802,36021,4
2602,06/11/2020,Columbia,4,428,412,7214,36021,3
2603,06/12/2020,Columbia,3,431,176,7390,36021,4
2604,06/13/2020,Columbia,5,436,198,7588,36021,3
2605,06/14/2020,Columbia,3,439,95,7683,36021,3
2606,06/15/2020,Columbia,3,442,198,7881,36021,2
2607,06/16/2020,Columbia,0,442,134,8015,36021,1
2608,06/17/2020,Columbia,1,443,189,8204,36021,1
2609,06/18/2020,Columbia,3,446,454,8658,36021,3
2610,06/19/2020,Columbia,5,451,335,8993,36021,2
2611,06/20/2020,Columbia,0,451,182,9175,36021,2
2612,06/21/2020,Columbia,1,452,146,9321,36021,1
2613,06/22/2020,Columbia,2,454,106,9427,36021,1
2614,06/23/2020,Columbia,0,454,174,9601,36021,1
2615,06/24/2020,Columbia,1,455,300,9901,36021,2
2616,06/25/2020,Columbia,5,460,447,10348,36021,2
2617,06/26/2020,Columbia,1,461,179,10527,36021,2
2618,06/27/2020,Columbia,2,463,165,10692,36021,1
2619,06/28/2020,Columbia,0,463,96,10788,36021,1
2620,06/29/2020,Columbia,1,464,221,11009,36021,1
2621,06/30/2020,Columbia,2,466,136,11145,36021,3
2622,07/01/2020,Columbia,6,472,289,11434,36021,3
2623,07/02/2020,Columbia,2,474,234,11668,36021,2
2624,07/03/2020,Columbia,0,474,150,11818,36021,1
2625,07/04/2020,Columbia,1,475,220,12038,36021,1
2626,07/05/2020,Columbia,2,477,247,12285,36021,1
2627,07/06/2020,Columbia,2,479,312,12597,36021,2
2628,07/07/2020,Columbia,3,482,291,12888,36021,1
2629,07/08/2020,Columbia,0,482,191,13079,36021,1
2630,07/09/2020,Columbia,0,482,212,13291,36021,1
2631,07/10/2020,Columbia,3,485,172,13463,36021,1
2632,07/11/2020,Columbia,1,486,189,13652,36021,1
2633,07/12/2020,Columbia,1,487,197,13849,36021,1
2634,07/13/2020,Columbia,2,489,289,14138,36021,1
2635,07/14/2020,Columbia,0,489,226,14364,36021,0
2636,07/15/2020,Columbia,0,489,200,14564,36021,0
2637,07/16/2020,Columbia,1,490,201,14765,36021,0
2638,07/17/2020,Columbia,1,491,307,15072,36021,1
2639,07/18/2020,Columbia,1,492,99,15171,36021,0
2640,07/19/2020,Columbia,0,492,99,15270,36021,1
2641,07/20/2020,Columbia,3,495,222,15492,36021,1
2642,07/21/2020,Columbia,2,497,197,15689,36021,1
2643,07/22/2020,Columbia,0,497,309,15998,36021,1
2644,07/23/2020,Columbia,1,498,324,16322,36021,1
2645,07/24/2020,Columbia,2,500,284,16606,36021,1
2646,07/25/2020,Columbia,0,500,116,16722,36021,1
2647,07/26/2020,Columbia,3,503,139,16861,36021,1
2648,07/27/2020,Columbia,1,504,232,17093,36021,3
2649,07/28/2020,Columbia,6,510,119,17212,36021,3
2650,07/29/2020,Columbia,3,513,221,17433,36021,4
2651,07/30/2020,Columbia,3,516,253,17686,36021,3
2652,07/31/2020,Columbia,3,519,258,17944,36021,3
2653,08/01/2020,Columbia,3,522,73,18017,36021,2
2654,08/02/2020,Columbia,1,523,73,18090,36021,3
2655,08/03/2020,Columbia,6,529,268,18358,36021,3
2656,08/04/2020,Columbia,2,531,264,18622,36021,3
2657,08/05/2020,Columbia,3,534,235,18857,36021,2
2658,08/06/2020,Columbia,1,535,194,19051,36021,2
2659,08/07/2020,Columbia,4,539,158,19209,36021,2
2660,08/08/2020,Columbia,1,540,166,19375,36021,2
2661,08/09/2020,Columbia,1,541,120,19495,36021,2
2662,08/10/2020,Columbia,5,546,415,19910,36021,2
2663,08/11/2020,Columbia,2,548,247,20157,36021,3
2664,08/12/2020,Columbia,2,550,222,20379,36021,1
2665,08/13/2020,Columbia,1,551,304,20683,36021,1
2666,08/14/2020,Columbia,0,551,214,20897,36021,0
2667,08/15/2020,Columbia,1,552,221,21118,36021,0
2668,08/16/2020,Columbia,0,552,103,21221,36021,2
2669,08/17/2020,Columbia,6,558,505,21726,36021,2
2670,08/18/2020,Columbia,1,559,398,22124,36021,2
2671,08/19/2020,Columbia,1,560,228,22352,36021,1
2672,08/20/2020,Columbia,1,561,296,22648,36021,0
2673,08/21/2020,Columbia,0,561,315,22963,36021,0
2674,08/22/2020,Columbia,1,562,203,23166,36021,0
2675,08/23/2020,Columbia,0,562,141,23307,36021,1
2676,08/24/2020,Columbia,2,564,317,23624,36021,0
2677,08/25/2020,Columbia,0,564,109,23733,36021,2
2678,08/26/2020,Columbia,4,568,279,24012,36021,1
2679,08/27/2020,Columbia,0,568,295,24307,36021,1
2680,08/28/2020,Columbia,1,569,304,24611,36021,0
2681,08/29/2020,Columbia,0,569,280,24891,36021,0
2682,08/30/2020,Columbia,0,569,261,25152,36021,0
2683,08/31/2020,Columbia,0,569,233,25385,36021,0
2684,09/01/2020,Columbia,1,570,347,25732,36021,0
2685,09/02/2020,Columbia,0,570,245,25977,36021,1
2686,09/03/2020,Columbia,4,574,206,26183,36021,1
2687,09/04/2020,Columbia,1,575,198,26381,36021,1
2688,09/05/2020,Columbia,0,575,190,26571,36021,0
2689,09/06/2020,Columbia,1,576,116,26687,36021,0
2690,09/07/2020,Columbia,0,576,237,26924,36021,0
2691,09/08/2020,Columbia,0,576,223,27147,36021,0
2692,09/09/2020,Columbia,0,576,213,27360,36021,0
2693,09/10/2020,Columbia,1,577,222,27582,36021,0
2694,09/11/2020,Columbia,0,577,182,27764,36021,0
2695,09/12/2020,Columbia,0,577,263,28027,36021,0
2696,09/13/2020,Columbia,0,577,133,28160,36021,0
2697,09/14/2020,Columbia,0,577,285,28445,36021,0
2698,09/15/2020,Columbia,0,577,162,28607,36021,0
2699,09/16/2020,Columbia,2,579,196,28803,36021,1
2700,09/17/2020,Columbia,1,580,153,28956,36021,1
2701,09/18/2020,Columbia,0,580,195,29151,36021,0
2702,09/19/2020,Columbia,1,581,318,29469,36021,0
2703,09/20/2020,Columbia,1,582,230,29699,36021,0
2704,09/21/2020,Columbia,0,582,233,29932,36021,1
2705,09/22/2020,Columbia,3,585,130,30062,36021,1
2706,09/23/2020,Columbia,1,586,227,30289,36021,2
2707,09/24/2020,Columbia,2,588,272,30561,36021,2
2708,09/25/2020,Columbia,3,591,220,30781,36021,1
2709,09/26/2020,Columbia,0,591,342,31123,36021,1
2710,09/27/2020,Columbia,0,591,180,31303,36021,0
2711,09/28/2020,Columbia,1,592,268,31571,36021,1
2712,09/29/2020,Columbia,3,595,236,31807,36021,1
2713,09/30/2020,Columbia,0,595,283,32090,36021,4
2714,10/01/2020,Columbia,9,604,267,32357,36021,3
2715,10/02/2020,Columbia,1,605,224,32581,36021,4
2716,10/03/2020,Columbia,3,608,292,32873,36021,1
2717,10/04/2020,Columbia,0,608,138,33011,36021,1
2718,10/05/2020,Columbia,1,609,330,33341,36021,1
2719,10/06/2020,Columbia,2,611,202,33543,36021,1
2720,10/07/2020,Columbia,0,611,346,33889,36021,2
2721,10/08/2020,Columbia,4,615,242,34131,36021,2
2722,10/09/2020,Columbia,2,617,365,34496,36021,3
2723,10/10/2020,Columbia,4,621,248,34744,36021,3
2724,10/11/2020,Columbia,3,624,267,35011,36021,3
2725,10/12/2020,Columbia,2,626,355,35366,36021,2
2726,10/13/2020,Columbia,3,629,224,35590,36021,3
2727,10/14/2020,Columbia,5,634,435,36025,36021,3
2728,10/15/2020,Columbia,1,635,224,36249,36021,4
2729,10/16/2020,Columbia,6,641,311,36560,36021,4
2730,10/17/2020,Columbia,6,647,362,36922,36021,5
2731,10/18/2020,Columbia,4,651,264,37186,36021,5
2732,10/19/2020,Columbia,6,657,251,37437,36021,4
2733,10/20/2020,Columbia,2,659,272,37709,36021,4
2734,10/21/2020,Columbia,4,663,372,38081,36021,3
2735,10/22/2020,Columbia,4,667,374,38455,36021,3
2736,10/23/2020,Columbia,2,669,351,38806,36021,5
2737,10/24/2020,Columbia,11,680,253,39059,36021,8
2738,10/25/2020,Columbia,12,692,304,39363,36021,10
2739,10/26/2020,Columbia,7,699,578,39941,36021,10
2740,10/27/2020,Columbia,11,710,486,40427,36021,9
2741,10/28/2020,Columbia,11,721,553,40980,36021,8
2742,10/29/2020,Columbia,2,723,411,41391,36021,6
2743,10/30/2020,Columbia,5,728,398,41789,36021,5
2744,10/31/2020,Columbia,8,736,380,42169,36021,5
2745,11/01/2020,Columbia,3,739,456,42625,36021,5
2746,11/02/2020,Columbia,6,745,436,43061,36021,9
2747,11/03/2020,Columbia,18,763,421,43482,36021,11
2748,11/04/2020,Columbia,11,774,395,43877,36021,12
2749,11/05/2020,Columbia,8,782,346,44223,36021,6
2750,03/01/2020,Cortland,0,0,0,0,36023,0
2751,03/02/2020,Cortland,0,0,0,0,36023,0
2752,03/03/2020,Cortland,0,0,0,0,36023,0
2753,03/04/2020,Cortland,0,0,0,0,36023,0
2754,03/05/2020,Cortland,0,0,0,0,36023,0
2755,03/06/2020,Cortland,0,0,0,0,36023,0
2756,03/07/2020,Cortland,0,0,1,1,36023,0
2757,03/08/2020,Cortland,0,0,0,1,36023,0
2758,03/09/2020,Cortland,0,0,0,1,36023,0
2759,03/10/2020,Cortland,0,0,0,1,36023,0
2760,03/11/2020,Cortland,0,0,0,1,36023,0
2761,03/12/2020,Cortland,0,0,0,1,36023,0
2762,03/13/2020,Cortland,0,0,0,1,36023,0
2763,03/14/2020,Cortland,0,0,1,2,36023,0
2764,03/15/2020,Cortland,0,0,0,2,36023,0
2765,03/16/2020,Cortland,0,0,2,4,36023,0
2766,03/17/2020,Cortland,0,0,1,5,36023,0
2767,03/18/2020,Cortland,0,0,1,6,36023,0
2768,03/19/2020,Cortland,0,0,7,13,36023,0
2769,03/20/2020,Cortland,0,0,15,28,36023,0
2770,03/21/2020,Cortland,1,1,17,45,36023,0
2771,03/22/2020,Cortland,1,2,55,100,36023,0
2772,03/23/2020,Cortland,0,2,30,130,36023,0
2773,03/24/2020,Cortland,0,2,3,133,36023,0
2774,03/25/2020,Cortland,0,2,41,174,36023,0
2775,03/26/2020,Cortland,2,4,34,208,36023,1
2776,03/27/2020,Cortland,1,5,45,253,36023,1
2777,03/28/2020,Cortland,1,6,28,281,36023,1
2778,03/29/2020,Cortland,2,8,48,329,36023,1
2779,03/30/2020,Cortland,0,8,9,338,36023,0
2780,03/31/2020,Cortland,0,8,12,350,36023,0
2781,04/01/2020,Cortland,0,8,42,392,36023,0
2782,04/02/2020,Cortland,2,10,54,446,36023,0
2783,04/03/2020,Cortland,0,10,32,478,36023,0
2784,04/04/2020,Cortland,0,10,38,516,36023,1
2785,04/05/2020,Cortland,3,13,42,558,36023,2
2786,04/06/2020,Cortland,3,16,25,583,36023,2
2787,04/07/2020,Cortland,0,16,18,601,36023,1
2788,04/08/2020,Cortland,0,16,41,642,36023,0
2789,04/09/2020,Cortland,1,17,25,667,36023,0
2790,04/10/2020,Cortland,0,17,20,687,36023,0
2791,04/11/2020,Cortland,1,18,18,705,36023,1
2792,04/12/2020,Cortland,2,20,18,723,36023,1
2793,04/13/2020,Cortland,2,22,38,761,36023,1
2794,04/14/2020,Cortland,1,23,6,767,36023,1
2795,04/15/2020,Cortland,1,24,17,784,36023,1
2796,04/16/2020,Cortland,1,25,13,797,36023,0
2797,04/17/2020,Cortland,0,25,19,816,36023,0
2798,04/18/2020,Cortland,0,25,11,827,36023,0
2799,04/19/2020,Cortland,0,25,12,839,36023,0
2800,04/20/2020,Cortland,0,25,2,841,36023,0
2801,04/21/2020,Cortland,0,25,5,846,36023,0
2802,04/22/2020,Cortland,0,25,30,876,36023,0
2803,04/23/2020,Cortland,0,25,30,906,36023,1
2804,04/24/2020,Cortland,3,28,109,1015,36023,1
2805,04/25/2020,Cortland,0,28,26,1041,36023,1
2806,04/26/2020,Cortland,0,28,16,1057,36023,0
2807,04/27/2020,Cortland,0,28,7,1064,36023,0
2808,04/28/2020,Cortland,0,28,22,1086,36023,0
2809,04/29/2020,Cortland,0,28,26,1112,36023,0
2810,04/30/2020,Cortland,0,28,31,1143,36023,0
2811,05/01/2020,Cortland,0,28,30,1173,36023,0
2812,05/02/2020,Cortland,0,28,16,1189,36023,0
2813,05/03/2020,Cortland,0,28,42,1231,36023,0
2814,05/04/2020,Cortland,0,28,12,1243,36023,0
2815,05/05/2020,Cortland,0,28,33,1276,36023,0
2816,05/06/2020,Cortland,1,29,27,1303,36023,0
2817,05/07/2020,Cortland,0,29,38,1341,36023,0
2818,05/08/2020,Cortland,0,29,96,1437,36023,0
2819,05/09/2020,Cortland,0,29,29,1466,36023,0
2820,05/10/2020,Cortland,0,29,27,1493,36023,0
2821,05/11/2020,Cortland,1,30,33,1526,36023,0
2822,05/12/2020,Cortland,1,31,40,1566,36023,1
2823,05/13/2020,Cortland,2,33,50,1616,36023,1
2824,05/14/2020,Cortland,0,33,95,1711,36023,1
2825,05/15/2020,Cortland,1,34,221,1932,36023,0
2826,05/16/2020,Cortland,0,34,140,2072,36023,0
2827,05/17/2020,Cortland,1,35,99,2171,36023,0
2828,05/18/2020,Cortland,1,36,62,2233,36023,0
2829,05/19/2020,Cortland,0,36,77,2310,36023,0
2830,05/20/2020,Cortland,0,36,144,2454,36023,0
2831,05/21/2020,Cortland,1,37,86,2540,36023,0
2832,05/22/2020,Cortland,1,38,223,2763,36023,1
2833,05/23/2020,Cortland,1,39,147,2910,36023,0
2834,05/24/2020,Cortland,0,39,221,3131,36023,0
2835,05/25/2020,Cortland,0,39,64,3195,36023,0
2836,05/26/2020,Cortland,0,39,82,3277,36023,0
2837,05/27/2020,Cortland,0,39,34,3311,36023,0
2838,05/28/2020,Cortland,0,39,207,3518,36023,0
2839,05/29/2020,Cortland,2,41,188,3706,36023,0
2840,05/30/2020,Cortland,0,41,261,3967,36023,0
2841,05/31/2020,Cortland,0,41,84,4051,36023,0
2842,06/01/2020,Cortland,0,41,128,4179,36023,0
2843,06/02/2020,Cortland,0,41,92,4271,36023,0
2844,06/03/2020,Cortland,0,41,130,4401,36023,0
2845,06/04/2020,Cortland,0,41,343,4744,36023,0
2846,06/05/2020,Cortland,0,41,294,5038,36023,0
2847,06/06/2020,Cortland,0,41,201,5239,36023,0
2848,06/07/2020,Cortland,1,42,179,5418,36023,0
2849,06/08/2020,Cortland,0,42,162,5580,36023,0
2850,06/09/2020,Cortland,0,42,153,5733,36023,0
2851,06/10/2020,Cortland,0,42,110,5843,36023,0
2852,06/11/2020,Cortland,0,42,258,6101,36023,0
2853,06/12/2020,Cortland,0,42,216,6317,36023,0
2854,06/13/2020,Cortland,0,42,174,6491,36023,0
2855,06/14/2020,Cortland,0,42,87,6578,36023,0
2856,06/15/2020,Cortland,0,42,155,6733,36023,0
2857,06/16/2020,Cortland,0,42,124,6857,36023,0
2858,06/17/2020,Cortland,2,44,107,6964,36023,0
2859,06/18/2020,Cortland,0,44,216,7180,36023,0
2860,06/19/2020,Cortland,0,44,251,7431,36023,0
2861,06/20/2020,Cortland,0,44,130,7561,36023,0
2862,06/21/2020,Cortland,0,44,84,7645,36023,0
2863,06/22/2020,Cortland,0,44,181,7826,36023,0
2864,06/23/2020,Cortland,0,44,90,7916,36023,0
2865,06/24/2020,Cortland,0,44,153,8069,36023,0
2866,06/25/2020,Cortland,0,44,106,8175,36023,0
2867,06/26/2020,Cortland,0,44,234,8409,36023,0
2868,06/27/2020,Cortland,2,46,234,8643,36023,1
2869,06/28/2020,Cortland,1,47,95,8738,36023,1
2870,06/29/2020,Cortland,0,47,144,8882,36023,0
2871,06/30/2020,Cortland,0,47,111,8993,36023,0
2872,07/01/2020,Cortland,0,47,138,9131,36023,0
2873,07/02/2020,Cortland,1,48,41,9172,36023,1
2874,07/03/2020,Cortland,2,50,135,9307,36023,1
2875,07/04/2020,Cortland,1,51,217,9524,36023,1
2876,07/05/2020,Cortland,1,52,55,9579,36023,1
2877,07/06/2020,Cortland,1,53,164,9743,36023,1
2878,07/07/2020,Cortland,1,54,137,9880,36023,1
2879,07/08/2020,Cortland,1,55,147,10027,36023,1
2880,07/09/2020,Cortland,1,56,92,10119,36023,1
2881,07/10/2020,Cortland,2,58,138,10257,36023,1
2882,07/11/2020,Cortland,0,58,278,10535,36023,1
2883,07/12/2020,Cortland,1,59,103,10638,36023,0
2884,07/13/2020,Cortland,0,59,143,10781,36023,1
2885,07/14/2020,Cortland,2,61,160,10941,36023,1
2886,07/15/2020,Cortland,2,63,85,11026,36023,2
2887,07/16/2020,Cortland,4,67,216,11242,36023,2
2888,07/17/2020,Cortland,1,68,285,11527,36023,2
2889,07/18/2020,Cortland,1,69,133,11660,36023,0
2890,07/19/2020,Cortland,0,69,83,11743,36023,1
2891,07/20/2020,Cortland,4,73,182,11925,36023,2
2892,07/21/2020,Cortland,4,77,398,12323,36023,3
2893,07/22/2020,Cortland,3,80,259,12582,36023,3
2894,07/23/2020,Cortland,2,82,98,12680,36023,2
2895,07/24/2020,Cortland,2,84,362,13042,36023,1
2896,07/25/2020,Cortland,1,85,212,13254,36023,1
2897,07/26/2020,Cortland,2,87,470,13724,36023,1
2898,07/27/2020,Cortland,2,89,267,13991,36023,1
2899,07/28/2020,Cortland,1,90,148,14139,36023,1
2900,07/29/2020,Cortland,0,90,166,14305,36023,0
2901,07/30/2020,Cortland,1,91,247,14552,36023,0
2902,07/31/2020,Cortland,0,91,168,14720,36023,0
2903,08/01/2020,Cortland,1,92,233,14953,36023,0
2904,08/02/2020,Cortland,0,92,103,15056,36023,0
2905,08/03/2020,Cortland,1,93,311,15367,36023,0
2906,08/04/2020,Cortland,1,94,88,15455,36023,0
2907,08/05/2020,Cortland,0,94,192,15647,36023,0
2908,08/06/2020,Cortland,1,95,148,15795,36023,0
2909,08/07/2020,Cortland,0,95,255,16050,36023,0
2910,08/08/2020,Cortland,0,95,149,16199,36023,0
2911,08/09/2020,Cortland,0,95,247,16446,36023,0
2912,08/10/2020,Cortland,0,95,327,16773,36023,0
2913,08/11/2020,Cortland,1,96,109,16882,36023,0
2914,08/12/2020,Cortland,1,97,187,17069,36023,0
2915,08/13/2020,Cortland,0,97,113,17182,36023,0
2916,08/14/2020,Cortland,0,97,211,17393,36023,0
2917,08/15/2020,Cortland,0,97,150,17543,36023,0
2918,08/16/2020,Cortland,0,97,112,17655,36023,0
2919,08/17/2020,Cortland,0,97,372,18027,36023,0
2920,08/18/2020,Cortland,0,97,143,18170,36023,0
2921,08/19/2020,Cortland,1,98,176,18346,36023,0
2922,08/20/2020,Cortland,0,98,168,18514,36023,0
2923,08/21/2020,Cortland,0,98,223,18737,36023,0
2924,08/22/2020,Cortland,0,98,106,18843,36023,0
2925,08/23/2020,Cortland,0,98,239,19082,36023,0
2926,08/24/2020,Cortland,0,98,103,19185,36023,0
2927,08/25/2020,Cortland,0,98,173,19358,36023,0
2928,08/26/2020,Cortland,0,98,82,19440,36023,0
2929,08/27/2020,Cortland,0,98,200,19640,36023,0
2930,08/28/2020,Cortland,0,98,196,19836,36023,0
2931,08/29/2020,Cortland,1,99,156,19992,36023,0
2932,08/30/2020,Cortland,1,100,93,20085,36023,1
2933,08/31/2020,Cortland,1,101,145,20230,36023,1
2934,09/01/2020,Cortland,1,102,92,20322,36023,0
2935,09/02/2020,Cortland,0,102,112,20434,36023,0
2936,09/03/2020,Cortland,0,102,231,20665,36023,0
2937,09/04/2020,Cortland,0,102,171,20836,36023,0
2938,09/05/2020,Cortland,1,103,223,21059,36023,0
2939,09/06/2020,Cortland,0,103,77,21136,36023,0
2940,09/07/2020,Cortland,0,103,224,21360,36023,0
2941,09/08/2020,Cortland,0,103,101,21461,36023,0
2942,09/09/2020,Cortland,1,104,98,21559,36023,2
2943,09/10/2020,Cortland,5,109,187,21746,36023,5
2944,09/11/2020,Cortland,10,119,378,22124,36023,8
2945,09/12/2020,Cortland,9,128,221,22345,36023,7
2946,09/13/2020,Cortland,4,132,193,22538,36023,6
2947,09/14/2020,Cortland,5,137,241,22779,36023,3
2948,09/15/2020,Cortland,0,137,279,23058,36023,3
2949,09/16/2020,Cortland,4,141,287,23345,36023,4
2950,09/17/2020,Cortland,9,150,279,23624,36023,6
2951,09/18/2020,Cortland,5,155,356,23980,36023,6
2952,09/19/2020,Cortland,4,159,305,24285,36023,3
2953,09/20/2020,Cortland,2,161,193,24478,36023,2
2954,09/21/2020,Cortland,1,162,167,24645,36023,1
2955,09/22/2020,Cortland,2,164,255,24900,36023,2
2956,09/23/2020,Cortland,3,167,172,25072,36023,2
2957,09/24/2020,Cortland,2,169,328,25400,36023,2
2958,09/25/2020,Cortland,2,171,376,25776,36023,1
2959,09/26/2020,Cortland,0,171,253,26029,36023,0
2960,09/27/2020,Cortland,0,171,176,26205,36023,3
2961,09/28/2020,Cortland,10,181,215,26420,36023,4
2962,09/29/2020,Cortland,3,184,858,27278,36023,8
2963,09/30/2020,Cortland,11,195,759,28037,36023,5
2964,10/01/2020,Cortland,3,198,350,28387,36023,7
2965,10/02/2020,Cortland,7,205,525,28912,36023,9
2966,10/03/2020,Cortland,18,223,411,29323,36023,8
2967,10/04/2020,Cortland,0,223,150,29473,36023,10
2968,10/05/2020,Cortland,14,237,166,29639,36023,5
2969,10/06/2020,Cortland,3,240,583,30222,36023,12
2970,10/07/2020,Cortland,20,260,347,30569,36023,13
2971,10/08/2020,Cortland,17,277,790,31359,36023,17
2972,10/09/2020,Cortland,16,293,546,31905,36023,13
2973,10/10/2020,Cortland,8,301,474,32379,36023,13
2974,10/11/2020,Cortland,16,317,498,32877,36023,13
2975,10/12/2020,Cortland,16,333,267,33144,36023,15
2976,10/13/2020,Cortland,13,346,1040,34184,36023,18
2977,10/14/2020,Cortland,25,371,1189,35373,36023,18
2978,10/15/2020,Cortland,16,387,1203,36576,36023,17
2979,10/16/2020,Cortland,12,399,1022,37598,36023,11
2980,10/17/2020,Cortland,7,406,635,38233,36023,9
2981,10/18/2020,Cortland,10,416,246,38479,36023,12
2982,10/19/2020,Cortland,20,436,282,38761,36023,15
2983,10/20/2020,Cortland,15,451,799,39560,36023,19
2984,10/21/2020,Cortland,24,475,1031,40591,36023,17
2985,10/22/2020,Cortland,13,488,454,41045,36023,15
2986,10/23/2020,Cortland,8,496,1258,42303,36023,11
2987,10/24/2020,Cortland,14,510,678,42981,36023,12
2988,10/25/2020,Cortland,14,524,1106,44087,36023,15
2989,10/26/2020,Cortland,18,542,742,44829,36023,12
2990,10/27/2020,Cortland,5,547,400,45229,36023,9
2991,10/28/2020,Cortland,6,553,1116,46345,36023,8
2992,10/29/2020,Cortland,14,567,426,46771,36023,12
2993,10/30/2020,Cortland,17,584,565,47336,36023,12
2994,10/31/2020,Cortland,5,589,408,47744,36023,8
2995,11/01/2020,Cortland,3,592,219,47963,36023,4
2996,11/02/2020,Cortland,6,598,315,48278,36023,5
2997,11/03/2020,Cortland,6,604,437,48715,36023,7
2998,11/04/2020,Cortland,9,613,476,49191,36023,8
2999,11/05/2020,Cortland,9,622,366,49557,36023,6
3000,03/01/2020,Delaware,0,0,0,0,36025,0
3001,03/02/2020,Delaware,0,0,0,0,36025,0
3002,03/03/2020,Delaware,0,0,0,0,36025,0
3003,03/04/2020,Delaware,0,0,0,0,36025,0
3004,03/05/2020,Delaware,0,0,0,0,36025,0
3005,03/06/2020,Delaware,0,0,0,0,36025,0
3006,03/07/2020,Delaware,0,0,0,0,36025,0
3007,03/08/2020,Delaware,0,0,0,0,36025,0
3008,03/09/2020,Delaware,0,0,1,1,36025,0
3009,03/10/2020,Delaware,0,0,1,2,36025,0
3010,03/11/2020,Delaware,0,0,2,4,36025,0
3011,03/12/2020,Delaware,1,1,1,5,36025,0
3012,03/13/2020,Delaware,0,1,1,6,36025,0
3013,03/14/2020,Delaware,0,1,1,7,36025,0
3014,03/15/2020,Delaware,0,1,5,12,36025,0
3015,03/16/2020,Delaware,0,1,0,12,36025,0
3016,03/17/2020,Delaware,0,1,0,12,36025,0
3017,03/18/2020,Delaware,0,1,1,13,36025,0
3018,03/19/2020,Delaware,0,1,4,17,36025,0
3019,03/20/2020,Delaware,0,1,8,25,36025,0
3020,03/21/2020,Delaware,2,3,10,35,36025,0
3021,03/22/2020,Delaware,0,3,10,45,36025,0
3022,03/23/2020,Delaware,0,3,5,50,36025,0
3023,03/24/2020,Delaware,2,5,5,55,36025,1
3024,03/25/2020,Delaware,2,7,12,67,36025,1
3025,03/26/2020,Delaware,1,8,7,74,36025,1
3026,03/27/2020,Delaware,0,8,13,87,36025,0
3027,03/28/2020,Delaware,0,8,4,91,36025,1
3028,03/29/2020,Delaware,3,11,12,103,36025,2
3029,03/30/2020,Delaware,5,16,11,114,36025,4
3030,03/31/2020,Delaware,4,20,13,127,36025,3
3031,04/01/2020,Delaware,2,22,7,134,36025,2
3032,04/02/2020,Delaware,2,24,9,143,36025,2
3033,04/03/2020,Delaware,2,26,18,161,36025,1
3034,04/04/2020,Delaware,1,27,12,173,36025,1
3035,04/05/2020,Delaware,2,29,28,201,36025,3
3036,04/06/2020,Delaware,7,36,30,231,36025,3
3037,04/07/2020,Delaware,1,37,16,247,36025,2
3038,04/08/2020,Delaware,0,37,22,269,36025,1
3039,04/09/2020,Delaware,2,39,20,289,36025,0
3040,04/10/2020,Delaware,0,39,17,306,36025,0
3041,04/11/2020,Delaware,0,39,10,316,36025,1
3042,04/12/2020,Delaware,3,42,14,330,36025,2
3043,04/13/2020,Delaware,3,45,48,378,36025,2
3044,04/14/2020,Delaware,1,46,7,385,36025,1
3045,04/15/2020,Delaware,1,47,9,394,36025,1
3046,04/16/2020,Delaware,1,48,10,404,36025,1
3047,04/17/2020,Delaware,1,49,8,412,36025,0
3048,04/18/2020,Delaware,0,49,10,422,36025,0
3049,04/19/2020,Delaware,0,49,5,427,36025,0
3050,04/20/2020,Delaware,0,49,3,430,36025,0
3051,04/21/2020,Delaware,1,50,18,448,36025,0
3052,04/22/2020,Delaware,0,50,21,469,36025,0
3053,04/23/2020,Delaware,1,51,15,484,36025,2
3054,04/24/2020,Delaware,7,58,135,619,36025,2
3055,04/25/2020,Delaware,0,58,35,654,36025,2
3056,04/26/2020,Delaware,0,58,21,675,36025,0
3057,04/27/2020,Delaware,1,59,16,691,36025,0
3058,04/28/2020,Delaware,1,60,14,705,36025,1
3059,04/29/2020,Delaware,1,61,24,729,36025,0
3060,04/30/2020,Delaware,0,61,24,753,36025,0
3061,05/01/2020,Delaware,0,61,29,782,36025,0
3062,05/02/2020,Delaware,0,61,28,810,36025,0
3063,05/03/2020,Delaware,1,62,54,864,36025,0
3064,05/04/2020,Delaware,0,62,31,895,36025,0
3065,05/05/2020,Delaware,0,62,30,925,36025,0
3066,05/06/2020,Delaware,1,63,30,955,36025,0
3067,05/07/2020,Delaware,0,63,24,979,36025,0
3068,05/08/2020,Delaware,0,63,30,1009,36025,0
3069,05/09/2020,Delaware,1,64,33,1042,36025,0
3070,05/10/2020,Delaware,1,65,19,1061,36025,0
3071,05/11/2020,Delaware,0,65,50,1111,36025,0
3072,05/12/2020,Delaware,1,66,53,1164,36025,0
3073,05/13/2020,Delaware,1,67,136,1300,36025,0
3074,05/14/2020,Delaware,0,67,120,1420,36025,0
3075,05/15/2020,Delaware,1,68,70,1490,36025,0
3076,05/16/2020,Delaware,1,69,51,1541,36025,0
3077,05/17/2020,Delaware,0,69,56,1597,36025,0
3078,05/18/2020,Delaware,0,69,65,1662,36025,0
3079,05/19/2020,Delaware,0,69,45,1707,36025,0
3080,05/20/2020,Delaware,2,71,65,1772,36025,1
3081,05/21/2020,Delaware,1,72,124,1896,36025,1
3082,05/22/2020,Delaware,2,74,51,1947,36025,2
3083,05/23/2020,Delaware,3,77,80,2027,36025,1
3084,05/24/2020,Delaware,0,77,44,2071,36025,1
3085,05/25/2020,Delaware,0,77,22,2093,36025,0
3086,05/26/2020,Delaware,1,78,205,2298,36025,0
3087,05/27/2020,Delaware,0,78,213,2511,36025,0
3088,05/28/2020,Delaware,1,79,156,2667,36025,0
3089,05/29/2020,Delaware,0,79,123,2790,36025,0
3090,05/30/2020,Delaware,0,79,209,2999,36025,0
3091,05/31/2020,Delaware,2,81,96,3095,36025,1
3092,06/01/2020,Delaware,1,82,138,3233,36025,1
3093,06/02/2020,Delaware,0,82,195,3428,36025,0
3094,06/03/2020,Delaware,0,82,171,3599,36025,0
3095,06/04/2020,Delaware,2,84,129,3728,36025,1
3096,06/05/2020,Delaware,1,85,217,3945,36025,1
3097,06/06/2020,Delaware,0,85,124,4069,36025,0
3098,06/07/2020,Delaware,0,85,164,4233,36025,0
3099,06/08/2020,Delaware,1,86,194,4427,36025,0
3100,06/09/2020,Delaware,1,87,198,4625,36025,1
3101,06/10/2020,Delaware,1,88,173,4798,36025,0
3102,06/11/2020,Delaware,0,88,92,4890,36025,0
3103,06/12/2020,Delaware,0,88,110,5000,36025,0
3104,06/13/2020,Delaware,0,88,181,5181,36025,0
3105,06/14/2020,Delaware,0,88,111,5292,36025,0
3106,06/15/2020,Delaware,0,88,206,5498,36025,0
3107,06/16/2020,Delaware,1,89,202,5700,36025,0
3108,06/17/2020,Delaware,0,89,116,5816,36025,0
3109,06/18/2020,Delaware,0,89,143,5959,36025,0
3110,06/19/2020,Delaware,1,90,144,6103,36025,0
3111,06/20/2020,Delaware,0,90,167,6270,36025,0
3112,06/21/2020,Delaware,0,90,134,6404,36025,0
3113,06/22/2020,Delaware,1,91,167,6571,36025,0
3114,06/23/2020,Delaware,0,91,91,6662,36025,0
3115,06/24/2020,Delaware,0,91,215,6877,36025,0
3116,06/25/2020,Delaware,0,91,69,6946,36025,0
3117,06/26/2020,Delaware,0,91,131,7077,36025,0
3118,06/27/2020,Delaware,0,91,220,7297,36025,0
3119,06/28/2020,Delaware,0,91,154,7451,36025,0
3120,06/29/2020,Delaware,0,91,147,7598,36025,0
3121,06/30/2020,Delaware,0,91,157,7755,36025,0
3122,07/01/2020,Delaware,0,91,106,7861,36025,0
3123,07/02/2020,Delaware,0,91,62,7923,36025,0
3124,07/03/2020,Delaware,0,91,73,7996,36025,0
3125,07/04/2020,Delaware,0,91,265,8261,36025,0
3126,07/05/2020,Delaware,0,91,85,8346,36025,0
3127,07/06/2020,Delaware,0,91,147,8493,36025,0
3128,07/07/2020,Delaware,0,91,50,8543,36025,0
3129,07/08/2020,Delaware,0,91,83,8626,36025,0
3130,07/09/2020,Delaware,0,91,78,8704,36025,0
3131,07/10/2020,Delaware,0,91,147,8851,36025,0
3132,07/11/2020,Delaware,1,92,247,9098,36025,0
3133,07/12/2020,Delaware,0,92,80,9178,36025,0
3134,07/13/2020,Delaware,0,92,111,9289,36025,0
3135,07/14/2020,Delaware,0,92,100,9389,36025,0
3136,07/15/2020,Delaware,0,92,117,9506,36025,0
3137,07/16/2020,Delaware,0,92,161,9667,36025,0
3138,07/17/2020,Delaware,1,93,193,9860,36025,0
3139,07/18/2020,Delaware,0,93,64,9924,36025,0
3140,07/19/2020,Delaware,0,93,105,10029,36025,0
3141,07/20/2020,Delaware,0,93,119,10148,36025,0
3142,07/21/2020,Delaware,0,93,187,10335,36025,0
3143,07/22/2020,Delaware,2,95,114,10449,36025,1
3144,07/23/2020,Delaware,2,97,120,10569,36025,1
3145,07/24/2020,Delaware,1,98,133,10702,36025,1
3146,07/25/2020,Delaware,0,98,77,10779,36025,0
3147,07/26/2020,Delaware,0,98,65,10844,36025,0
3148,07/27/2020,Delaware,1,99,110,10954,36025,1
3149,07/28/2020,Delaware,2,101,98,11052,36025,1
3150,07/29/2020,Delaware,0,101,186,11238,36025,1
3151,07/30/2020,Delaware,1,102,126,11364,36025,0
3152,07/31/2020,Delaware,1,103,156,11520,36025,0
3153,08/01/2020,Delaware,0,103,148,11668,36025,0
3154,08/02/2020,Delaware,1,104,134,11802,36025,0
3155,08/03/2020,Delaware,0,104,153,11955,36025,0
3156,08/04/2020,Delaware,0,104,130,12085,36025,0
3157,08/05/2020,Delaware,0,104,35,12120,36025,0
3158,08/06/2020,Delaware,0,104,163,12283,36025,0
3159,08/07/2020,Delaware,1,105,184,12467,36025,0
3160,08/08/2020,Delaware,0,105,150,12617,36025,0
3161,08/09/2020,Delaware,0,105,135,12752,36025,0
3162,08/10/2020,Delaware,1,106,273,13025,36025,0
3163,08/11/2020,Delaware,0,106,154,13179,36025,0
3164,08/12/2020,Delaware,1,107,139,13318,36025,0
3165,08/13/2020,Delaware,0,107,102,13420,36025,0
3166,08/14/2020,Delaware,0,107,169,13589,36025,0
3167,08/15/2020,Delaware,0,107,117,13706,36025,0
3168,08/16/2020,Delaware,0,107,80,13786,36025,0
3169,08/17/2020,Delaware,0,107,165,13951,36025,0
3170,08/18/2020,Delaware,1,108,173,14124,36025,0
3171,08/19/2020,Delaware,1,109,119,14243,36025,0
3172,08/20/2020,Delaware,0,109,146,14389,36025,0
3173,08/21/2020,Delaware,0,109,143,14532,36025,0
3174,08/22/2020,Delaware,0,109,177,14709,36025,0
3175,08/23/2020,Delaware,0,109,143,14852,36025,0
3176,08/24/2020,Delaware,0,109,112,14964,36025,0
3177,08/25/2020,Delaware,0,109,173,15137,36025,0
3178,08/26/2020,Delaware,1,110,131,15268,36025,1
3179,08/27/2020,Delaware,2,112,175,15443,36025,1
3180,08/28/2020,Delaware,0,112,120,15563,36025,1
3181,08/29/2020,Delaware,3,115,183,15746,36025,1
3182,08/30/2020,Delaware,0,115,90,15836,36025,1
3183,08/31/2020,Delaware,0,115,289,16125,36025,1
3184,09/01/2020,Delaware,5,120,159,16284,36025,2
3185,09/02/2020,Delaware,1,121,160,16444,36025,2
3186,09/03/2020,Delaware,0,121,382,16826,36025,1
3187,09/04/2020,Delaware,2,123,213,17039,36025,0
3188,09/05/2020,Delaware,0,123,134,17173,36025,1
3189,09/06/2020,Delaware,1,124,229,17402,36025,0
3190,09/07/2020,Delaware,1,125,165,17567,36025,0
3191,09/08/2020,Delaware,0,125,32,17599,36025,0
3192,09/09/2020,Delaware,0,125,69,17668,36025,1
3193,09/10/2020,Delaware,3,128,140,17808,36025,1
3194,09/11/2020,Delaware,0,128,213,18021,36025,1
3195,09/12/2020,Delaware,0,128,217,18238,36025,0
3196,09/13/2020,Delaware,0,128,169,18407,36025,0
3197,09/14/2020,Delaware,0,128,82,18489,36025,0
3198,09/15/2020,Delaware,1,129,86,18575,36025,0
3199,09/16/2020,Delaware,0,129,127,18702,36025,0
3200,09/17/2020,Delaware,0,129,132,18834,36025,0
3201,09/18/2020,Delaware,1,130,139,18973,36025,0
3202,09/19/2020,Delaware,0,130,217,19190,36025,0
3203,09/20/2020,Delaware,0,130,220,19410,36025,0
3204,09/21/2020,Delaware,1,131,205,19615,36025,0
3205,09/22/2020,Delaware,1,132,139,19754,36025,1
3206,09/23/2020,Delaware,1,133,122,19876,36025,0
3207,09/24/2020,Delaware,0,133,107,19983,36025,0
3208,09/25/2020,Delaware,0,133,232,20215,36025,0
3209,09/26/2020,Delaware,1,134,167,20382,36025,0
3210,09/27/2020,Delaware,1,135,171,20553,36025,1
3211,09/28/2020,Delaware,1,136,237,20790,36025,0
3212,09/29/2020,Delaware,0,136,510,21300,36025,0
3213,09/30/2020,Delaware,1,137,111,21411,36025,0
3214,10/01/2020,Delaware,1,138,129,21540,36025,1
3215,10/02/2020,Delaware,2,140,227,21767,36025,1
3216,10/03/2020,Delaware,1,141,170,21937,36025,1
3217,10/04/2020,Delaware,0,141,191,22128,36025,1
3218,10/05/2020,Delaware,2,143,139,22267,36025,0
3219,10/06/2020,Delaware,0,143,480,22747,36025,1
3220,10/07/2020,Delaware,1,144,159,22906,36025,0
3221,10/08/2020,Delaware,0,144,175,23081,36025,1
3222,10/09/2020,Delaware,2,146,185,23266,36025,1
3223,10/10/2020,Delaware,2,148,146,23412,36025,1
3224,10/11/2020,Delaware,1,149,223,23635,36025,2
3225,10/12/2020,Delaware,5,154,332,23967,36025,2
3226,10/13/2020,Delaware,0,154,501,24468,36025,2
3227,10/14/2020,Delaware,2,156,143,24611,36025,1
3228,10/15/2020,Delaware,1,157,138,24749,36025,1
3229,10/16/2020,Delaware,2,159,206,24955,36025,1
3230,10/17/2020,Delaware,0,159,165,25120,36025,0
3231,10/18/2020,Delaware,0,159,231,25351,36025,0
3232,10/19/2020,Delaware,0,159,224,25575,36025,0
3233,10/20/2020,Delaware,2,161,693,26268,36025,1
3234,10/21/2020,Delaware,3,164,109,26377,36025,2
3235,10/22/2020,Delaware,2,166,105,26482,36025,2
3236,10/23/2020,Delaware,2,168,189,26671,36025,1
3237,10/24/2020,Delaware,1,169,226,26897,36025,1
3238,10/25/2020,Delaware,0,169,223,27120,36025,1
3239,10/26/2020,Delaware,4,173,176,27296,36025,2
3240,10/27/2020,Delaware,4,177,1016,28312,36025,3
3241,10/28/2020,Delaware,1,178,160,28472,36025,2
3242,10/29/2020,Delaware,3,181,173,28645,36025,3
3243,10/30/2020,Delaware,6,187,142,28787,36025,4
3244,10/31/2020,Delaware,5,192,187,28974,36025,4
3245,11/01/2020,Delaware,1,193,176,29150,36025,3
3246,11/02/2020,Delaware,4,197,139,29289,36025,4
3247,11/03/2020,Delaware,8,205,298,29587,36025,6
3248,11/04/2020,Delaware,8,213,724,30311,36025,8
3249,11/05/2020,Delaware,9,222,173,30484,36025,5
3250,03/01/2020,Dutchess,0,0,0,0,36027,0
3251,03/02/2020,Dutchess,0,0,0,0,36027,0
3252,03/03/2020,Dutchess,0,0,0,0,36027,0
3253,03/04/2020,Dutchess,0,0,0,0,36027,0
3254,03/05/2020,Dutchess,0,0,0,0,36027,0
3255,03/06/2020,Dutchess,0,0,0,0,36027,0
3256,03/07/2020,Dutchess,0,0,0,0,36027,0
3257,03/08/2020,Dutchess,0,0,0,0,36027,0
3258,03/09/2020,Dutchess,0,0,0,0,36027,0
3259,03/10/2020,Dutchess,0,0,2,2,36027,0
3260,03/11/2020,Dutchess,1,1,5,7,36027,0
3261,03/12/2020,Dutchess,0,1,3,10,36027,1
3262,03/13/2020,Dutchess,2,3,10,20,36027,2
3263,03/14/2020,Dutchess,4,7,17,37,36027,3
3264,03/15/2020,Dutchess,3,10,20,57,36027,4
3265,03/16/2020,Dutchess,6,16,32,89,36027,4
3266,03/17/2020,Dutchess,4,20,23,112,36027,7
3267,03/18/2020,Dutchess,11,31,107,219,36027,6
3268,03/19/2020,Dutchess,5,36,59,278,36027,9
3269,03/20/2020,Dutchess,13,49,205,483,36027,17
3270,03/21/2020,Dutchess,33,82,205,688,36027,21
3271,03/22/2020,Dutchess,18,100,135,823,36027,25
3272,03/23/2020,Dutchess,24,124,111,934,36027,23
3273,03/24/2020,Dutchess,29,153,146,1080,36027,30
3274,03/25/2020,Dutchess,37,190,209,1289,36027,33
3275,03/26/2020,Dutchess,35,225,155,1444,36027,36
3276,03/27/2020,Dutchess,37,262,200,1644,36027,43
3277,03/28/2020,Dutchess,58,320,195,1839,36027,55
3278,03/29/2020,Dutchess,72,392,227,2066,36027,74
3279,03/30/2020,Dutchess,92,484,300,2366,36027,75
3280,03/31/2020,Dutchess,63,547,196,2562,36027,91
3281,04/01/2020,Dutchess,120,667,330,2892,36027,108
3282,04/02/2020,Dutchess,142,809,415,3307,36027,130
3283,04/03/2020,Dutchess,129,938,447,3754,36027,136
3284,04/04/2020,Dutchess,139,1077,352,4106,36027,126
3285,04/05/2020,Dutchess,112,1189,338,4444,36027,103
3286,04/06/2020,Dutchess,60,1249,335,4779,36027,106
3287,04/07/2020,Dutchess,146,1395,462,5241,36027,101
3288,04/08/2020,Dutchess,98,1493,512,5753,36027,116
3289,04/09/2020,Dutchess,105,1598,509,6262,36027,116
3290,04/10/2020,Dutchess,146,1744,584,6846,36027,115
3291,04/11/2020,Dutchess,94,1838,431,7277,36027,94
3292,04/12/2020,Dutchess,43,1881,499,7776,36027,63
3293,04/13/2020,Dutchess,53,1934,566,8342,36027,70
3294,04/14/2020,Dutchess,114,2048,487,8829,36027,68
3295,04/15/2020,Dutchess,37,2085,314,9143,36027,69
3296,04/16/2020,Dutchess,57,2142,300,9443,36027,51
3297,04/17/2020,Dutchess,59,2201,381,9824,36027,51
3298,04/18/2020,Dutchess,39,2240,196,10020,36027,47
3299,04/19/2020,Dutchess,44,2284,357,10377,36027,43
3300,04/20/2020,Dutchess,47,2331,209,10586,36027,50
3301,04/21/2020,Dutchess,60,2391,313,10899,36027,58
3302,04/22/2020,Dutchess,69,2460,366,11265,36027,62
3303,04/23/2020,Dutchess,57,2517,374,11639,36027,89
3304,04/24/2020,Dutchess,143,2660,913,12552,36027,89
3305,04/25/2020,Dutchess,69,2729,485,13037,36027,92
3306,04/26/2020,Dutchess,64,2793,389,13426,36027,52
3307,04/27/2020,Dutchess,24,2817,223,13649,36027,50
3308,04/28/2020,Dutchess,64,2881,566,14215,36027,53
3309,04/29/2020,Dutchess,73,2954,427,14642,36027,61
3310,04/30/2020,Dutchess,48,3002,443,15085,36027,56
3311,05/01/2020,Dutchess,47,3049,473,15558,36027,44
3312,05/02/2020,Dutchess,37,3086,434,15992,36027,43
3313,05/03/2020,Dutchess,45,3131,370,16362,36027,34
3314,05/04/2020,Dutchess,20,3151,307,16669,36027,35
3315,05/05/2020,Dutchess,41,3192,370,17039,36027,34
3316,05/06/2020,Dutchess,41,3233,438,17477,36027,42
3317,05/07/2020,Dutchess,44,3277,482,17959,36027,42
3318,05/08/2020,Dutchess,42,3319,534,18493,36027,42
3319,05/09/2020,Dutchess,40,3359,471,18964,36027,33
3320,05/10/2020,Dutchess,19,3378,348,19312,36027,26
3321,05/11/2020,Dutchess,21,3399,216,19528,36027,23
3322,05/12/2020,Dutchess,30,3429,387,19915,36027,32
3323,05/13/2020,Dutchess,45,3474,459,20374,36027,33
3324,05/14/2020,Dutchess,24,3498,394,20768,36027,32
3325,05/15/2020,Dutchess,29,3527,627,21395,36027,23
3326,05/16/2020,Dutchess,16,3543,491,21886,36027,18
3327,05/17/2020,Dutchess,9,3552,337,22223,36027,61
3328,05/18/2020,Dutchess,158,3710,972,23195,36027,60
3329,05/19/2020,Dutchess,14,3724,536,23731,36027,64
3330,05/20/2020,Dutchess,21,3745,573,24304,36027,19
3331,05/21/2020,Dutchess,22,3767,556,24860,36027,23
3332,05/22/2020,Dutchess,26,3793,549,25409,36027,20
3333,05/23/2020,Dutchess,14,3807,874,26283,36027,19
3334,05/24/2020,Dutchess,18,3825,650,26933,36027,13
3335,05/25/2020,Dutchess,9,3834,301,27234,36027,13
3336,05/26/2020,Dutchess,13,3847,423,27657,36027,14
3337,05/27/2020,Dutchess,20,3867,911,28568,36027,17
3338,05/28/2020,Dutchess,20,3887,1257,29825,36027,17
3339,05/29/2020,Dutchess,12,3899,1265,31090,36027,14
3340,05/30/2020,Dutchess,10,3909,765,31855,36027,12
3341,05/31/2020,Dutchess,15,3924,1034,32889,36027,12
3342,06/01/2020,Dutchess,12,3936,936,33825,36027,14
3343,06/02/2020,Dutchess,15,3951,1003,34828,36027,12
3344,06/03/2020,Dutchess,11,3962,771,35599,36027,16
3345,06/04/2020,Dutchess,22,3984,1166,36765,36027,14
3346,06/05/2020,Dutchess,11,3995,1072,37837,36027,12
3347,06/06/2020,Dutchess,5,4000,793,38630,36027,7
3348,06/07/2020,Dutchess,6,4006,906,39536,36027,7
3349,06/08/2020,Dutchess,10,4016,717,40253,36027,7
3350,06/09/2020,Dutchess,6,4022,944,41197,36027,7
3351,06/10/2020,Dutchess,5,4027,1072,42269,36027,6
3352,06/11/2020,Dutchess,8,4035,1046,43315,36027,9
3353,06/12/2020,Dutchess,14,4049,1186,44501,36027,9
3354,06/13/2020,Dutchess,7,4056,766,45267,36027,11
3355,06/14/2020,Dutchess,12,4068,1161,46428,36027,8
3356,06/15/2020,Dutchess,7,4075,817,47245,36027,7
3357,06/16/2020,Dutchess,2,4077,841,48086,36027,6
3358,06/17/2020,Dutchess,11,4088,1071,49157,36027,11
3359,06/18/2020,Dutchess,22,4110,1206,50363,36027,16
3360,06/19/2020,Dutchess,17,4127,978,51341,36027,16
3361,06/20/2020,Dutchess,11,4138,1101,52442,36027,11
3362,06/21/2020,Dutchess,7,4145,781,53223,36027,7
3363,06/22/2020,Dutchess,5,4150,494,53717,36027,6
3364,06/23/2020,Dutchess,8,4158,595,54312,36027,10
3365,06/24/2020,Dutchess,18,4176,1245,55557,36027,9
3366,06/25/2020,Dutchess,3,4179,958,56515,36027,11
3367,06/26/2020,Dutchess,12,4191,1099,57614,36027,7
3368,06/27/2020,Dutchess,7,4198,828,58442,36027,7
3369,06/28/2020,Dutchess,3,4201,773,59215,36027,5
3370,06/29/2020,Dutchess,6,4207,422,59637,36027,5
3371,06/30/2020,Dutchess,6,4213,1015,60652,36027,8
3372,07/01/2020,Dutchess,12,4225,973,61625,36027,8
3373,07/02/2020,Dutchess,6,4231,967,62592,36027,8
3374,07/03/2020,Dutchess,7,4238,828,63420,36027,6
3375,07/04/2020,Dutchess,5,4243,1123,64543,36027,5
3376,07/05/2020,Dutchess,3,4246,1096,65639,36027,3
3377,07/06/2020,Dutchess,2,4248,772,66411,36027,2
3378,07/07/2020,Dutchess,2,4250,699,67110,36027,3
3379,07/08/2020,Dutchess,5,4255,1052,68162,36027,4
3380,07/09/2020,Dutchess,7,4262,1041,69203,36027,6
3381,07/10/2020,Dutchess,7,4269,1229,70432,36027,7
3382,07/11/2020,Dutchess,7,4276,1047,71479,36027,6
3383,07/12/2020,Dutchess,4,4280,839,72318,36027,16
3384,07/13/2020,Dutchess,38,4318,1153,73471,36027,20
3385,07/14/2020,Dutchess,19,4337,907,74378,36027,25
3386,07/15/2020,Dutchess,20,4357,1278,75656,36027,15
3387,07/16/2020,Dutchess,6,4363,1198,76854,36027,12
3388,07/17/2020,Dutchess,10,4373,1125,77979,36027,6
3389,07/18/2020,Dutchess,3,4376,802,78781,36027,4
3390,07/19/2020,Dutchess,0,4376,603,79384,36027,2
3391,07/20/2020,Dutchess,4,4380,852,80236,36027,3
3392,07/21/2020,Dutchess,7,4387,986,81222,36027,8
3393,07/22/2020,Dutchess,13,4400,1149,82371,36027,9
3394,07/23/2020,Dutchess,8,4408,1146,83517,36027,8
3395,07/24/2020,Dutchess,4,4412,1041,84558,36027,8
3396,07/25/2020,Dutchess,13,4425,921,85479,36027,10
3397,07/26/2020,Dutchess,15,4440,739,86218,36027,11
3398,07/27/2020,Dutchess,7,4447,1020,87238,36027,9
3399,07/28/2020,Dutchess,6,4453,1250,88488,36027,9
3400,07/29/2020,Dutchess,15,4468,1715,90203,36027,14
3401,07/30/2020,Dutchess,22,4490,1610,91813,36027,17
3402,07/31/2020,Dutchess,14,4504,1376,93189,36027,17
3403,08/01/2020,Dutchess,16,4520,1429,94618,36027,17
3404,08/02/2020,Dutchess,23,4543,1047,95665,36027,17
3405,08/03/2020,Dutchess,14,4557,796,96461,36027,16
3406,08/04/2020,Dutchess,11,4568,990,97451,36027,13
3407,08/05/2020,Dutchess,14,4582,1232,98683,36027,10
3408,08/06/2020,Dutchess,7,4589,992,99675,36027,10
3409,08/07/2020,Dutchess,11,4600,1191,100866,36027,8
3410,08/08/2020,Dutchess,7,4607,1244,102110,36027,8
3411,08/09/2020,Dutchess,6,4613,998,103108,36027,6
3412,08/10/2020,Dutchess,6,4619,885,103993,36027,8
3413,08/11/2020,Dutchess,12,4631,1114,105107,36027,9
3414,08/12/2020,Dutchess,9,4640,1362,106469,36027,12
3415,08/13/2020,Dutchess,15,4655,1549,108018,36027,12
3416,08/14/2020,Dutchess,13,4668,1797,109815,36027,15
3417,08/15/2020,Dutchess,18,4686,1581,111396,36027,15
3418,08/16/2020,Dutchess,14,4700,1177,112573,36027,12
3419,08/17/2020,Dutchess,4,4704,787,113360,36027,8
3420,08/18/2020,Dutchess,6,4710,1253,114613,36027,7
3421,08/19/2020,Dutchess,11,4721,1406,116019,36027,10
3422,08/20/2020,Dutchess,13,4734,1832,117851,36027,14
3423,08/21/2020,Dutchess,19,4753,1522,119373,36027,15
3424,08/22/2020,Dutchess,14,4767,1475,120848,36027,14
3425,08/23/2020,Dutchess,10,4777,1245,122093,36027,12
3426,08/24/2020,Dutchess,13,4790,1523,123616,36027,10
3427,08/25/2020,Dutchess,8,4798,1335,124951,36027,12
3428,08/26/2020,Dutchess,17,4815,2006,126957,36027,12
3429,08/27/2020,Dutchess,12,4827,1803,128760,36027,16
3430,08/28/2020,Dutchess,19,4846,2102,130862,36027,12
3431,08/29/2020,Dutchess,6,4852,1867,132729,36027,12
3432,08/30/2020,Dutchess,13,4865,1455,134184,36027,7
3433,08/31/2020,Dutchess,3,4868,1515,135699,36027,8
3434,09/01/2020,Dutchess,10,4878,1329,137028,36027,9
3435,09/02/2020,Dutchess,14,4892,1400,138428,36027,11
3436,09/03/2020,Dutchess,10,4902,1308,139736,36027,12
3437,09/04/2020,Dutchess,12,4914,1692,141428,36027,12
3438,09/05/2020,Dutchess,14,4928,1404,142832,36027,12
3439,09/06/2020,Dutchess,11,4939,992,143824,36027,10
3440,09/07/2020,Dutchess,5,4944,609,144433,36027,9
3441,09/08/2020,Dutchess,12,4956,867,145300,36027,7
3442,09/09/2020,Dutchess,6,4962,1341,146641,36027,10
3443,09/10/2020,Dutchess,13,4975,1436,148077,36027,9
3444,09/11/2020,Dutchess,9,4984,1632,149709,36027,8
3445,09/12/2020,Dutchess,2,4986,1298,151007,36027,6
3446,09/13/2020,Dutchess,8,4994,1157,152164,36027,7
3447,09/14/2020,Dutchess,12,5006,1047,153211,36027,9
3448,09/15/2020,Dutchess,8,5014,1186,154397,36027,16
3449,09/16/2020,Dutchess,28,5042,1294,155691,36027,14
3450,09/17/2020,Dutchess,8,5050,1205,156896,36027,13
3451,09/18/2020,Dutchess,3,5053,1444,158340,36027,5
3452,09/19/2020,Dutchess,6,5059,1591,159931,36027,8
3453,09/20/2020,Dutchess,17,5076,1090,161021,36027,10
3454,09/21/2020,Dutchess,8,5084,982,162003,36027,10
3455,09/22/2020,Dutchess,5,5089,910,162913,36027,9
3456,09/23/2020,Dutchess,16,5105,1303,164216,36027,8
3457,09/24/2020,Dutchess,3,5108,1388,165604,36027,8
3458,09/25/2020,Dutchess,7,5115,1346,166950,36027,5
3459,09/26/2020,Dutchess,5,5120,1218,168168,36027,5
3460,09/27/2020,Dutchess,4,5124,886,169054,36027,5
3461,09/28/2020,Dutchess,6,5130,896,169950,36027,5
3462,09/29/2020,Dutchess,7,5137,837,170787,36027,8
3463,09/30/2020,Dutchess,11,5148,1617,172404,36027,11
3464,10/01/2020,Dutchess,17,5165,2223,174627,36027,10
3465,10/02/2020,Dutchess,4,5169,2087,176714,36027,10
3466,10/03/2020,Dutchess,10,5179,1408,178122,36027,7
3467,10/04/2020,Dutchess,8,5187,1157,179279,36027,12
3468,10/05/2020,Dutchess,18,5205,1487,180766,36027,11
3469,10/06/2020,Dutchess,9,5214,1341,182107,36027,11
3470,10/07/2020,Dutchess,8,5222,2438,184545,36027,9
3471,10/08/2020,Dutchess,11,5233,1790,186335,36027,10
3472,10/09/2020,Dutchess,12,5245,1883,188218,36027,10
3473,10/10/2020,Dutchess,7,5252,1454,189672,36027,8
3474,10/11/2020,Dutchess,7,5259,1465,191137,36027,8
3475,10/12/2020,Dutchess,12,5271,1172,192309,36027,9
3476,10/13/2020,Dutchess,10,5281,1996,194305,36027,10
3477,10/14/2020,Dutchess,8,5289,1951,196256,36027,11
3478,10/15/2020,Dutchess,16,5305,1542,197798,36027,12
3479,10/16/2020,Dutchess,13,5318,2055,199853,36027,13
3480,10/17/2020,Dutchess,10,5328,1421,201274,36027,11
3481,10/18/2020,Dutchess,12,5340,1399,202673,36027,12
3482,10/19/2020,Dutchess,15,5355,1287,203960,36027,12
3483,10/20/2020,Dutchess,11,5366,1182,205142,36027,14
3484,10/21/2020,Dutchess,16,5382,1749,206891,36027,16
3485,10/22/2020,Dutchess,21,5403,2223,209114,36027,18
3486,10/23/2020,Dutchess,18,5421,1919,211033,36027,18
3487,10/24/2020,Dutchess,17,5438,1551,212584,36027,15
3488,10/25/2020,Dutchess,12,5450,1216,213800,36027,14
3489,10/26/2020,Dutchess,15,5465,1516,215316,36027,11
3490,10/27/2020,Dutchess,7,5472,1356,216672,36027,19
3491,10/28/2020,Dutchess,36,5508,2367,219039,36027,20
3492,10/29/2020,Dutchess,17,5525,1787,220826,36027,25
3493,10/30/2020,Dutchess,22,5547,1793,222619,36027,19
3494,10/31/2020,Dutchess,18,5565,1974,224593,36027,20
3495,11/01/2020,Dutchess,20,5585,1265,225858,36027,21
3496,11/02/2020,Dutchess,27,5612,1626,227484,36027,25
3497,11/03/2020,Dutchess,30,5642,1665,229149,36027,28
3498,11/04/2020,Dutchess,27,5669,1989,231138,36027,32
3499,11/05/2020,Dutchess,41,5710,1828,232966,36027,22
3500,03/01/2020,Erie,0,0,0,0,36029,0
3501,03/02/2020,Erie,0,0,0,0,36029,0
3502,03/03/2020,Erie,0,0,0,0,36029,0
3503,03/04/2020,Erie,0,0,6,6,36029,0
3504,03/05/2020,Erie,0,0,6,12,36029,0
3505,03/06/2020,Erie,0,0,0,12,36029,0
3506,03/07/2020,Erie,0,0,2,14,36029,0
3507,03/08/2020,Erie,0,0,1,15,36029,0
3508,03/09/2020,Erie,0,0,1,16,36029,0
3509,03/10/2020,Erie,0,0,2,18,36029,0
3510,03/11/2020,Erie,0,0,0,18,36029,0
3511,03/12/2020,Erie,0,0,13,31,36029,0
3512,03/13/2020,Erie,0,0,5,36,36029,1
3513,03/14/2020,Erie,3,3,22,58,36029,2
3514,03/15/2020,Erie,3,6,10,68,36029,2
3515,03/16/2020,Erie,1,7,2,70,36029,1
3516,03/17/2020,Erie,0,7,2,72,36029,7
3517,03/18/2020,Erie,21,28,130,202,36029,8
3518,03/19/2020,Erie,3,31,43,245,36029,10
3519,03/20/2020,Erie,7,38,55,300,36029,8
3520,03/21/2020,Erie,16,54,111,411,36029,18
3521,03/22/2020,Erie,33,87,247,658,36029,23
3522,03/23/2020,Erie,20,107,100,758,36029,22
3523,03/24/2020,Erie,15,122,114,872,36029,15
3524,03/25/2020,Erie,12,134,116,988,36029,37
3525,03/26/2020,Erie,85,219,348,1336,36029,65
3526,03/27/2020,Erie,99,318,370,1706,36029,74
3527,03/28/2020,Erie,40,358,126,1832,36029,52
3528,03/29/2020,Erie,18,376,67,1899,36029,40
3529,03/30/2020,Erie,62,438,189,2088,36029,35
3530,03/31/2020,Erie,26,464,119,2207,36029,80
3531,04/01/2020,Erie,153,617,571,2778,36029,94
3532,04/02/2020,Erie,103,720,429,3207,36029,114
3533,04/03/2020,Erie,88,808,317,3524,36029,100
3534,04/04/2020,Erie,110,918,402,3926,36029,101
3535,04/05/2020,Erie,105,1023,549,4475,36029,109
3536,04/06/2020,Erie,112,1135,396,4871,36029,95
3537,04/07/2020,Erie,70,1205,295,5166,36029,113
3538,04/08/2020,Erie,157,1362,458,5624,36029,91
3539,04/09/2020,Erie,47,1409,309,5933,36029,89
3540,04/10/2020,Erie,63,1472,297,6230,36029,69
3541,04/11/2020,Erie,99,1571,317,6547,36029,71
3542,04/12/2020,Erie,53,1624,182,6729,36029,65
3543,04/13/2020,Erie,44,1668,223,6952,36029,60
3544,04/14/2020,Erie,83,1751,326,7278,36029,75
3545,04/15/2020,Erie,99,1850,394,7672,36029,87
3546,04/16/2020,Erie,79,1929,348,8020,36029,82
3547,04/17/2020,Erie,68,1997,262,8282,36029,73
3548,04/18/2020,Erie,73,2070,367,8649,36029,60
3549,04/19/2020,Erie,39,2109,199,8848,36029,50
3550,04/20/2020,Erie,38,2147,258,9106,36029,54
3551,04/21/2020,Erie,86,2233,347,9453,36029,113
3552,04/22/2020,Erie,217,2450,1307,10760,36029,152
3553,04/23/2020,Erie,153,2603,982,11742,36029,180
3554,04/24/2020,Erie,170,2773,872,12614,36029,168
3555,04/25/2020,Erie,181,2954,795,13409,36029,139
3556,04/26/2020,Erie,67,3021,508,13917,36029,105
3557,04/27/2020,Erie,68,3089,586,14503,36029,80
3558,04/28/2020,Erie,107,3196,716,15219,36029,99
3559,04/29/2020,Erie,123,3319,885,16104,36029,130
3560,04/30/2020,Erie,162,3481,905,17009,36029,134
3561,05/01/2020,Erie,117,3598,1058,18067,36029,130
3562,05/02/2020,Erie,112,3710,799,18866,36029,107
3563,05/03/2020,Erie,92,3802,760,19626,36029,97
3564,05/04/2020,Erie,89,3891,779,20405,36029,99
3565,05/05/2020,Erie,117,4008,1498,21903,36029,111
3566,05/06/2020,Erie,128,4136,1164,23067,36029,121
3567,05/07/2020,Erie,119,4255,1008,24075,36029,109
3568,05/08/2020,Erie,82,4337,1049,25124,36029,105
3569,05/09/2020,Erie,116,4453,1231,26355,36029,76
3570,05/10/2020,Erie,30,4483,386,26741,36029,64
3571,05/11/2020,Erie,47,4530,696,27437,36029,51
3572,05/12/2020,Erie,76,4606,1591,29028,36029,62
3573,05/13/2020,Erie,65,4671,1664,30692,36029,84
3574,05/14/2020,Erie,111,4782,1690,32382,36029,87
3575,05/15/2020,Erie,85,4867,1164,33546,36029,94
3576,05/16/2020,Erie,87,4954,1827,35373,36029,70
3577,05/17/2020,Erie,39,4993,628,36001,36029,56
3578,05/18/2020,Erie,44,5037,934,36935,36029,59
3579,05/19/2020,Erie,94,5131,2198,39133,36029,92
3580,05/20/2020,Erie,139,5270,2974,42107,36029,120
3581,05/21/2020,Erie,127,5397,2175,44282,36029,140
3582,05/22/2020,Erie,155,5552,2767,47049,36029,118
3583,05/23/2020,Erie,74,5626,1742,48791,36029,101
3584,05/24/2020,Erie,74,5700,1718,50509,36029,67
3585,05/25/2020,Erie,53,5753,1334,51843,36029,61
3586,05/26/2020,Erie,57,5810,1572,53415,36029,62
3587,05/27/2020,Erie,76,5886,2367,55782,36029,60
3588,05/28/2020,Erie,49,5935,1944,57726,36029,68
3589,05/29/2020,Erie,79,6014,2434,60160,36029,61
3590,05/30/2020,Erie,56,6070,2402,62562,36029,62
3591,05/31/2020,Erie,53,6123,1951,64513,36029,53
3592,06/01/2020,Erie,50,6173,2225,66738,36029,54
3593,06/02/2020,Erie,61,6234,3364,70102,36029,61
3594,06/03/2020,Erie,74,6308,2639,72741,36029,62
3595,06/04/2020,Erie,51,6359,2896,75637,36029,65
3596,06/05/2020,Erie,70,6429,4101,79738,36029,59
3597,06/06/2020,Erie,57,6486,2102,81840,36029,57
3598,06/07/2020,Erie,45,6531,1670,83510,36029,55
3599,06/08/2020,Erie,64,6595,3600,87110,36029,43
3600,06/09/2020,Erie,21,6616,2358,89468,36029,42
3601,06/10/2020,Erie,43,6659,2427,91895,36029,40
3602,06/11/2020,Erie,58,6717,3047,94942,36029,45
3603,06/12/2020,Erie,36,6753,2819,97761,36029,42
3604,06/13/2020,Erie,32,6785,2624,100385,36029,33
3605,06/14/2020,Erie,32,6817,1796,102181,36029,33
3606,06/15/2020,Erie,35,6852,2174,104355,36029,32
3607,06/16/2020,Erie,30,6882,2419,106774,36029,34
3608,06/17/2020,Erie,38,6920,2888,109662,36029,34
3609,06/18/2020,Erie,35,6955,3405,113067,36029,32
3610,06/19/2020,Erie,25,6980,3055,116122,36029,28
3611,06/20/2020,Erie,24,7004,2204,118326,36029,26
3612,06/21/2020,Erie,31,7035,2224,120550,36029,31
3613,06/22/2020,Erie,38,7073,2083,122633,36029,34
3614,06/23/2020,Erie,35,7108,2861,125494,36029,34
3615,06/24/2020,Erie,30,7138,3065,128559,36029,36
3616,06/25/2020,Erie,43,7181,2620,131179,36029,32
3617,06/26/2020,Erie,25,7206,2428,133607,36029,30
3618,06/27/2020,Erie,22,7228,2116,135723,36029,22
3619,06/28/2020,Erie,21,7249,1787,137510,36029,28
3620,06/29/2020,Erie,43,7292,2534,140044,36029,36
3621,06/30/2020,Erie,45,7337,2670,142714,36029,40
3622,07/01/2020,Erie,33,7370,2959,145673,36029,45
3623,07/02/2020,Erie,57,7427,2920,148593,36029,41
3624,07/03/2020,Erie,35,7462,2542,151135,36029,35
3625,07/04/2020,Erie,13,7475,1775,152910,36029,24
3626,07/05/2020,Erie,25,7500,1603,154513,36029,27
3627,07/06/2020,Erie,44,7544,2750,157263,36029,40
3628,07/07/2020,Erie,52,7596,3240,160503,36029,41
3629,07/08/2020,Erie,28,7624,3212,163715,36029,38
3630,07/09/2020,Erie,36,7660,3299,167014,36029,38
3631,07/10/2020,Erie,51,7711,2752,169766,36029,39
3632,07/11/2020,Erie,31,7742,2421,172187,36029,35
3633,07/12/2020,Erie,24,7766,1765,173952,36029,40
3634,07/13/2020,Erie,67,7833,2651,176603,36029,49
3635,07/14/2020,Erie,58,7891,2975,179578,36029,53
3636,07/15/2020,Erie,36,7927,3015,182593,36029,49
3637,07/16/2020,Erie,55,7982,3391,185984,36029,41
3638,07/17/2020,Erie,34,8016,2039,188023,36029,36
3639,07/18/2020,Erie,19,8035,1699,189722,36029,21
3640,07/19/2020,Erie,11,8046,1434,191156,36029,30
3641,07/20/2020,Erie,60,8106,3225,194381,36029,33
3642,07/21/2020,Erie,29,8135,2772,197153,36029,47
3643,07/22/2020,Erie,52,8187,3067,200220,36029,42
3644,07/23/2020,Erie,47,8234,3348,203568,36029,49
3645,07/24/2020,Erie,48,8282,4090,207658,36029,38
3646,07/25/2020,Erie,19,8301,1879,209537,36029,31
3647,07/26/2020,Erie,26,8327,1845,211382,36029,27
3648,07/27/2020,Erie,37,8364,2806,214188,36029,36
3649,07/28/2020,Erie,46,8410,2416,216604,36029,35
3650,07/29/2020,Erie,24,8434,3886,220490,36029,42
3651,07/30/2020,Erie,58,8492,3108,223598,36029,46
3652,07/31/2020,Erie,56,8548,3740,227338,36029,46
3653,08/01/2020,Erie,24,8572,2624,229962,36029,44
3654,08/02/2020,Erie,54,8626,2148,232110,36029,39
3655,08/03/2020,Erie,41,8667,3906,236016,36029,43
3656,08/04/2020,Erie,35,8702,5925,241941,36029,37
3657,08/05/2020,Erie,35,8737,3420,245361,36029,41
3658,08/06/2020,Erie,54,8791,3434,248795,36029,49
3659,08/07/2020,Erie,59,8850,4495,253290,36029,55
3660,08/08/2020,Erie,54,8904,2649,255939,36029,42
3661,08/09/2020,Erie,14,8918,1745,257684,36029,45
3662,08/10/2020,Erie,69,8987,4022,261706,36029,36
3663,08/11/2020,Erie,26,9013,3239,264945,36029,38
3664,08/12/2020,Erie,20,9033,2742,267687,36029,25
3665,08/13/2020,Erie,31,9064,3467,271154,36029,33
3666,08/14/2020,Erie,50,9114,3109,274263,36029,38
3667,08/15/2020,Erie,33,9147,2644,276907,36029,31
3668,08/16/2020,Erie,10,9157,1992,278899,36029,24
3669,08/17/2020,Erie,30,9187,2900,281799,36029,31
3670,08/18/2020,Erie,54,9241,3346,285145,36029,42
3671,08/19/2020,Erie,42,9283,3339,288484,36029,59
3672,08/20/2020,Erie,81,9364,4163,292647,36029,57
3673,08/21/2020,Erie,49,9413,3703,296350,36029,60
3674,08/22/2020,Erie,52,9465,2255,298605,36029,42
3675,08/23/2020,Erie,26,9491,1452,300057,36029,44
3676,08/24/2020,Erie,55,9546,3320,303377,36029,41
3677,08/25/2020,Erie,43,9589,2649,306026,36029,59
3678,08/26/2020,Erie,79,9668,3893,309919,36029,55
3679,08/27/2020,Erie,45,9713,4199,314118,36029,50
3680,08/28/2020,Erie,28,9741,3012,317130,36029,46
3681,08/29/2020,Erie,66,9807,3774,320904,36029,53
3682,08/30/2020,Erie,65,9872,2691,323595,36029,68
3683,08/31/2020,Erie,75,9947,3839,327434,36029,70
3684,09/01/2020,Erie,70,10017,4364,331798,36029,71
3685,09/02/2020,Erie,69,10086,3801,335599,36029,69
3686,09/03/2020,Erie,70,10156,3606,339205,36029,65
3687,09/04/2020,Erie,56,10212,4124,343329,36029,60
3688,09/05/2020,Erie,54,10266,2017,345346,36029,54
3689,09/06/2020,Erie,54,10320,2176,347522,36029,44
3690,09/07/2020,Erie,26,10346,2250,349772,36029,42
3691,09/08/2020,Erie,48,10394,2523,352295,36029,41
3692,09/09/2020,Erie,50,10444,4218,356513,36029,52
3693,09/10/2020,Erie,59,10503,3118,359631,36029,57
3694,09/11/2020,Erie,64,10567,3728,363359,36029,64
3695,09/12/2020,Erie,70,10637,3130,366489,36029,55
3696,09/13/2020,Erie,31,10668,2288,368777,36029,49
3697,09/14/2020,Erie,48,10716,2882,371659,36029,38
3698,09/15/2020,Erie,36,10752,2568,374227,36029,55
3699,09/16/2020,Erie,81,10833,4437,378664,36029,52
3700,09/17/2020,Erie,40,10873,2670,381334,36029,55
3701,09/18/2020,Erie,44,10917,4544,385878,36029,55
3702,09/19/2020,Erie,82,10999,4104,389982,36029,56
3703,09/20/2020,Erie,43,11042,2187,392169,36029,55
3704,09/21/2020,Erie,40,11082,2592,394761,36029,37
3705,09/22/2020,Erie,30,11112,3058,397819,36029,53
3706,09/23/2020,Erie,89,11201,4107,401926,36029,56
3707,09/24/2020,Erie,50,11251,3783,405709,36029,65
3708,09/25/2020,Erie,57,11308,3901,409610,36029,47
3709,09/26/2020,Erie,34,11342,3908,413518,36029,36
3710,09/27/2020,Erie,17,11359,1515,415033,36029,45
3711,09/28/2020,Erie,86,11445,5162,420195,36029,52
3712,09/29/2020,Erie,55,11500,5326,425521,36029,71
3713,09/30/2020,Erie,74,11574,3856,429377,36029,64
3714,10/01/2020,Erie,63,11637,5162,434539,36029,65
3715,10/02/2020,Erie,60,11697,4462,439001,36029,64
3716,10/03/2020,Erie,70,11767,6965,445966,36029,53
3717,10/04/2020,Erie,31,11798,2448,448414,36029,55
3718,10/05/2020,Erie,66,11864,3354,451768,36029,43
3719,10/06/2020,Erie,34,11898,3953,455721,36029,51
3720,10/07/2020,Erie,55,11953,4054,459775,36029,44
3721,10/08/2020,Erie,45,11998,4900,464675,36029,52
3722,10/09/2020,Erie,57,12055,4372,469047,36029,51
3723,10/10/2020,Erie,52,12107,3399,472446,36029,52
3724,10/11/2020,Erie,47,12154,3798,476244,36029,42
3725,10/12/2020,Erie,28,12182,3453,479697,36029,36
3726,10/13/2020,Erie,34,12216,3972,483669,36029,38
3727,10/14/2020,Erie,53,12269,4562,488231,36029,47
3728,10/15/2020,Erie,55,12324,4569,492800,36029,59
3729,10/16/2020,Erie,69,12393,5236,498036,36029,60
3730,10/17/2020,Erie,58,12451,3684,501720,36029,48
3731,10/18/2020,Erie,17,12468,2065,503785,36029,40
3732,10/19/2020,Erie,45,12513,4108,507893,36029,41
3733,10/20/2020,Erie,61,12574,4398,512291,36029,60
3734,10/21/2020,Erie,76,12650,5874,518165,36029,64
3735,10/22/2020,Erie,55,12705,4845,523010,36029,69
3736,10/23/2020,Erie,77,12782,7071,530081,36029,56
3737,10/24/2020,Erie,37,12819,2645,532726,36029,50
3738,10/25/2020,Erie,36,12855,3109,535835,36029,63
3739,10/26/2020,Erie,116,12971,4264,540099,36029,67
3740,10/27/2020,Erie,50,13021,4485,544584,36029,102
3741,10/28/2020,Erie,140,13161,4756,549340,36029,97
3742,10/29/2020,Erie,101,13262,4797,554137,36029,130
3743,10/30/2020,Erie,151,13413,5294,559431,36029,123
3744,10/31/2020,Erie,118,13531,4416,563847,36029,107
3745,11/01/2020,Erie,53,13584,2604,566451,36029,111
3746,11/02/2020,Erie,164,13748,4798,571249,36029,125
3747,11/03/2020,Erie,160,13908,3924,575173,36029,179
3748,11/04/2020,Erie,215,14123,5681,580854,36029,196
3749,11/05/2020,Erie,215,14338,6263,587117,36029,143
3750,03/01/2020,Essex,0,0,0,0,36031,0
3751,03/02/2020,Essex,0,0,0,0,36031,0
3752,03/03/2020,Essex,0,0,0,0,36031,0
3753,03/04/2020,Essex,0,0,0,0,36031,0
3754,03/05/2020,Essex,0,0,0,0,36031,0
3755,03/06/2020,Essex,0,0,0,0,36031,0
3756,03/07/2020,Essex,0,0,0,0,36031,0
3757,03/08/2020,Essex,0,0,0,0,36031,0
3758,03/09/2020,Essex,0,0,0,0,36031,0
3759,03/10/2020,Essex,0,0,0,0,36031,0
3760,03/11/2020,Essex,0,0,0,0,36031,0
3761,03/12/2020,Essex,0,0,0,0,36031,0
3762,03/13/2020,Essex,0,0,2,2,36031,0
3763,03/14/2020,Essex,0,0,1,3,36031,0
3764,03/15/2020,Essex,0,0,2,5,36031,0
3765,03/16/2020,Essex,0,0,0,5,36031,0
3766,03/17/2020,Essex,1,1,2,7,36031,0
3767,03/18/2020,Essex,0,1,1,8,36031,0
3768,03/19/2020,Essex,0,1,10,18,36031,0
3769,03/20/2020,Essex,1,2,5,23,36031,0
3770,03/21/2020,Essex,1,3,8,31,36031,0
3771,03/22/2020,Essex,0,3,2,33,36031,0
3772,03/23/2020,Essex,0,3,11,44,36031,0
3773,03/24/2020,Essex,1,4,6,50,36031,0
3774,03/25/2020,Essex,0,4,7,57,36031,0
3775,03/26/2020,Essex,0,4,6,63,36031,0
3776,03/27/2020,Essex,0,4,5,68,36031,0
3777,03/28/2020,Essex,0,4,3,71,36031,0
3778,03/29/2020,Essex,0,4,3,74,36031,0
3779,03/30/2020,Essex,0,4,5,79,36031,0
3780,03/31/2020,Essex,2,6,8,87,36031,0
3781,04/01/2020,Essex,0,6,2,89,36031,0
3782,04/02/2020,Essex,0,6,2,91,36031,0
3783,04/03/2020,Essex,1,7,7,98,36031,0
3784,04/04/2020,Essex,0,7,4,102,36031,0
3785,04/05/2020,Essex,0,7,4,106,36031,0
3786,04/06/2020,Essex,0,7,5,111,36031,0
3787,04/07/2020,Essex,0,7,4,115,36031,0
3788,04/08/2020,Essex,1,8,6,121,36031,1
3789,04/09/2020,Essex,2,10,13,134,36031,1
3790,04/10/2020,Essex,2,12,4,138,36031,1
3791,04/11/2020,Essex,0,12,12,150,36031,0
3792,04/12/2020,Essex,0,12,5,155,36031,0
3793,04/13/2020,Essex,0,12,24,179,36031,0
3794,04/14/2020,Essex,0,12,3,182,36031,0
3795,04/15/2020,Essex,0,12,8,190,36031,1
3796,04/16/2020,Essex,3,15,6,196,36031,1
3797,04/17/2020,Essex,1,16,5,201,36031,2
3798,04/18/2020,Essex,2,18,10,211,36031,1
3799,04/19/2020,Essex,2,20,4,215,36031,1
3800,04/20/2020,Essex,1,21,5,220,36031,1
3801,04/21/2020,Essex,1,22,2,222,36031,0
3802,04/22/2020,Essex,0,22,1,223,36031,0
3803,04/23/2020,Essex,0,22,6,229,36031,0
3804,04/24/2020,Essex,2,24,35,264,36031,0
3805,04/25/2020,Essex,0,24,15,279,36031,0
3806,04/26/2020,Essex,0,24,27,306,36031,0
3807,04/27/2020,Essex,2,26,16,322,36031,1
3808,04/28/2020,Essex,1,27,19,341,36031,1
3809,04/29/2020,Essex,1,28,22,363,36031,0
3810,04/30/2020,Essex,0,28,27,390,36031,0
3811,05/01/2020,Essex,0,28,31,421,36031,0
3812,05/02/2020,Essex,1,29,23,444,36031,0
3813,05/03/2020,Essex,0,29,10,454,36031,0
3814,05/04/2020,Essex,1,30,26,480,36031,0
3815,05/05/2020,Essex,0,30,18,498,36031,0
3816,05/06/2020,Essex,0,30,15,513,36031,0
3817,05/07/2020,Essex,1,31,69,582,36031,0
3818,05/08/2020,Essex,0,31,64,646,36031,0
3819,05/09/2020,Essex,1,32,111,757,36031,0
3820,05/10/2020,Essex,0,32,31,788,36031,0
3821,05/11/2020,Essex,0,32,12,800,36031,0
3822,05/12/2020,Essex,0,32,77,877,36031,0
3823,05/13/2020,Essex,0,32,60,937,36031,0
3824,05/14/2020,Essex,0,32,34,971,36031,0
3825,05/15/2020,Essex,0,32,173,1144,36031,0
3826,05/16/2020,Essex,1,33,146,1290,36031,0
3827,05/17/2020,Essex,0,33,161,1451,36031,0
3828,05/18/2020,Essex,1,34,16,1467,36031,0
3829,05/19/2020,Essex,0,34,43,1510,36031,1
3830,05/20/2020,Essex,2,36,162,1672,36031,0
3831,05/21/2020,Essex,0,36,115,1787,36031,0
3832,05/22/2020,Essex,0,36,89,1876,36031,0
3833,05/23/2020,Essex,0,36,182,2058,36031,0
3834,05/24/2020,Essex,0,36,88,2146,36031,0
3835,05/25/2020,Essex,0,36,68,2214,36031,0
3836,05/26/2020,Essex,0,36,71,2285,36031,0
3837,05/27/2020,Essex,0,36,85,2370,36031,0
3838,05/28/2020,Essex,0,36,151,2521,36031,0
3839,05/29/2020,Essex,0,36,95,2616,36031,0
3840,05/30/2020,Essex,1,37,258,2874,36031,0
3841,05/31/2020,Essex,0,37,144,3018,36031,0
3842,06/01/2020,Essex,1,38,64,3082,36031,0
3843,06/02/2020,Essex,0,38,109,3191,36031,0
3844,06/03/2020,Essex,0,38,193,3384,36031,0
3845,06/04/2020,Essex,0,38,106,3490,36031,0
3846,06/05/2020,Essex,0,38,96,3586,36031,0
3847,06/06/2020,Essex,0,38,178,3764,36031,0
3848,06/07/2020,Essex,1,39,160,3924,36031,0
3849,06/08/2020,Essex,1,40,25,3949,36031,0
3850,06/09/2020,Essex,0,40,147,4096,36031,0
3851,06/10/2020,Essex,0,40,159,4255,36031,0
3852,06/11/2020,Essex,0,40,135,4390,36031,0
3853,06/12/2020,Essex,0,40,75,4465,36031,0
3854,06/13/2020,Essex,0,40,196,4661,36031,0
3855,06/14/2020,Essex,0,40,74,4735,36031,0
3856,06/15/2020,Essex,0,40,65,4800,36031,0
3857,06/16/2020,Essex,0,40,47,4847,36031,0
3858,06/17/2020,Essex,0,40,105,4952,36031,0
3859,06/18/2020,Essex,0,40,172,5124,36031,0
3860,06/19/2020,Essex,1,41,78,5202,36031,0
3861,06/20/2020,Essex,0,41,109,5311,36031,0
3862,06/21/2020,Essex,0,41,79,5390,36031,0
3863,06/22/2020,Essex,0,41,88,5478,36031,0
3864,06/23/2020,Essex,0,41,108,5586,36031,0
3865,06/24/2020,Essex,0,41,100,5686,36031,0
3866,06/25/2020,Essex,0,41,65,5751,36031,0
3867,06/26/2020,Essex,1,42,176,5927,36031,0
3868,06/27/2020,Essex,0,42,93,6020,36031,0
3869,06/28/2020,Essex,0,42,109,6129,36031,0
3870,06/29/2020,Essex,0,42,39,6168,36031,0
3871,06/30/2020,Essex,0,42,120,6288,36031,0
3872,07/01/2020,Essex,0,42,125,6413,36031,1
3873,07/02/2020,Essex,4,46,116,6529,36031,1
3874,07/03/2020,Essex,1,47,58,6587,36031,2
3875,07/04/2020,Essex,1,48,166,6753,36031,1
3876,07/05/2020,Essex,1,49,169,6922,36031,0
3877,07/06/2020,Essex,0,49,135,7057,36031,0
3878,07/07/2020,Essex,0,49,58,7115,36031,0
3879,07/08/2020,Essex,2,51,135,7250,36031,0
3880,07/09/2020,Essex,0,51,85,7335,36031,0
3881,07/10/2020,Essex,0,51,104,7439,36031,0
3882,07/11/2020,Essex,0,51,104,7543,36031,0
3883,07/12/2020,Essex,0,51,74,7617,36031,0
3884,07/13/2020,Essex,0,51,126,7743,36031,0
3885,07/14/2020,Essex,0,51,55,7798,36031,0
3886,07/15/2020,Essex,0,51,80,7878,36031,0
3887,07/16/2020,Essex,0,51,69,7947,36031,0
3888,07/17/2020,Essex,0,51,88,8035,36031,0
3889,07/18/2020,Essex,0,51,57,8092,36031,0
3890,07/19/2020,Essex,0,51,60,8152,36031,0
3891,07/20/2020,Essex,0,51,131,8283,36031,1
3892,07/21/2020,Essex,3,54,152,8435,36031,1
3893,07/22/2020,Essex,0,54,134,8569,36031,1
3894,07/23/2020,Essex,0,54,101,8670,36031,0
3895,07/24/2020,Essex,0,54,146,8816,36031,0
3896,07/25/2020,Essex,0,54,98,8914,36031,0
3897,07/26/2020,Essex,1,55,59,8973,36031,0
3898,07/27/2020,Essex,0,55,90,9063,36031,0
3899,07/28/2020,Essex,0,55,113,9176,36031,0
3900,07/29/2020,Essex,0,55,106,9282,36031,0
3901,07/30/2020,Essex,0,55,38,9320,36031,0
3902,07/31/2020,Essex,0,55,127,9447,36031,0
3903,08/01/2020,Essex,0,55,110,9557,36031,0
3904,08/02/2020,Essex,0,55,152,9709,36031,0
3905,08/03/2020,Essex,0,55,141,9850,36031,0
3906,08/04/2020,Essex,0,55,255,10105,36031,0
3907,08/05/2020,Essex,0,55,50,10155,36031,0
3908,08/06/2020,Essex,0,55,53,10208,36031,0
3909,08/07/2020,Essex,0,55,159,10367,36031,0
3910,08/08/2020,Essex,0,55,110,10477,36031,0
3911,08/09/2020,Essex,0,55,75,10552,36031,0
3912,08/10/2020,Essex,1,56,125,10677,36031,0
3913,08/11/2020,Essex,0,56,96,10773,36031,0
3914,08/12/2020,Essex,0,56,121,10894,36031,0
3915,08/13/2020,Essex,1,57,60,10954,36031,1
3916,08/14/2020,Essex,2,59,131,11085,36031,1
3917,08/15/2020,Essex,0,59,168,11253,36031,0
3918,08/16/2020,Essex,0,59,76,11329,36031,1
3919,08/17/2020,Essex,4,63,139,11468,36031,1
3920,08/18/2020,Essex,0,63,60,11528,36031,8
3921,08/19/2020,Essex,22,85,131,11659,36031,7
3922,08/20/2020,Essex,0,85,149,11808,36031,11
3923,08/21/2020,Essex,13,98,182,11990,36031,5
3924,08/22/2020,Essex,2,100,121,12111,36031,5
3925,08/23/2020,Essex,0,100,124,12235,36031,1
3926,08/24/2020,Essex,1,101,99,12334,36031,1
3927,08/25/2020,Essex,4,105,117,12451,36031,6
3928,08/26/2020,Essex,14,119,246,12697,36031,8
3929,08/27/2020,Essex,7,126,102,12799,36031,7
3930,08/28/2020,Essex,0,126,191,12990,36031,3
3931,08/29/2020,Essex,2,128,190,13180,36031,1
3932,08/30/2020,Essex,1,129,167,13347,36031,1
3933,08/31/2020,Essex,2,131,197,13544,36031,2
3934,09/01/2020,Essex,4,135,207,13751,36031,4
3935,09/02/2020,Essex,6,141,117,13868,36031,4
3936,09/03/2020,Essex,4,145,106,13974,36031,4
3937,09/04/2020,Essex,2,147,179,14153,36031,2
3938,09/05/2020,Essex,1,148,208,14361,36031,1
3939,09/06/2020,Essex,1,149,106,14467,36031,0
3940,09/07/2020,Essex,0,149,62,14529,36031,0
3941,09/08/2020,Essex,0,149,67,14596,36031,0
3942,09/09/2020,Essex,1,150,85,14681,36031,0
3943,09/10/2020,Essex,0,150,133,14814,36031,0
3944,09/11/2020,Essex,1,151,241,15055,36031,0
3945,09/12/2020,Essex,0,151,115,15170,36031,0
3946,09/13/2020,Essex,0,151,47,15217,36031,0
3947,09/14/2020,Essex,2,153,110,15327,36031,1
3948,09/15/2020,Essex,1,154,80,15407,36031,1
3949,09/16/2020,Essex,0,154,87,15494,36031,1
3950,09/17/2020,Essex,3,157,160,15654,36031,1
3951,09/18/2020,Essex,1,158,208,15862,36031,2
3952,09/19/2020,Essex,2,160,106,15968,36031,1
3953,09/20/2020,Essex,0,160,60,16028,36031,1
3954,09/21/2020,Essex,1,161,167,16195,36031,0
3955,09/22/2020,Essex,0,161,95,16290,36031,1
3956,09/23/2020,Essex,3,164,219,16509,36031,1
3957,09/24/2020,Essex,0,164,180,16689,36031,2
3958,09/25/2020,Essex,3,167,239,16928,36031,1
3959,09/26/2020,Essex,0,167,195,17123,36031,1
3960,09/27/2020,Essex,1,168,80,17203,36031,0
3961,09/28/2020,Essex,0,168,170,17373,36031,0
3962,09/29/2020,Essex,1,169,233,17606,36031,0
3963,09/30/2020,Essex,0,169,148,17754,36031,0
3964,10/01/2020,Essex,0,169,191,17945,36031,0
3965,10/02/2020,Essex,1,170,225,18170,36031,0
3966,10/03/2020,Essex,0,170,98,18268,36031,0
3967,10/04/2020,Essex,1,171,80,18348,36031,0
3968,10/05/2020,Essex,1,172,240,18588,36031,1
3969,10/06/2020,Essex,2,174,107,18695,36031,1
3970,10/07/2020,Essex,2,176,127,18822,36031,1
3971,10/08/2020,Essex,1,177,164,18986,36031,1
3972,10/09/2020,Essex,1,178,174,19160,36031,0
3973,10/10/2020,Essex,0,178,176,19336,36031,0
3974,10/11/2020,Essex,1,179,102,19438,36031,1
3975,10/12/2020,Essex,2,181,219,19657,36031,1
3976,10/13/2020,Essex,0,181,142,19799,36031,1
3977,10/14/2020,Essex,1,182,142,19941,36031,1
3978,10/15/2020,Essex,2,184,155,20096,36031,3
3979,10/16/2020,Essex,6,190,185,20281,36031,3
3980,10/17/2020,Essex,2,192,108,20389,36031,3
3981,10/18/2020,Essex,2,194,137,20526,36031,1
3982,10/19/2020,Essex,0,194,196,20722,36031,0
3983,10/20/2020,Essex,0,194,142,20864,36031,0
3984,10/21/2020,Essex,1,195,359,21223,36031,0
3985,10/22/2020,Essex,0,195,231,21454,36031,0
3986,10/23/2020,Essex,1,196,341,21795,36031,0
3987,10/24/2020,Essex,1,197,180,21975,36031,0
3988,10/25/2020,Essex,0,197,172,22147,36031,0
3989,10/26/2020,Essex,0,197,155,22302,36031,0
3990,10/27/2020,Essex,1,198,134,22436,36031,0
3991,10/28/2020,Essex,1,199,227,22663,36031,0
3992,10/29/2020,Essex,0,199,230,22893,36031,1
3993,10/30/2020,Essex,4,203,272,23165,36031,1
3994,10/31/2020,Essex,0,203,183,23348,36031,1
3995,11/01/2020,Essex,1,204,97,23445,36031,1
3996,11/02/2020,Essex,3,207,245,23690,36031,2
3997,11/03/2020,Essex,3,210,148,23838,36031,2
3998,11/04/2020,Essex,2,212,218,24056,36031,2
3999,11/05/2020,Essex,1,213,252,24308,36031,1
4000,03/01/2020,Franklin,0,0,0,0,36033,0
4001,03/02/2020,Franklin,0,0,0,0,36033,0
4002,03/03/2020,Franklin,0,0,0,0,36033,0
4003,03/04/2020,Franklin,0,0,0,0,36033,0
4004,03/05/2020,Franklin,0,0,0,0,36033,0
4005,03/06/2020,Franklin,0,0,0,0,36033,0
4006,03/07/2020,Franklin,0,0,0,0,36033,0
4007,03/08/2020,Franklin,0,0,0,0,36033,0
4008,03/09/2020,Franklin,0,0,0,0,36033,0
4009,03/10/2020,Franklin,0,0,0,0,36033,0
4010,03/11/2020,Franklin,0,0,0,0,36033,0
4011,03/12/2020,Franklin,0,0,1,1,36033,0
4012,03/13/2020,Franklin,0,0,0,1,36033,0
4013,03/14/2020,Franklin,0,0,1,2,36033,0
4014,03/15/2020,Franklin,0,0,0,2,36033,0
4015,03/16/2020,Franklin,0,0,3,5,36033,0
4016,03/17/2020,Franklin,0,0,1,6,36033,0
4017,03/18/2020,Franklin,0,0,5,11,36033,0
4018,03/19/2020,Franklin,0,0,6,17,36033,0
4019,03/20/2020,Franklin,0,0,5,22,36033,0
4020,03/21/2020,Franklin,0,0,10,32,36033,0
4021,03/22/2020,Franklin,0,0,8,40,36033,0
4022,03/23/2020,Franklin,0,0,3,43,36033,0
4023,03/24/2020,Franklin,1,1,4,47,36033,0
4024,03/25/2020,Franklin,0,1,5,52,36033,0
4025,03/26/2020,Franklin,1,2,11,63,36033,1
4026,03/27/2020,Franklin,2,4,10,73,36033,1
4027,03/28/2020,Franklin,2,6,9,82,36033,1
4028,03/29/2020,Franklin,0,6,14,96,36033,1
4029,03/30/2020,Franklin,3,9,10,106,36033,1
4030,03/31/2020,Franklin,0,9,9,115,36033,1
4031,04/01/2020,Franklin,0,9,8,123,36033,0
4032,04/02/2020,Franklin,1,10,19,142,36033,0
4033,04/03/2020,Franklin,0,10,4,146,36033,0
4034,04/04/2020,Franklin,0,10,6,152,36033,0
4035,04/05/2020,Franklin,0,10,5,157,36033,0
4036,04/06/2020,Franklin,0,10,5,162,36033,0
4037,04/07/2020,Franklin,0,10,7,169,36033,0
4038,04/08/2020,Franklin,1,11,5,174,36033,0
4039,04/09/2020,Franklin,0,11,6,180,36033,0
4040,04/10/2020,Franklin,0,11,5,185,36033,0
4041,04/11/2020,Franklin,1,12,8,193,36033,0
4042,04/12/2020,Franklin,0,12,6,199,36033,0
4043,04/13/2020,Franklin,1,13,13,212,36033,0
4044,04/14/2020,Franklin,0,13,4,216,36033,0
4045,04/15/2020,Franklin,0,13,11,227,36033,0
4046,04/16/2020,Franklin,0,13,3,230,36033,0
4047,04/17/2020,Franklin,0,13,9,239,36033,0
4048,04/18/2020,Franklin,0,13,9,248,36033,0
4049,04/19/2020,Franklin,0,13,5,253,36033,0
4050,04/20/2020,Franklin,0,13,3,256,36033,0
4051,04/21/2020,Franklin,0,13,2,258,36033,0
4052,04/22/2020,Franklin,0,13,8,266,36033,0
4053,04/23/2020,Franklin,0,13,9,275,36033,0
4054,04/24/2020,Franklin,1,14,35,310,36033,0
4055,04/25/2020,Franklin,0,14,3,313,36033,0
4056,04/26/2020,Franklin,0,14,17,330,36033,0
4057,04/27/2020,Franklin,0,14,13,343,36033,0
4058,04/28/2020,Franklin,1,15,17,360,36033,0
4059,04/29/2020,Franklin,0,15,14,374,36033,0
4060,04/30/2020,Franklin,0,15,16,390,36033,0
4061,05/01/2020,Franklin,0,15,9,399,36033,0
4062,05/02/2020,Franklin,0,15,9,408,36033,0
4063,05/03/2020,Franklin,1,16,15,423,36033,0
4064,05/04/2020,Franklin,0,16,11,434,36033,0
4065,05/05/2020,Franklin,0,16,15,449,36033,0
4066,05/06/2020,Franklin,0,16,18,467,36033,0
4067,05/07/2020,Franklin,1,17,82,549,36033,0
4068,05/08/2020,Franklin,0,17,24,573,36033,0
4069,05/09/2020,Franklin,0,17,50,623,36033,0
4070,05/10/2020,Franklin,0,17,53,676,36033,0
4071,05/11/2020,Franklin,0,17,91,767,36033,0
4072,05/12/2020,Franklin,0,17,52,819,36033,0
4073,05/13/2020,Franklin,0,17,56,875,36033,0
4074,05/14/2020,Franklin,0,17,48,923,36033,0
4075,05/15/2020,Franklin,1,18,196,1119,36033,0
4076,05/16/2020,Franklin,0,18,126,1245,36033,0
4077,05/17/2020,Franklin,0,18,285,1530,36033,0
4078,05/18/2020,Franklin,0,18,9,1539,36033,0
4079,05/19/2020,Franklin,0,18,55,1594,36033,0
4080,05/20/2020,Franklin,1,19,245,1839,36033,0
4081,05/21/2020,Franklin,0,19,194,2033,36033,0
4082,05/22/2020,Franklin,1,20,83,2116,36033,0
4083,05/23/2020,Franklin,0,20,178,2294,36033,0
4084,05/24/2020,Franklin,0,20,138,2432,36033,0
4085,05/25/2020,Franklin,0,20,219,2651,36033,0
4086,05/26/2020,Franklin,0,20,84,2735,36033,0
4087,05/27/2020,Franklin,0,20,157,2892,36033,0
4088,05/28/2020,Franklin,1,21,118,3010,36033,0
4089,05/29/2020,Franklin,1,22,129,3139,36033,0
4090,05/30/2020,Franklin,0,22,151,3290,36033,0
4091,05/31/2020,Franklin,1,23,167,3457,36033,0
4092,06/01/2020,Franklin,0,23,42,3499,36033,0
4093,06/02/2020,Franklin,0,23,222,3721,36033,0
4094,06/03/2020,Franklin,0,23,262,3983,36033,0
4095,06/04/2020,Franklin,0,23,120,4103,36033,0
4096,06/05/2020,Franklin,0,23,207,4310,36033,0
4097,06/06/2020,Franklin,0,23,198,4508,36033,0
4098,06/07/2020,Franklin,0,23,272,4780,36033,0
4099,06/08/2020,Franklin,0,23,53,4833,36033,0
4100,06/09/2020,Franklin,0,23,127,4960,36033,0
4101,06/10/2020,Franklin,0,23,156,5116,36033,0
4102,06/11/2020,Franklin,1,24,205,5321,36033,0
4103,06/12/2020,Franklin,1,25,142,5463,36033,0
4104,06/13/2020,Franklin,0,25,162,5625,36033,0
4105,06/14/2020,Franklin,0,25,160,5785,36033,0
4106,06/15/2020,Franklin,0,25,67,5852,36033,0
4107,06/16/2020,Franklin,0,25,54,5906,36033,0
4108,06/17/2020,Franklin,1,26,136,6042,36033,0
4109,06/18/2020,Franklin,1,27,163,6205,36033,0
4110,06/19/2020,Franklin,0,27,251,6456,36033,0
4111,06/20/2020,Franklin,0,27,147,6603,36033,0
4112,06/21/2020,Franklin,0,27,200,6803,36033,0
4113,06/22/2020,Franklin,1,28,39,6842,36033,0
4114,06/23/2020,Franklin,0,28,55,6897,36033,0
4115,06/24/2020,Franklin,0,28,90,6987,36033,0
4116,06/25/2020,Franklin,0,28,112,7099,36033,0
4117,06/26/2020,Franklin,1,29,214,7313,36033,0
4118,06/27/2020,Franklin,0,29,136,7449,36033,0
4119,06/28/2020,Franklin,1,30,128,7577,36033,0
4120,06/29/2020,Franklin,0,30,28,7605,36033,0
4121,06/30/2020,Franklin,1,31,143,7748,36033,0
4122,07/01/2020,Franklin,1,32,89,7837,36033,1
4123,07/02/2020,Franklin,1,33,78,7915,36033,0
4124,07/03/2020,Franklin,0,33,50,7965,36033,0
4125,07/04/2020,Franklin,0,33,156,8121,36033,0
4126,07/05/2020,Franklin,0,33,126,8247,36033,0
4127,07/06/2020,Franklin,0,33,138,8385,36033,0
4128,07/07/2020,Franklin,0,33,177,8562,36033,0
4129,07/08/2020,Franklin,1,34,196,8758,36033,0
4130,07/09/2020,Franklin,1,35,187,8945,36033,0
4131,07/10/2020,Franklin,0,35,91,9036,36033,0
4132,07/11/2020,Franklin,1,36,180,9216,36033,0
4133,07/12/2020,Franklin,0,36,143,9359,36033,0
4134,07/13/2020,Franklin,0,36,91,9450,36033,0
4135,07/14/2020,Franklin,1,37,99,9549,36033,0
4136,07/15/2020,Franklin,1,38,94,9643,36033,1
4137,07/16/2020,Franklin,1,39,109,9752,36033,1
4138,07/17/2020,Franklin,1,40,183,9935,36033,0
4139,07/18/2020,Franklin,0,40,184,10119,36033,0
4140,07/19/2020,Franklin,0,40,97,10216,36033,0
4141,07/20/2020,Franklin,2,42,199,10415,36033,0
4142,07/21/2020,Franklin,0,42,150,10565,36033,0
4143,07/22/2020,Franklin,0,42,248,10813,36033,0
4144,07/23/2020,Franklin,0,42,107,10920,36033,0
4145,07/24/2020,Franklin,0,42,321,11241,36033,0
4146,07/25/2020,Franklin,2,44,178,11419,36033,0
4147,07/26/2020,Franklin,0,44,185,11604,36033,1
4148,07/27/2020,Franklin,3,47,146,11750,36033,1
4149,07/28/2020,Franklin,1,48,90,11840,36033,1
4150,07/29/2020,Franklin,0,48,78,11918,36033,1
4151,07/30/2020,Franklin,2,50,87,12005,36033,0
4152,07/31/2020,Franklin,0,50,288,12293,36033,0
4153,08/01/2020,Franklin,0,50,135,12428,36033,0
4154,08/02/2020,Franklin,0,50,88,12516,36033,0
4155,08/03/2020,Franklin,0,50,164,12680,36033,0
4156,08/04/2020,Franklin,2,52,134,12814,36033,0
4157,08/05/2020,Franklin,0,52,91,12905,36033,1
4158,08/06/2020,Franklin,2,54,125,13030,36033,0
4159,08/07/2020,Franklin,0,54,74,13104,36033,0
4160,08/08/2020,Franklin,0,54,227,13331,36033,0
4161,08/09/2020,Franklin,0,54,85,13416,36033,0
4162,08/10/2020,Franklin,0,54,160,13576,36033,0
4163,08/11/2020,Franklin,0,54,133,13709,36033,0
4164,08/12/2020,Franklin,0,54,364,14073,36033,0
4165,08/13/2020,Franklin,0,54,73,14146,36033,0
4166,08/14/2020,Franklin,0,54,370,14516,36033,0
4167,08/15/2020,Franklin,0,54,155,14671,36033,0
4168,08/16/2020,Franklin,0,54,84,14755,36033,0
4169,08/17/2020,Franklin,1,55,151,14906,36033,0
4170,08/18/2020,Franklin,1,56,127,15033,36033,0
4171,08/19/2020,Franklin,0,56,136,15169,36033,0
4172,08/20/2020,Franklin,0,56,122,15291,36033,0
4173,08/21/2020,Franklin,0,56,176,15467,36033,0
4174,08/22/2020,Franklin,0,56,270,15737,36033,0
4175,08/23/2020,Franklin,0,56,99,15836,36033,0
4176,08/24/2020,Franklin,0,56,177,16013,36033,0
4177,08/25/2020,Franklin,1,57,114,16127,36033,0
4178,08/26/2020,Franklin,1,58,282,16409,36033,0
4179,08/27/2020,Franklin,0,58,51,16460,36033,0
4180,08/28/2020,Franklin,0,58,686,17146,36033,0
4181,08/29/2020,Franklin,0,58,171,17317,36033,0
4182,08/30/2020,Franklin,0,58,70,17387,36033,0
4183,08/31/2020,Franklin,0,58,163,17550,36033,0
4184,09/01/2020,Franklin,0,58,183,17733,36033,0
4185,09/02/2020,Franklin,1,59,138,17871,36033,0
4186,09/03/2020,Franklin,0,59,145,18016,36033,0
4187,09/04/2020,Franklin,0,59,147,18163,36033,0
4188,09/05/2020,Franklin,0,59,151,18314,36033,0
4189,09/06/2020,Franklin,0,59,172,18486,36033,0
4190,09/07/2020,Franklin,0,59,166,18652,36033,0
4191,09/08/2020,Franklin,0,59,59,18711,36033,0
4192,09/09/2020,Franklin,0,59,54,18765,36033,0
4193,09/10/2020,Franklin,1,60,113,18878,36033,0
4194,09/11/2020,Franklin,1,61,319,19197,36033,1
4195,09/12/2020,Franklin,2,63,119,19316,36033,1
4196,09/13/2020,Franklin,0,63,84,19400,36033,0
4197,09/14/2020,Franklin,0,63,176,19576,36033,0
4198,09/15/2020,Franklin,0,63,109,19685,36033,0
4199,09/16/2020,Franklin,0,63,200,19885,36033,0
4200,09/17/2020,Franklin,1,64,219,20104,36033,0
4201,09/18/2020,Franklin,0,64,228,20332,36033,0
4202,09/19/2020,Franklin,1,65,303,20635,36033,0
4203,09/20/2020,Franklin,0,65,191,20826,36033,0
4204,09/21/2020,Franklin,0,65,130,20956,36033,0
4205,09/22/2020,Franklin,0,65,113,21069,36033,0
4206,09/23/2020,Franklin,1,66,152,21221,36033,0
4207,09/24/2020,Franklin,0,66,190,21411,36033,0
4208,09/25/2020,Franklin,0,66,268,21679,36033,0
4209,09/26/2020,Franklin,0,66,258,21937,36033,0
4210,09/27/2020,Franklin,0,66,141,22078,36033,0
4211,09/28/2020,Franklin,0,66,109,22187,36033,0
4212,09/29/2020,Franklin,0,66,120,22307,36033,0
4213,09/30/2020,Franklin,0,66,103,22410,36033,0
4214,10/01/2020,Franklin,0,66,198,22608,36033,0
4215,10/02/2020,Franklin,2,68,312,22920,36033,1
4216,10/03/2020,Franklin,2,70,157,23077,36033,1
4217,10/04/2020,Franklin,0,70,82,23159,36033,0
4218,10/05/2020,Franklin,0,70,200,23359,36033,0
4219,10/06/2020,Franklin,0,70,82,23441,36033,0
4220,10/07/2020,Franklin,1,71,130,23571,36033,0
4221,10/08/2020,Franklin,0,71,202,23773,36033,0
4222,10/09/2020,Franklin,0,71,383,24156,36033,0
4223,10/10/2020,Franklin,0,71,413,24569,36033,0
4224,10/11/2020,Franklin,0,71,63,24632,36033,0
4225,10/12/2020,Franklin,1,72,518,25150,36033,0
4226,10/13/2020,Franklin,0,72,637,25787,36033,1
4227,10/14/2020,Franklin,3,75,471,26258,36033,1
4228,10/15/2020,Franklin,0,75,210,26468,36033,1
4229,10/16/2020,Franklin,2,77,597,27065,36033,0
4230,10/17/2020,Franklin,0,77,365,27430,36033,0
4231,10/18/2020,Franklin,0,77,120,27550,36033,0
4232,10/19/2020,Franklin,0,77,392,27942,36033,0
4233,10/20/2020,Franklin,1,78,112,28054,36033,0
4234,10/21/2020,Franklin,1,79,145,28199,36033,0
4235,10/22/2020,Franklin,0,79,333,28532,36033,0
4236,10/23/2020,Franklin,0,79,283,28815,36033,0
4237,10/24/2020,Franklin,0,79,300,29115,36033,0
4238,10/25/2020,Franklin,1,80,92,29207,36033,0
4239,10/26/2020,Franklin,0,80,125,29332,36033,0
4240,10/27/2020,Franklin,0,80,123,29455,36033,0
4241,10/28/2020,Franklin,0,80,156,29611,36033,0
4242,10/29/2020,Franklin,2,82,140,29751,36033,2
4243,10/30/2020,Franklin,4,86,203,29954,36033,2
4244,10/31/2020,Franklin,1,87,145,30099,36033,2
4245,11/01/2020,Franklin,1,88,90,30189,36033,3
4246,11/02/2020,Franklin,8,96,354,30543,36033,3
4247,11/03/2020,Franklin,0,96,54,30597,36033,5
4248,11/04/2020,Franklin,9,105,226,30823,36033,6
4249,11/05/2020,Franklin,9,114,256,31079,36033,6
4250,03/01/2020,Fulton,0,0,0,0,36035,0
4251,03/02/2020,Fulton,0,0,0,0,36035,0
4252,03/03/2020,Fulton,0,0,0,0,36035,0
4253,03/04/2020,Fulton,0,0,0,0,36035,0
4254,03/05/2020,Fulton,0,0,0,0,36035,0
4255,03/06/2020,Fulton,0,0,0,0,36035,0
4256,03/07/2020,Fulton,0,0,0,0,36035,0
4257,03/08/2020,Fulton,0,0,0,0,36035,0
4258,03/09/2020,Fulton,0,0,1,1,36035,0
4259,03/10/2020,Fulton,0,0,1,2,36035,0
4260,03/11/2020,Fulton,0,0,2,4,36035,0
4261,03/12/2020,Fulton,0,0,1,5,36035,0
4262,03/13/2020,Fulton,0,0,1,6,36035,0
4263,03/14/2020,Fulton,0,0,4,10,36035,0
4264,03/15/2020,Fulton,0,0,1,11,36035,0
4265,03/16/2020,Fulton,0,0,1,12,36035,0
4266,03/17/2020,Fulton,0,0,0,12,36035,0
4267,03/18/2020,Fulton,1,1,12,24,36035,0
4268,03/19/2020,Fulton,0,1,6,30,36035,0
4269,03/20/2020,Fulton,0,1,13,43,36035,0
4270,03/21/2020,Fulton,0,1,11,54,36035,0
4271,03/22/2020,Fulton,0,1,11,65,36035,0
4272,03/23/2020,Fulton,0,1,11,76,36035,0
4273,03/24/2020,Fulton,0,1,4,80,36035,0
4274,03/25/2020,Fulton,0,1,2,82,36035,0
4275,03/26/2020,Fulton,0,1,5,87,36035,0
4276,03/27/2020,Fulton,0,1,10,97,36035,0
4277,03/28/2020,Fulton,0,1,10,107,36035,0
4278,03/29/2020,Fulton,0,1,12,119,36035,0
4279,03/30/2020,Fulton,0,1,5,124,36035,0
4280,03/31/2020,Fulton,1,2,5,129,36035,1
4281,04/01/2020,Fulton,4,6,10,139,36035,1
4282,04/02/2020,Fulton,0,6,10,149,36035,2
4283,04/03/2020,Fulton,3,9,24,173,36035,1
4284,04/04/2020,Fulton,0,9,12,185,36035,1
4285,04/05/2020,Fulton,2,11,20,205,36035,1
4286,04/06/2020,Fulton,2,13,18,223,36035,1
4287,04/07/2020,Fulton,1,14,6,229,36035,1
4288,04/08/2020,Fulton,1,15,21,250,36035,1
4289,04/09/2020,Fulton,3,18,24,274,36035,2
4290,04/10/2020,Fulton,3,21,17,291,36035,2
4291,04/11/2020,Fulton,0,21,11,302,36035,1
4292,04/12/2020,Fulton,0,21,7,309,36035,0
4293,04/13/2020,Fulton,1,22,75,384,36035,1
4294,04/14/2020,Fulton,2,24,9,393,36035,1
4295,04/15/2020,Fulton,1,25,13,406,36035,1
4296,04/16/2020,Fulton,2,27,16,422,36035,1
4297,04/17/2020,Fulton,0,27,7,429,36035,0
4298,04/18/2020,Fulton,0,27,17,446,36035,0
4299,04/19/2020,Fulton,0,27,3,449,36035,0
4300,04/20/2020,Fulton,0,27,4,453,36035,0
4301,04/21/2020,Fulton,1,28,7,460,36035,0
4302,04/22/2020,Fulton,0,28,5,465,36035,0
4303,04/23/2020,Fulton,1,29,16,481,36035,11
4304,04/24/2020,Fulton,32,61,202,683,36035,11
4305,04/25/2020,Fulton,1,62,29,712,36035,11
4306,04/26/2020,Fulton,0,62,9,721,36035,1
4307,04/27/2020,Fulton,4,66,16,737,36035,1
4308,04/28/2020,Fulton,1,67,27,764,36035,3
4309,04/29/2020,Fulton,4,71,27,791,36035,3
4310,04/30/2020,Fulton,4,75,37,828,36035,4
4311,05/01/2020,Fulton,4,79,34,862,36035,3
4312,05/02/2020,Fulton,3,82,36,898,36035,3
4313,05/03/2020,Fulton,2,84,25,923,36035,6
4314,05/04/2020,Fulton,13,97,63,986,36035,6
4315,05/05/2020,Fulton,3,100,50,1036,36035,5
4316,05/06/2020,Fulton,1,101,30,1066,36035,2
4317,05/07/2020,Fulton,2,103,27,1093,36035,1
4318,05/08/2020,Fulton,1,104,30,1123,36035,2
4319,05/09/2020,Fulton,3,107,31,1154,36035,2
4320,05/10/2020,Fulton,2,109,59,1213,36035,10
4321,05/11/2020,Fulton,26,135,100,1313,36035,11
4322,05/12/2020,Fulton,5,140,61,1374,36035,11
4323,05/13/2020,Fulton,4,144,81,1455,36035,3
4324,05/14/2020,Fulton,1,145,67,1522,36035,2
4325,05/15/2020,Fulton,3,148,100,1622,36035,9
4326,05/16/2020,Fulton,23,171,110,1732,36035,12
4327,05/17/2020,Fulton,11,182,132,1864,36035,11
4328,05/18/2020,Fulton,0,182,30,1894,36035,4
4329,05/19/2020,Fulton,2,184,89,1983,36035,1
4330,05/20/2020,Fulton,2,186,100,2083,36035,2
4331,05/21/2020,Fulton,3,189,88,2171,36035,3
4332,05/22/2020,Fulton,4,193,142,2313,36035,2
4333,05/23/2020,Fulton,1,194,84,2397,36035,2
4334,05/24/2020,Fulton,2,196,86,2483,36035,1
4335,05/25/2020,Fulton,0,196,44,2527,36035,1
4336,05/26/2020,Fulton,2,198,112,2639,36035,1
4337,05/27/2020,Fulton,2,200,223,2862,36035,3
4338,05/28/2020,Fulton,6,206,202,3064,36035,3
4339,05/29/2020,Fulton,1,207,146,3210,36035,2
4340,05/30/2020,Fulton,1,208,159,3369,36035,1
4341,05/31/2020,Fulton,2,210,169,3538,36035,1
4342,06/01/2020,Fulton,2,212,83,3621,36035,1
4343,06/02/2020,Fulton,1,213,197,3818,36035,1
4344,06/03/2020,Fulton,2,215,187,4005,36035,2
4345,06/04/2020,Fulton,4,219,248,4253,36035,3
4346,06/05/2020,Fulton,3,222,233,4486,36035,3
4347,06/06/2020,Fulton,2,224,205,4691,36035,2
4348,06/07/2020,Fulton,3,227,254,4945,36035,2
4349,06/08/2020,Fulton,1,228,249,5194,36035,1
4350,06/09/2020,Fulton,0,228,132,5326,36035,1
4351,06/10/2020,Fulton,2,230,155,5481,36035,1
4352,06/11/2020,Fulton,1,231,352,5833,36035,1
4353,06/12/2020,Fulton,1,232,164,5997,36035,1
4354,06/13/2020,Fulton,2,234,168,6165,36035,1
4355,06/14/2020,Fulton,1,235,101,6266,36035,1
4356,06/15/2020,Fulton,1,236,158,6424,36035,0
4357,06/16/2020,Fulton,0,236,85,6509,36035,0
4358,06/17/2020,Fulton,0,236,146,6655,36035,0
4359,06/18/2020,Fulton,1,237,173,6828,36035,2
4360,06/19/2020,Fulton,6,243,290,7118,36035,2
4361,06/20/2020,Fulton,0,243,209,7327,36035,2
4362,06/21/2020,Fulton,1,244,171,7498,36035,0
4363,06/22/2020,Fulton,0,244,86,7584,36035,0
4364,06/23/2020,Fulton,0,244,110,7694,36035,0
4365,06/24/2020,Fulton,0,244,98,7792,36035,1
4366,06/25/2020,Fulton,4,248,161,7953,36035,1
4367,06/26/2020,Fulton,1,249,171,8124,36035,3
4368,06/27/2020,Fulton,6,255,283,8407,36035,2
4369,06/28/2020,Fulton,1,256,171,8578,36035,2
4370,06/29/2020,Fulton,0,256,126,8704,36035,0
4371,06/30/2020,Fulton,1,257,86,8790,36035,1
4372,07/01/2020,Fulton,3,260,202,8992,36035,1
4373,07/02/2020,Fulton,1,261,154,9146,36035,1
4374,07/03/2020,Fulton,0,261,239,9385,36035,0
4375,07/04/2020,Fulton,0,261,237,9622,36035,0
4376,07/05/2020,Fulton,1,262,131,9753,36035,0
4377,07/06/2020,Fulton,0,262,92,9845,36035,0
4378,07/07/2020,Fulton,0,262,102,9947,36035,0
4379,07/08/2020,Fulton,1,263,110,10057,36035,0
4380,07/09/2020,Fulton,1,264,191,10248,36035,1
4381,07/10/2020,Fulton,1,265,197,10445,36035,0
4382,07/11/2020,Fulton,0,265,175,10620,36035,0
4383,07/12/2020,Fulton,0,265,78,10698,36035,0
4384,07/13/2020,Fulton,1,266,145,10843,36035,0
4385,07/14/2020,Fulton,0,266,77,10920,36035,0
4386,07/15/2020,Fulton,0,266,80,11000,36035,0
4387,07/16/2020,Fulton,0,266,265,11265,36035,0
4388,07/17/2020,Fulton,0,266,253,11518,36035,0
4389,07/18/2020,Fulton,1,267,101,11619,36035,0
4390,07/19/2020,Fulton,0,267,90,11709,36035,0
4391,07/20/2020,Fulton,0,267,91,11800,36035,0
4392,07/21/2020,Fulton,0,267,127,11927,36035,0
4393,07/22/2020,Fulton,1,268,96,12023,36035,0
4394,07/23/2020,Fulton,0,268,292,12315,36035,1
4395,07/24/2020,Fulton,2,270,153,12468,36035,0
4396,07/25/2020,Fulton,0,270,171,12639,36035,0
4397,07/26/2020,Fulton,0,270,79,12718,36035,0
4398,07/27/2020,Fulton,0,270,67,12785,36035,0
4399,07/28/2020,Fulton,0,270,74,12859,36035,1
4400,07/29/2020,Fulton,5,275,151,13010,36035,1
4401,07/30/2020,Fulton,0,275,227,13237,36035,4
4402,07/31/2020,Fulton,7,282,190,13427,36035,2
4403,08/01/2020,Fulton,1,283,185,13612,36035,3
4404,08/02/2020,Fulton,2,285,133,13745,36035,1
4405,08/03/2020,Fulton,0,285,93,13838,36035,1
4406,08/04/2020,Fulton,2,287,117,13955,36035,2
4407,08/05/2020,Fulton,4,291,128,14083,36035,2
4408,08/06/2020,Fulton,2,293,217,14300,36035,2
4409,08/07/2020,Fulton,2,295,213,14513,36035,1
4410,08/08/2020,Fulton,1,296,281,14794,36035,1
4411,08/09/2020,Fulton,1,297,94,14888,36035,0
4412,08/10/2020,Fulton,0,297,101,14989,36035,1
4413,08/11/2020,Fulton,2,299,129,15118,36035,1
4414,08/12/2020,Fulton,1,300,142,15260,36035,2
4415,08/13/2020,Fulton,3,303,170,15430,36035,1
4416,08/14/2020,Fulton,0,303,305,15735,36035,1
4417,08/15/2020,Fulton,0,303,266,16001,36035,0
4418,08/16/2020,Fulton,0,303,76,16077,36035,0
4419,08/17/2020,Fulton,2,305,112,16189,36035,0
4420,08/18/2020,Fulton,0,305,195,16384,36035,0
4421,08/19/2020,Fulton,0,305,173,16557,36035,0
4422,08/20/2020,Fulton,1,306,198,16755,36035,1
4423,08/21/2020,Fulton,2,308,205,16960,36035,1
4424,08/22/2020,Fulton,1,309,223,17183,36035,1
4425,08/23/2020,Fulton,0,309,149,17332,36035,0
4426,08/24/2020,Fulton,0,309,101,17433,36035,0
4427,08/25/2020,Fulton,0,309,102,17535,36035,0
4428,08/26/2020,Fulton,1,310,129,17664,36035,0
4429,08/27/2020,Fulton,0,310,197,17861,36035,0
4430,08/28/2020,Fulton,1,311,308,18169,36035,0
4431,08/29/2020,Fulton,0,311,136,18305,36035,0
4432,08/30/2020,Fulton,0,311,228,18533,36035,0
4433,08/31/2020,Fulton,0,311,286,18819,36035,0
4434,09/01/2020,Fulton,0,311,96,18915,36035,0
4435,09/02/2020,Fulton,1,312,151,19066,36035,0
4436,09/03/2020,Fulton,0,312,136,19202,36035,0
4437,09/04/2020,Fulton,0,312,243,19445,36035,0
4438,09/05/2020,Fulton,0,312,187,19632,36035,0
4439,09/06/2020,Fulton,0,312,137,19769,36035,0
4440,09/07/2020,Fulton,0,312,76,19845,36035,0
4441,09/08/2020,Fulton,0,312,102,19947,36035,0
4442,09/09/2020,Fulton,0,312,75,20022,36035,1
4443,09/10/2020,Fulton,3,315,193,20215,36035,1
4444,09/11/2020,Fulton,1,316,159,20374,36035,2
4445,09/12/2020,Fulton,2,318,256,20630,36035,1
4446,09/13/2020,Fulton,2,320,123,20753,36035,2
4447,09/14/2020,Fulton,4,324,221,20974,36035,2
4448,09/15/2020,Fulton,1,325,118,21092,36035,3
4449,09/16/2020,Fulton,6,331,138,21230,36035,2
4450,09/17/2020,Fulton,0,331,90,21320,36035,2
4451,09/18/2020,Fulton,1,332,261,21581,36035,0
4452,09/19/2020,Fulton,0,332,201,21782,36035,0
4453,09/20/2020,Fulton,0,332,172,21954,36035,0
4454,09/21/2020,Fulton,0,332,255,22209,36035,0
4455,09/22/2020,Fulton,0,332,75,22284,36035,0
4456,09/23/2020,Fulton,1,333,112,22396,36035,0
4457,09/24/2020,Fulton,0,333,121,22517,36035,0
4458,09/25/2020,Fulton,1,334,148,22665,36035,0
4459,09/26/2020,Fulton,1,335,117,22782,36035,1
4460,09/27/2020,Fulton,2,337,118,22900,36035,1
4461,09/28/2020,Fulton,2,339,208,23108,36035,1
4462,09/29/2020,Fulton,0,339,87,23195,36035,0
4463,09/30/2020,Fulton,0,339,126,23321,36035,1
4464,10/01/2020,Fulton,5,344,256,23577,36035,2
4465,10/02/2020,Fulton,1,345,361,23938,36035,2
4466,10/03/2020,Fulton,2,347,270,24208,36035,1
4467,10/04/2020,Fulton,1,348,120,24328,36035,1
4468,10/05/2020,Fulton,2,350,272,24600,36035,1
4469,10/06/2020,Fulton,0,350,109,24709,36035,1
4470,10/07/2020,Fulton,1,351,228,24937,36035,0
4471,10/08/2020,Fulton,1,352,207,25144,36035,0
4472,10/09/2020,Fulton,0,352,205,25349,36035,0
4473,10/10/2020,Fulton,0,352,203,25552,36035,0
4474,10/11/2020,Fulton,0,352,173,25725,36035,0
4475,10/12/2020,Fulton,2,354,146,25871,36035,0
4476,10/13/2020,Fulton,0,354,89,25960,36035,1
4477,10/14/2020,Fulton,3,357,309,26269,36035,1
4478,10/15/2020,Fulton,0,357,278,26547,36035,1
4479,10/16/2020,Fulton,1,358,254,26801,36035,0
4480,10/17/2020,Fulton,1,359,216,27017,36035,0
4481,10/18/2020,Fulton,0,359,179,27196,36035,0
4482,10/19/2020,Fulton,1,360,200,27396,36035,0
4483,10/20/2020,Fulton,0,360,152,27548,36035,0
4484,10/21/2020,Fulton,0,360,208,27756,36035,0
4485,10/22/2020,Fulton,1,361,342,28098,36035,0
4486,10/23/2020,Fulton,0,361,276,28374,36035,0
4487,10/24/2020,Fulton,0,361,127,28501,36035,0
4488,10/25/2020,Fulton,0,361,114,28615,36035,0
4489,10/26/2020,Fulton,1,362,138,28753,36035,0
4490,10/27/2020,Fulton,0,362,267,29020,36035,0
4491,10/28/2020,Fulton,1,363,570,29590,36035,1
4492,10/29/2020,Fulton,2,365,208,29798,36035,1
4493,10/30/2020,Fulton,0,365,490,30288,36035,1
4494,10/31/2020,Fulton,2,367,205,30493,36035,0
4495,11/01/2020,Fulton,0,367,121,30614,36035,1
4496,11/02/2020,Fulton,1,368,280,30894,36035,0
4497,11/03/2020,Fulton,1,369,97,30991,36035,1
4498,11/04/2020,Fulton,1,370,228,31219,36035,1
4499,11/05/2020,Fulton,2,372,340,31559,36035,1
4500,03/01/2020,Genesee,0,0,0,0,36037,0
4501,03/02/2020,Genesee,0,0,0,0,36037,0
4502,03/03/2020,Genesee,0,0,0,0,36037,0
4503,03/04/2020,Genesee,0,0,0,0,36037,0
4504,03/05/2020,Genesee,0,0,0,0,36037,0
4505,03/06/2020,Genesee,0,0,0,0,36037,0
4506,03/07/2020,Genesee,0,0,0,0,36037,0
4507,03/08/2020,Genesee,0,0,0,0,36037,0
4508,03/09/2020,Genesee,0,0,0,0,36037,0
4509,03/10/2020,Genesee,0,0,1,1,36037,0
4510,03/11/2020,Genesee,0,0,0,1,36037,0
4511,03/12/2020,Genesee,0,0,0,1,36037,0
4512,03/13/2020,Genesee,0,0,0,1,36037,0
4513,03/14/2020,Genesee,0,0,0,1,36037,0
4514,03/15/2020,Genesee,0,0,0,1,36037,0
4515,03/16/2020,Genesee,0,0,3,4,36037,0
4516,03/17/2020,Genesee,0,0,5,9,36037,0
4517,03/18/2020,Genesee,1,1,9,18,36037,0
4518,03/19/2020,Genesee,0,1,6,24,36037,0
4519,03/20/2020,Genesee,0,1,6,30,36037,0
4520,03/21/2020,Genesee,0,1,6,36,36037,0
4521,03/22/2020,Genesee,0,1,2,38,36037,0
4522,03/23/2020,Genesee,0,1,8,46,36037,0
4523,03/24/2020,Genesee,1,2,7,53,36037,1
4524,03/25/2020,Genesee,2,4,19,72,36037,1
4525,03/26/2020,Genesee,2,6,21,93,36037,1
4526,03/27/2020,Genesee,1,7,19,112,36037,1
4527,03/28/2020,Genesee,2,9,6,118,36037,1
4528,03/29/2020,Genesee,0,9,12,130,36037,1
4529,03/30/2020,Genesee,1,10,24,154,36037,1
4530,03/31/2020,Genesee,3,13,28,182,36037,1
4531,04/01/2020,Genesee,1,14,39,221,36037,2
4532,04/02/2020,Genesee,2,16,23,244,36037,2
4533,04/03/2020,Genesee,4,20,30,274,36037,2
4534,04/04/2020,Genesee,2,22,12,286,36037,2
4535,04/05/2020,Genesee,1,23,11,297,36037,4
4536,04/06/2020,Genesee,10,33,37,334,36037,8
4537,04/07/2020,Genesee,14,47,31,365,36037,11
4538,04/08/2020,Genesee,9,56,43,408,36037,10
4539,04/09/2020,Genesee,9,65,32,440,36037,6
4540,04/10/2020,Genesee,2,67,18,458,36037,4
4541,04/11/2020,Genesee,2,69,19,477,36037,2
4542,04/12/2020,Genesee,2,71,7,484,36037,3
4543,04/13/2020,Genesee,5,76,34,518,36037,2
4544,04/14/2020,Genesee,0,76,15,533,36037,2
4545,04/15/2020,Genesee,2,78,12,545,36037,2
4546,04/16/2020,Genesee,5,83,21,566,36037,3
4547,04/17/2020,Genesee,4,87,13,579,36037,13
4548,04/18/2020,Genesee,30,117,56,635,36037,12
4549,04/19/2020,Genesee,2,119,14,649,36037,11
4550,04/20/2020,Genesee,2,121,8,657,36037,1
4551,04/21/2020,Genesee,1,122,17,674,36037,2
4552,04/22/2020,Genesee,4,126,25,699,36037,2
4553,04/23/2020,Genesee,1,127,19,718,36037,6
4554,04/24/2020,Genesee,14,141,145,863,36037,6
4555,04/25/2020,Genesee,3,144,37,900,36037,7
4556,04/26/2020,Genesee,4,148,20,920,36037,2
4557,04/27/2020,Genesee,1,149,28,948,36037,2
4558,04/28/2020,Genesee,3,152,26,974,36037,1
4559,04/29/2020,Genesee,1,153,32,1006,36037,1
4560,04/30/2020,Genesee,1,154,29,1035,36037,1
4561,05/01/2020,Genesee,1,155,55,1090,36037,0
4562,05/02/2020,Genesee,0,155,25,1115,36037,1
4563,05/03/2020,Genesee,4,159,48,1163,36037,1
4564,05/04/2020,Genesee,0,159,47,1210,36037,2
4565,05/05/2020,Genesee,3,162,59,1269,36037,3
4566,05/06/2020,Genesee,6,168,98,1367,36037,3
4567,05/07/2020,Genesee,1,169,62,1429,36037,2
4568,05/08/2020,Genesee,1,170,47,1476,36037,1
4569,05/09/2020,Genesee,2,172,149,1625,36037,1
4570,05/10/2020,Genesee,1,173,182,1807,36037,1
4571,05/11/2020,Genesee,1,174,77,1884,36037,0
4572,05/12/2020,Genesee,0,174,96,1980,36037,0
4573,05/13/2020,Genesee,1,175,77,2057,36037,0
4574,05/14/2020,Genesee,0,175,66,2123,36037,1
4575,05/15/2020,Genesee,3,178,47,2170,36037,1
4576,05/16/2020,Genesee,2,180,69,2239,36037,1
4577,05/17/2020,Genesee,0,180,30,2269,36037,1
4578,05/18/2020,Genesee,2,182,77,2346,36037,1
4579,05/19/2020,Genesee,2,184,95,2441,36037,2
4580,05/20/2020,Genesee,4,188,145,2586,36037,2
4581,05/21/2020,Genesee,1,189,42,2628,36037,2
4582,05/22/2020,Genesee,2,191,271,2899,36037,1
4583,05/23/2020,Genesee,0,191,181,3080,36037,1
4584,05/24/2020,Genesee,1,192,95,3175,36037,0
4585,05/25/2020,Genesee,1,193,58,3233,36037,1
4586,05/26/2020,Genesee,2,195,84,3317,36037,1
4587,05/27/2020,Genesee,2,197,177,3494,36037,2
4588,05/28/2020,Genesee,2,199,119,3613,36037,1
4589,05/29/2020,Genesee,1,200,135,3748,36037,1
4590,05/30/2020,Genesee,2,202,115,3863,36037,1
4591,05/31/2020,Genesee,0,202,82,3945,36037,0
4592,06/01/2020,Genesee,0,202,145,4090,36037,0
4593,06/02/2020,Genesee,0,202,264,4354,36037,1
4594,06/03/2020,Genesee,3,205,326,4680,36037,1
4595,06/04/2020,Genesee,0,205,137,4817,36037,1
4596,06/05/2020,Genesee,1,206,322,5139,36037,1
4597,06/06/2020,Genesee,2,208,153,5292,36037,1
4598,06/07/2020,Genesee,0,208,104,5396,36037,1
4599,06/08/2020,Genesee,2,210,200,5596,36037,1
4600,06/09/2020,Genesee,1,211,213,5809,36037,1
4601,06/10/2020,Genesee,1,212,234,6043,36037,0
4602,06/11/2020,Genesee,0,212,187,6230,36037,0
4603,06/12/2020,Genesee,0,212,174,6404,36037,0
4604,06/13/2020,Genesee,0,212,158,6562,36037,0
4605,06/14/2020,Genesee,1,213,91,6653,36037,0
4606,06/15/2020,Genesee,0,213,112,6765,36037,1
4607,06/16/2020,Genesee,3,216,142,6907,36037,1
4608,06/17/2020,Genesee,1,217,169,7076,36037,1
4609,06/18/2020,Genesee,1,218,243,7319,36037,2
4610,06/19/2020,Genesee,4,222,189,7508,36037,1
4611,06/20/2020,Genesee,0,222,108,7616,36037,2
4612,06/21/2020,Genesee,3,225,182,7798,36037,2
4613,06/22/2020,Genesee,4,229,196,7994,36037,2
4614,06/23/2020,Genesee,1,230,196,8190,36037,2
4615,06/24/2020,Genesee,1,231,220,8410,36037,1
4616,06/25/2020,Genesee,1,232,120,8530,36037,2
4617,06/26/2020,Genesee,5,237,154,8684,36037,2
4618,06/27/2020,Genesee,1,238,118,8802,36037,2
4619,06/28/2020,Genesee,0,238,109,8911,36037,0
4620,06/29/2020,Genesee,0,238,416,9327,36037,0
4621,06/30/2020,Genesee,0,238,249,9576,36037,0
4622,07/01/2020,Genesee,0,238,112,9688,36037,0
4623,07/02/2020,Genesee,1,239,129,9817,36037,0
4624,07/03/2020,Genesee,0,239,170,9987,36037,0
4625,07/04/2020,Genesee,0,239,167,10154,36037,1
4626,07/05/2020,Genesee,3,242,213,10367,36037,1
4627,07/06/2020,Genesee,0,242,412,10779,36037,1
4628,07/07/2020,Genesee,2,244,178,10957,36037,0
4629,07/08/2020,Genesee,0,244,246,11203,36037,1
4630,07/09/2020,Genesee,2,246,185,11388,36037,1
4631,07/10/2020,Genesee,1,247,114,11502,36037,2
4632,07/11/2020,Genesee,3,250,269,11771,36037,1
4633,07/12/2020,Genesee,0,250,99,11870,36037,1
4634,07/13/2020,Genesee,2,252,196,12066,36037,1
4635,07/14/2020,Genesee,2,254,136,12202,36037,1
4636,07/15/2020,Genesee,0,254,270,12472,36037,0
4637,07/16/2020,Genesee,0,254,212,12684,36037,0
4638,07/17/2020,Genesee,2,256,173,12857,36037,1
4639,07/18/2020,Genesee,1,257,177,13034,36037,1
4640,07/19/2020,Genesee,1,258,189,13223,36037,0
4641,07/20/2020,Genesee,0,258,234,13457,36037,0
4642,07/21/2020,Genesee,0,258,167,13624,36037,0
4643,07/22/2020,Genesee,2,260,139,13763,36037,1
4644,07/23/2020,Genesee,1,261,288,14051,36037,1
4645,07/24/2020,Genesee,0,261,224,14275,36037,1
4646,07/25/2020,Genesee,3,264,162,14437,36037,1
4647,07/26/2020,Genesee,2,266,128,14565,36037,1
4648,07/27/2020,Genesee,0,266,155,14720,36037,1
4649,07/28/2020,Genesee,1,267,186,14906,36037,1
4650,07/29/2020,Genesee,3,270,306,15212,36037,1
4651,07/30/2020,Genesee,0,270,241,15453,36037,1
4652,07/31/2020,Genesee,2,272,207,15660,36037,0
4653,08/01/2020,Genesee,0,272,125,15785,36037,1
4654,08/02/2020,Genesee,1,273,93,15878,36037,0
4655,08/03/2020,Genesee,0,273,213,16091,36037,0
4656,08/04/2020,Genesee,1,274,293,16384,36037,0
4657,08/05/2020,Genesee,0,274,180,16564,36037,1
4658,08/06/2020,Genesee,3,277,309,16873,36037,1
4659,08/07/2020,Genesee,0,277,168,17041,36037,1
4660,08/08/2020,Genesee,0,277,85,17126,36037,0
4661,08/09/2020,Genesee,0,277,136,17262,36037,0
4662,08/10/2020,Genesee,2,279,324,17586,36037,1
4663,08/11/2020,Genesee,1,280,188,17774,36037,1
4664,08/12/2020,Genesee,0,280,210,17984,36037,1
4665,08/13/2020,Genesee,4,284,423,18407,36037,1
4666,08/14/2020,Genesee,0,284,158,18565,36037,1
4667,08/15/2020,Genesee,1,285,244,18809,36037,0
4668,08/16/2020,Genesee,0,285,104,18913,36037,1
4669,08/17/2020,Genesee,3,288,557,19470,36037,1
4670,08/18/2020,Genesee,1,289,367,19837,36037,1
4671,08/19/2020,Genesee,1,290,335,20172,36037,0
4672,08/20/2020,Genesee,0,290,383,20555,36037,0
4673,08/21/2020,Genesee,0,290,228,20783,36037,0
4674,08/22/2020,Genesee,0,290,150,20933,36037,0
4675,08/23/2020,Genesee,0,290,110,21043,36037,0
4676,08/24/2020,Genesee,1,291,162,21205,36037,0
4677,08/25/2020,Genesee,1,292,244,21449,36037,0
4678,08/26/2020,Genesee,0,292,211,21660,36037,0
4679,08/27/2020,Genesee,1,293,316,21976,36037,0
4680,08/28/2020,Genesee,0,293,470,22446,36037,0
4681,08/29/2020,Genesee,1,294,178,22624,36037,0
4682,08/30/2020,Genesee,1,295,169,22793,36037,1
4683,08/31/2020,Genesee,2,297,217,23010,36037,1
4684,09/01/2020,Genesee,0,297,201,23211,36037,1
4685,09/02/2020,Genesee,1,298,188,23399,36037,1
4686,09/03/2020,Genesee,2,300,222,23621,36037,1
4687,09/04/2020,Genesee,0,300,231,23852,36037,1
4688,09/05/2020,Genesee,1,301,116,23968,36037,0
4689,09/06/2020,Genesee,1,302,134,24102,36037,1
4690,09/07/2020,Genesee,1,303,138,24240,36037,1
4691,09/08/2020,Genesee,1,304,316,24556,36037,1
4692,09/09/2020,Genesee,2,306,175,24731,36037,1
4693,09/10/2020,Genesee,0,306,355,25086,36037,1
4694,09/11/2020,Genesee,1,307,190,25276,36037,0
4695,09/12/2020,Genesee,0,307,189,25465,36037,0
4696,09/13/2020,Genesee,0,307,126,25591,36037,0
4697,09/14/2020,Genesee,0,307,332,25923,36037,0
4698,09/15/2020,Genesee,0,307,225,26148,36037,0
4699,09/16/2020,Genesee,2,309,201,26349,36037,0
4700,09/17/2020,Genesee,0,309,415,26764,36037,2
4701,09/18/2020,Genesee,5,314,286,27050,36037,1
4702,09/19/2020,Genesee,0,314,209,27259,36037,2
4703,09/20/2020,Genesee,2,316,86,27345,36037,1
4704,09/21/2020,Genesee,1,317,346,27691,36037,1
4705,09/22/2020,Genesee,0,317,239,27930,36037,0
4706,09/23/2020,Genesee,0,317,269,28199,36037,0
4707,09/24/2020,Genesee,0,317,396,28595,36037,0
4708,09/25/2020,Genesee,2,319,275,28870,36037,1
4709,09/26/2020,Genesee,2,321,222,29092,36037,1
4710,09/27/2020,Genesee,0,321,95,29187,36037,2
4711,09/28/2020,Genesee,6,327,151,29338,36037,3
4712,09/29/2020,Genesee,3,330,485,29823,36037,4
4713,09/30/2020,Genesee,5,335,307,30130,36037,3
4714,10/01/2020,Genesee,1,336,376,30506,36037,4
4715,10/02/2020,Genesee,6,342,448,30954,36037,3
4716,10/03/2020,Genesee,2,344,245,31199,36037,3
4717,10/04/2020,Genesee,2,346,109,31308,36037,3
4718,10/05/2020,Genesee,5,351,225,31533,36037,2
4719,10/06/2020,Genesee,1,352,281,31814,36037,3
4720,10/07/2020,Genesee,3,355,433,32247,36037,2
4721,10/08/2020,Genesee,3,358,678,32925,36037,2
4722,10/09/2020,Genesee,0,358,409,33334,36037,1
4723,10/10/2020,Genesee,0,358,224,33558,36037,0
4724,10/11/2020,Genesee,1,359,180,33738,36037,0
4725,10/12/2020,Genesee,1,360,280,34018,36037,1
4726,10/13/2020,Genesee,3,363,204,34222,36037,3
4727,10/14/2020,Genesee,7,370,277,34499,36037,3
4728,10/15/2020,Genesee,1,371,290,34789,36037,2
4729,10/16/2020,Genesee,0,371,507,35296,36037,0
4730,10/17/2020,Genesee,0,371,267,35563,36037,0
4731,10/18/2020,Genesee,0,371,165,35728,36037,0
4732,10/19/2020,Genesee,0,371,394,36122,36037,0
4733,10/20/2020,Genesee,1,372,231,36353,36037,0
4734,10/21/2020,Genesee,1,373,228,36581,36037,2
4735,10/22/2020,Genesee,4,377,336,36917,36037,2
4736,10/23/2020,Genesee,2,379,429,37346,36037,2
4737,10/24/2020,Genesee,1,380,136,37482,36037,1
4738,10/25/2020,Genesee,1,381,155,37637,36037,1
4739,10/26/2020,Genesee,3,384,596,38233,36037,2
4740,10/27/2020,Genesee,4,388,300,38533,36037,5
4741,10/28/2020,Genesee,8,396,316,38849,36037,7
4742,10/29/2020,Genesee,10,406,365,39214,36037,6
4743,10/30/2020,Genesee,1,407,397,39611,36037,5
4744,10/31/2020,Genesee,4,411,256,39867,36037,2
4745,11/01/2020,Genesee,2,413,149,40016,36037,4
4746,11/02/2020,Genesee,7,420,562,40578,36037,5
4747,11/03/2020,Genesee,8,428,266,40844,36037,9
4748,11/04/2020,Genesee,13,441,357,41201,36037,10
4749,11/05/2020,Genesee,9,450,398,41599,36037,7
4750,03/01/2020,Greene,0,0,0,0,36039,0
4751,03/02/2020,Greene,0,0,0,0,36039,0
4752,03/03/2020,Greene,0,0,0,0,36039,0
4753,03/04/2020,Greene,0,0,0,0,36039,0
4754,03/05/2020,Greene,0,0,0,0,36039,0
4755,03/06/2020,Greene,0,0,0,0,36039,0
4756,03/07/2020,Greene,0,0,0,0,36039,0
4757,03/08/2020,Greene,0,0,0,0,36039,0
4758,03/09/2020,Greene,0,0,0,0,36039,0
4759,03/10/2020,Greene,0,0,0,0,36039,0
4760,03/11/2020,Greene,0,0,3,3,36039,0
4761,03/12/2020,Greene,0,0,0,3,36039,0
4762,03/13/2020,Greene,0,0,1,4,36039,0
4763,03/14/2020,Greene,2,2,8,12,36039,0
4764,03/15/2020,Greene,0,2,3,15,36039,0
4765,03/16/2020,Greene,0,2,9,24,36039,0
4766,03/17/2020,Greene,0,2,8,32,36039,0
4767,03/18/2020,Greene,0,2,16,48,36039,0
4768,03/19/2020,Greene,0,2,21,69,36039,0
4769,03/20/2020,Greene,0,2,24,93,36039,0
4770,03/21/2020,Greene,0,2,23,116,36039,0
4771,03/22/2020,Greene,2,4,32,148,36039,0
4772,03/23/2020,Greene,0,4,8,156,36039,0
4773,03/24/2020,Greene,0,4,3,159,36039,0
4774,03/25/2020,Greene,1,5,11,170,36039,0
4775,03/26/2020,Greene,1,6,11,181,36039,1
4776,03/27/2020,Greene,1,7,6,187,36039,0
4777,03/28/2020,Greene,0,7,6,193,36039,1
4778,03/29/2020,Greene,3,10,13,206,36039,3
4779,03/30/2020,Greene,6,16,15,221,36039,3
4780,03/31/2020,Greene,2,18,9,230,36039,3
4781,04/01/2020,Greene,3,21,11,241,36039,2
4782,04/02/2020,Greene,2,23,16,257,36039,2
4783,04/03/2020,Greene,1,24,10,267,36039,1
4784,04/04/2020,Greene,0,24,7,274,36039,0
4785,04/05/2020,Greene,0,24,12,286,36039,0
4786,04/06/2020,Greene,0,24,13,299,36039,0
4787,04/07/2020,Greene,1,25,6,305,36039,1
4788,04/08/2020,Greene,3,28,29,334,36039,3
4789,04/09/2020,Greene,6,34,36,370,36039,4
4790,04/10/2020,Greene,3,37,27,397,36039,5
4791,04/11/2020,Greene,7,44,40,437,36039,3
4792,04/12/2020,Greene,1,45,14,451,36039,9
4793,04/13/2020,Greene,21,66,93,544,36039,9
4794,04/14/2020,Greene,7,73,25,569,36039,9
4795,04/15/2020,Greene,1,74,16,585,36039,3
4796,04/16/2020,Greene,3,77,16,601,36039,3
4797,04/17/2020,Greene,5,82,28,629,36039,3
4798,04/18/2020,Greene,3,85,24,653,36039,3
4799,04/19/2020,Greene,1,86,8,661,36039,1
4800,04/20/2020,Greene,1,87,16,677,36039,0
4801,04/21/2020,Greene,0,87,15,692,36039,1
4802,04/22/2020,Greene,2,89,25,717,36039,1
4803,04/23/2020,Greene,1,90,31,748,36039,6
4804,04/24/2020,Greene,17,107,212,960,36039,7
4805,04/25/2020,Greene,3,110,36,996,36039,7
4806,04/26/2020,Greene,1,111,25,1021,36039,1
4807,04/27/2020,Greene,1,112,20,1041,36039,1
4808,04/28/2020,Greene,2,114,24,1065,36039,6
4809,04/29/2020,Greene,17,131,59,1124,36039,9
4810,04/30/2020,Greene,8,139,47,1171,36039,9
4811,05/01/2020,Greene,3,142,36,1207,36039,6
4812,05/02/2020,Greene,9,151,32,1239,36039,5
4813,05/03/2020,Greene,3,154,34,1273,36039,8
4814,05/04/2020,Greene,12,166,36,1309,36039,12
4815,05/05/2020,Greene,22,188,84,1393,36039,14
4816,05/06/2020,Greene,10,198,55,1448,36039,11
4817,05/07/2020,Greene,1,199,34,1482,36039,5
4818,05/08/2020,Greene,5,204,45,1527,36039,2
4819,05/09/2020,Greene,2,206,44,1571,36039,2
4820,05/10/2020,Greene,0,206,14,1585,36039,0
4821,05/11/2020,Greene,0,206,28,1613,36039,0
4822,05/12/2020,Greene,0,206,41,1654,36039,0
4823,05/13/2020,Greene,1,207,46,1700,36039,1
4824,05/14/2020,Greene,2,209,64,1764,36039,1
4825,05/15/2020,Greene,2,211,49,1813,36039,1
4826,05/16/2020,Greene,1,212,43,1856,36039,1
4827,05/17/2020,Greene,1,213,33,1889,36039,1
4828,05/18/2020,Greene,1,214,26,1915,36039,1
4829,05/19/2020,Greene,1,215,189,2104,36039,0
4830,05/20/2020,Greene,0,215,44,2148,36039,0
4831,05/21/2020,Greene,0,215,48,2196,36039,0
4832,05/22/2020,Greene,2,217,69,2265,36039,1
4833,05/23/2020,Greene,3,220,55,2320,36039,3
4834,05/24/2020,Greene,5,225,35,2355,36039,2
4835,05/25/2020,Greene,0,225,24,2379,36039,3
4836,05/26/2020,Greene,6,231,108,2487,36039,3
4837,05/27/2020,Greene,5,236,107,2594,36039,4
4838,05/28/2020,Greene,1,237,92,2686,36039,2
4839,05/29/2020,Greene,1,238,110,2796,36039,0
4840,05/30/2020,Greene,0,238,100,2896,36039,0
4841,05/31/2020,Greene,1,239,79,2975,36039,1
4842,06/01/2020,Greene,2,241,119,3094,36039,1
4843,06/02/2020,Greene,0,241,153,3247,36039,0
4844,06/03/2020,Greene,0,241,130,3377,36039,0
4845,06/04/2020,Greene,1,242,134,3511,36039,1
4846,06/05/2020,Greene,4,246,181,3692,36039,1
4847,06/06/2020,Greene,0,246,117,3809,36039,1
4848,06/07/2020,Greene,1,247,42,3851,36039,0
4849,06/08/2020,Greene,1,248,104,3955,36039,1
4850,06/09/2020,Greene,1,249,172,4127,36039,0
4851,06/10/2020,Greene,0,249,88,4215,36039,0
4852,06/11/2020,Greene,0,249,82,4297,36039,0
4853,06/12/2020,Greene,1,250,97,4394,36039,0
4854,06/13/2020,Greene,1,251,128,4522,36039,0
4855,06/14/2020,Greene,0,251,110,4632,36039,0
4856,06/15/2020,Greene,1,252,67,4699,36039,0
4857,06/16/2020,Greene,0,252,196,4895,36039,0
4858,06/17/2020,Greene,0,252,73,4968,36039,0
4859,06/18/2020,Greene,2,254,174,5142,36039,1
4860,06/19/2020,Greene,1,255,54,5196,36039,1
4861,06/20/2020,Greene,1,256,67,5263,36039,0
4862,06/21/2020,Greene,0,256,119,5382,36039,0
4863,06/22/2020,Greene,0,256,110,5492,36039,0
4864,06/23/2020,Greene,0,256,114,5606,36039,0
4865,06/24/2020,Greene,1,257,158,5764,36039,0
4866,06/25/2020,Greene,0,257,126,5890,36039,1
4867,06/26/2020,Greene,3,260,127,6017,36039,1
4868,06/27/2020,Greene,0,260,166,6183,36039,1
4869,06/28/2020,Greene,0,260,58,6241,36039,0
4870,06/29/2020,Greene,0,260,154,6395,36039,0
4871,06/30/2020,Greene,0,260,72,6467,36039,0
4872,07/01/2020,Greene,0,260,195,6662,36039,1
4873,07/02/2020,Greene,3,263,99,6761,36039,1
4874,07/03/2020,Greene,0,263,106,6867,36039,1
4875,07/04/2020,Greene,0,263,156,7023,36039,0
4876,07/05/2020,Greene,0,263,115,7138,36039,0
4877,07/06/2020,Greene,0,263,177,7315,36039,0
4878,07/07/2020,Greene,0,263,151,7466,36039,0
4879,07/08/2020,Greene,0,263,149,7615,36039,0
4880,07/09/2020,Greene,1,264,329,7944,36039,0
4881,07/10/2020,Greene,1,265,143,8087,36039,1
4882,07/11/2020,Greene,1,266,55,8142,36039,0
4883,07/12/2020,Greene,0,266,56,8198,36039,0
4884,07/13/2020,Greene,1,267,104,8302,36039,1
4885,07/14/2020,Greene,4,271,127,8429,36039,1
4886,07/15/2020,Greene,0,271,133,8562,36039,1
4887,07/16/2020,Greene,0,271,219,8781,36039,0
4888,07/17/2020,Greene,0,271,147,8928,36039,0
4889,07/18/2020,Greene,1,272,30,8958,36039,0
4890,07/19/2020,Greene,0,272,51,9009,36039,0
4891,07/20/2020,Greene,0,272,148,9157,36039,0
4892,07/21/2020,Greene,0,272,110,9267,36039,0
4893,07/22/2020,Greene,1,273,80,9347,36039,2
4894,07/23/2020,Greene,5,278,212,9559,36039,2
4895,07/24/2020,Greene,1,279,110,9669,36039,2
4896,07/25/2020,Greene,2,281,59,9728,36039,1
4897,07/26/2020,Greene,1,282,48,9776,36039,1
4898,07/27/2020,Greene,1,283,100,9876,36039,1
4899,07/28/2020,Greene,2,285,78,9954,36039,1
4900,07/29/2020,Greene,2,287,146,10100,36039,2
4901,07/30/2020,Greene,2,289,213,10313,36039,1
4902,07/31/2020,Greene,0,289,189,10502,36039,0
4903,08/01/2020,Greene,0,289,54,10556,36039,0
4904,08/02/2020,Greene,0,289,76,10632,36039,0
4905,08/03/2020,Greene,0,289,132,10764,36039,0
4906,08/04/2020,Greene,0,289,163,10927,36039,0
4907,08/05/2020,Greene,1,290,107,11034,36039,0
4908,08/06/2020,Greene,1,291,149,11183,36039,0
4909,08/07/2020,Greene,0,291,94,11277,36039,0
4910,08/08/2020,Greene,1,292,83,11360,36039,0
4911,08/09/2020,Greene,1,293,61,11421,36039,1
4912,08/10/2020,Greene,1,294,151,11572,36039,1
4913,08/11/2020,Greene,1,295,136,11708,36039,1
4914,08/12/2020,Greene,1,296,89,11797,36039,0
4915,08/13/2020,Greene,0,296,208,12005,36039,0
4916,08/14/2020,Greene,1,297,240,12245,36039,0
4917,08/15/2020,Greene,1,298,133,12378,36039,0
4918,08/16/2020,Greene,0,298,45,12423,36039,1
4919,08/17/2020,Greene,2,300,269,12692,36039,0
4920,08/18/2020,Greene,0,300,235,12927,36039,1
4921,08/19/2020,Greene,1,301,164,13091,36039,1
4922,08/20/2020,Greene,3,304,293,13384,36039,1
4923,08/21/2020,Greene,1,305,137,13521,36039,1
4924,08/22/2020,Greene,0,305,97,13618,36039,0
4925,08/23/2020,Greene,0,305,49,13667,36039,0
4926,08/24/2020,Greene,0,305,101,13768,36039,0
4927,08/25/2020,Greene,1,306,101,13869,36039,0
4928,08/26/2020,Greene,0,306,182,14051,36039,0
4929,08/27/2020,Greene,0,306,241,14292,36039,0
4930,08/28/2020,Greene,1,307,228,14520,36039,0
4931,08/29/2020,Greene,0,307,147,14667,36039,0
4932,08/30/2020,Greene,0,307,85,14752,36039,0
4933,08/31/2020,Greene,2,309,138,14890,36039,1
4934,09/01/2020,Greene,1,310,107,14997,36039,1
4935,09/02/2020,Greene,0,310,186,15183,36039,1
4936,09/03/2020,Greene,3,313,198,15381,36039,1
4937,09/04/2020,Greene,0,313,114,15495,36039,1
4938,09/05/2020,Greene,1,314,105,15600,36039,0
4939,09/06/2020,Greene,0,314,41,15641,36039,1
4940,09/07/2020,Greene,2,316,140,15781,36039,0
4941,09/08/2020,Greene,0,316,123,15904,36039,1
4942,09/09/2020,Greene,1,317,86,15990,36039,0
4943,09/10/2020,Greene,0,317,233,16223,36039,0
4944,09/11/2020,Greene,0,317,136,16359,36039,0
4945,09/12/2020,Greene,1,318,221,16580,36039,0
4946,09/13/2020,Greene,0,318,42,16622,36039,0
4947,09/14/2020,Greene,0,318,127,16749,36039,0
4948,09/15/2020,Greene,0,318,106,16855,36039,0
4949,09/16/2020,Greene,1,319,215,17070,36039,0
4950,09/17/2020,Greene,0,319,200,17270,36039,0
4951,09/18/2020,Greene,0,319,176,17446,36039,0
4952,09/19/2020,Greene,0,319,123,17569,36039,0
4953,09/20/2020,Greene,1,320,56,17625,36039,0
4954,09/21/2020,Greene,1,321,94,17719,36039,0
4955,09/22/2020,Greene,0,321,103,17822,36039,0
4956,09/23/2020,Greene,0,321,184,18006,36039,0
4957,09/24/2020,Greene,2,323,268,18274,36039,0
4958,09/25/2020,Greene,0,323,102,18376,36039,0
4959,09/26/2020,Greene,0,323,114,18490,36039,0
4960,09/27/2020,Greene,0,323,62,18552,36039,0
4961,09/28/2020,Greene,0,323,78,18630,36039,0
4962,09/29/2020,Greene,2,325,181,18811,36039,1
4963,09/30/2020,Greene,3,328,254,19065,36039,3
4964,10/01/2020,Greene,6,334,192,19257,36039,5
4965,10/02/2020,Greene,6,340,205,19462,36039,6
4966,10/03/2020,Greene,7,347,194,19656,36039,4
4967,10/04/2020,Greene,1,348,167,19823,36039,4
4968,10/05/2020,Greene,5,353,128,19951,36039,6
4969,10/06/2020,Greene,13,366,198,20149,36039,8
4970,10/07/2020,Greene,6,372,283,20432,36039,8
4971,10/08/2020,Greene,5,377,266,20698,36039,4
4972,10/09/2020,Greene,2,379,344,21042,36039,3
4973,10/10/2020,Greene,4,383,211,21253,36039,3
4974,10/11/2020,Greene,5,388,188,21441,36039,16
4975,10/12/2020,Greene,41,429,345,21786,36039,21
4976,10/13/2020,Greene,17,446,310,22096,36039,22
4977,10/14/2020,Greene,8,454,385,22481,36039,11
4978,10/15/2020,Greene,10,464,330,22811,36039,6
4979,10/16/2020,Greene,1,465,314,23125,36039,6
4980,10/17/2020,Greene,7,472,176,23301,36039,3
4981,10/18/2020,Greene,2,474,96,23397,36039,4
4982,10/19/2020,Greene,3,477,126,23523,36039,3
4983,10/20/2020,Greene,5,482,203,23726,36039,4
4984,10/21/2020,Greene,5,487,240,23966,36039,3
4985,10/22/2020,Greene,1,488,303,24269,36039,2
4986,10/23/2020,Greene,1,489,287,24556,36039,1
4987,10/24/2020,Greene,1,490,142,24698,36039,2
4988,10/25/2020,Greene,5,495,197,24895,36039,4
4989,10/26/2020,Greene,6,501,274,25169,36039,5
4990,10/27/2020,Greene,4,505,191,25360,36039,4
4991,10/28/2020,Greene,2,507,255,25615,36039,3
4992,10/29/2020,Greene,3,510,169,25784,36039,3
4993,10/30/2020,Greene,5,515,435,26219,36039,3
4994,10/31/2020,Greene,1,516,303,26522,36039,2
4995,11/01/2020,Greene,1,517,256,26778,36039,1
4996,11/02/2020,Greene,1,518,319,27097,36039,2
4997,11/03/2020,Greene,5,523,528,27625,36039,2
4998,11/04/2020,Greene,0,523,193,27818,36039,3
4999,11/05/2020,Greene,4,527,252,28070,36039,1
5000,03/01/2020,Hamilton,0,0,0,0,36041,0
5001,03/02/2020,Hamilton,0,0,0,0,36041,0
5002,03/03/2020,Hamilton,0,0,0,0,36041,0
5003,03/04/2020,Hamilton,0,0,0,0,36041,0
5004,03/05/2020,Hamilton,0,0,0,0,36041,0
5005,03/06/2020,Hamilton,0,0,0,0,36041,0
5006,03/07/2020,Hamilton,0,0,0,0,36041,0
5007,03/08/2020,Hamilton,0,0,0,0,36041,0
5008,03/09/2020,Hamilton,0,0,0,0,36041,0
5009,03/10/2020,Hamilton,0,0,0,0,36041,0
5010,03/11/2020,Hamilton,0,0,0,0,36041,0
5011,03/12/2020,Hamilton,0,0,0,0,36041,0
5012,03/13/2020,Hamilton,0,0,0,0,36041,0
5013,03/14/2020,Hamilton,0,0,0,0,36041,0
5014,03/15/2020,Hamilton,0,0,0,0,36041,0
5015,03/16/2020,Hamilton,0,0,0,0,36041,0
5016,03/17/2020,Hamilton,1,1,2,2,36041,0
5017,03/18/2020,Hamilton,1,2,8,10,36041,0
5018,03/19/2020,Hamilton,0,2,0,10,36041,0
5019,03/20/2020,Hamilton,0,2,1,11,36041,0
5020,03/21/2020,Hamilton,0,2,0,11,36041,0
5021,03/22/2020,Hamilton,0,2,0,11,36041,0
5022,03/23/2020,Hamilton,0,2,2,13,36041,0
5023,03/24/2020,Hamilton,0,2,1,14,36041,0
5024,03/25/2020,Hamilton,0,2,0,14,36041,0
5025,03/26/2020,Hamilton,0,2,0,14,36041,0
5026,03/27/2020,Hamilton,0,2,0,14,36041,0
5027,03/28/2020,Hamilton,0,2,0,14,36041,0
5028,03/29/2020,Hamilton,0,2,0,14,36041,0
5029,03/30/2020,Hamilton,0,2,0,14,36041,0
5030,03/31/2020,Hamilton,0,2,0,14,36041,0
5031,04/01/2020,Hamilton,0,2,3,17,36041,0
5032,04/02/2020,Hamilton,0,2,0,17,36041,0
5033,04/03/2020,Hamilton,0,2,0,17,36041,0
5034,04/04/2020,Hamilton,0,2,0,17,36041,0
5035,04/05/2020,Hamilton,0,2,0,17,36041,0
5036,04/06/2020,Hamilton,0,2,0,17,36041,0
5037,04/07/2020,Hamilton,0,2,0,17,36041,0
5038,04/08/2020,Hamilton,1,3,1,18,36041,0
5039,04/09/2020,Hamilton,0,3,0,18,36041,0
5040,04/10/2020,Hamilton,0,3,1,19,36041,0
5041,04/11/2020,Hamilton,0,3,0,19,36041,0
5042,04/12/2020,Hamilton,0,3,1,20,36041,0
5043,04/13/2020,Hamilton,0,3,0,20,36041,0
5044,04/14/2020,Hamilton,0,3,0,20,36041,0
5045,04/15/2020,Hamilton,0,3,0,20,36041,0
5046,04/16/2020,Hamilton,0,3,6,26,36041,0
5047,04/17/2020,Hamilton,0,3,1,27,36041,0
5048,04/18/2020,Hamilton,0,3,1,28,36041,0
5049,04/19/2020,Hamilton,0,3,0,28,36041,0
5050,04/20/2020,Hamilton,0,3,0,28,36041,0
5051,04/21/2020,Hamilton,0,3,1,29,36041,0
5052,04/22/2020,Hamilton,0,3,0,29,36041,0
5053,04/23/2020,Hamilton,0,3,0,29,36041,0
5054,04/24/2020,Hamilton,0,3,3,32,36041,0
5055,04/25/2020,Hamilton,0,3,1,33,36041,0
5056,04/26/2020,Hamilton,0,3,2,35,36041,0
5057,04/27/2020,Hamilton,0,3,1,36,36041,0
5058,04/28/2020,Hamilton,0,3,2,38,36041,0
5059,04/29/2020,Hamilton,0,3,0,38,36041,0
5060,04/30/2020,Hamilton,0,3,2,40,36041,0
5061,05/01/2020,Hamilton,0,3,3,43,36041,0
5062,05/02/2020,Hamilton,0,3,1,44,36041,0
5063,05/03/2020,Hamilton,0,3,2,46,36041,0
5064,05/04/2020,Hamilton,0,3,1,47,36041,0
5065,05/05/2020,Hamilton,2,5,6,53,36041,0
5066,05/06/2020,Hamilton,0,5,0,53,36041,0
5067,05/07/2020,Hamilton,0,5,4,57,36041,0
5068,05/08/2020,Hamilton,0,5,3,60,36041,0
5069,05/09/2020,Hamilton,0,5,1,61,36041,0
5070,05/10/2020,Hamilton,0,5,0,61,36041,0
5071,05/11/2020,Hamilton,0,5,0,61,36041,0
5072,05/12/2020,Hamilton,0,5,6,67,36041,0
5073,05/13/2020,Hamilton,0,5,45,112,36041,0
5074,05/14/2020,Hamilton,0,5,10,122,36041,0
5075,05/15/2020,Hamilton,0,5,34,156,36041,0
5076,05/16/2020,Hamilton,0,5,139,295,36041,0
5077,05/17/2020,Hamilton,0,5,35,330,36041,0
5078,05/18/2020,Hamilton,0,5,2,332,36041,0
5079,05/19/2020,Hamilton,0,5,10,342,36041,0
5080,05/20/2020,Hamilton,0,5,12,354,36041,0
5081,05/21/2020,Hamilton,0,5,8,362,36041,0
5082,05/22/2020,Hamilton,0,5,38,400,36041,0
5083,05/23/2020,Hamilton,0,5,3,403,36041,0
5084,05/24/2020,Hamilton,0,5,3,406,36041,0
5085,05/25/2020,Hamilton,0,5,5,411,36041,0
5086,05/26/2020,Hamilton,0,5,1,412,36041,0
5087,05/27/2020,Hamilton,0,5,3,415,36041,0
5088,05/28/2020,Hamilton,0,5,4,419,36041,0
5089,05/29/2020,Hamilton,0,5,3,422,36041,0
5090,05/30/2020,Hamilton,0,5,22,444,36041,0
5091,05/31/2020,Hamilton,0,5,5,449,36041,0
5092,06/01/2020,Hamilton,0,5,1,450,36041,0
5093,06/02/2020,Hamilton,0,5,2,452,36041,0
5094,06/03/2020,Hamilton,0,5,74,526,36041,0
5095,06/04/2020,Hamilton,0,5,8,534,36041,0
5096,06/05/2020,Hamilton,0,5,7,541,36041,0
5097,06/06/2020,Hamilton,0,5,38,579,36041,0
5098,06/07/2020,Hamilton,0,5,8,587,36041,0
5099,06/08/2020,Hamilton,0,5,4,591,36041,0
5100,06/09/2020,Hamilton,0,5,7,598,36041,0
5101,06/10/2020,Hamilton,0,5,5,603,36041,0
5102,06/11/2020,Hamilton,0,5,13,616,36041,0
5103,06/12/2020,Hamilton,0,5,6,622,36041,0
5104,06/13/2020,Hamilton,1,6,27,649,36041,0
5105,06/14/2020,Hamilton,0,6,12,661,36041,0
5106,06/15/2020,Hamilton,0,6,1,662,36041,0
5107,06/16/2020,Hamilton,0,6,6,668,36041,0
5108,06/17/2020,Hamilton,0,6,12,680,36041,0
5109,06/18/2020,Hamilton,0,6,6,686,36041,0
5110,06/19/2020,Hamilton,0,6,4,690,36041,0
5111,06/20/2020,Hamilton,0,6,57,747,36041,0
5112,06/21/2020,Hamilton,0,6,8,755,36041,0
5113,06/22/2020,Hamilton,0,6,1,756,36041,0
5114,06/23/2020,Hamilton,0,6,7,763,36041,0
5115,06/24/2020,Hamilton,0,6,10,773,36041,0
5116,06/25/2020,Hamilton,0,6,2,775,36041,0
5117,06/26/2020,Hamilton,0,6,3,778,36041,0
5118,06/27/2020,Hamilton,0,6,35,813,36041,0
5119,06/28/2020,Hamilton,0,6,5,818,36041,0
5120,06/29/2020,Hamilton,0,6,6,824,36041,0
5121,06/30/2020,Hamilton,0,6,2,826,36041,0
5122,07/01/2020,Hamilton,0,6,10,836,36041,0
5123,07/02/2020,Hamilton,0,6,13,849,36041,0
5124,07/03/2020,Hamilton,0,6,52,901,36041,0
5125,07/04/2020,Hamilton,0,6,9,910,36041,0
5126,07/05/2020,Hamilton,0,6,8,918,36041,0
5127,07/06/2020,Hamilton,0,6,1,919,36041,0
5128,07/07/2020,Hamilton,0,6,5,924,36041,0
5129,07/08/2020,Hamilton,0,6,3,927,36041,0
5130,07/09/2020,Hamilton,0,6,11,938,36041,0
5131,07/10/2020,Hamilton,0,6,9,947,36041,0
5132,07/11/2020,Hamilton,0,6,3,950,36041,0
5133,07/12/2020,Hamilton,0,6,10,960,36041,0
5134,07/13/2020,Hamilton,0,6,16,976,36041,0
5135,07/14/2020,Hamilton,0,6,85,1061,36041,0
5136,07/15/2020,Hamilton,0,6,8,1069,36041,0
5137,07/16/2020,Hamilton,0,6,10,1079,36041,0
5138,07/17/2020,Hamilton,0,6,9,1088,36041,0
5139,07/18/2020,Hamilton,0,6,42,1130,36041,0
5140,07/19/2020,Hamilton,0,6,3,1133,36041,0
5141,07/20/2020,Hamilton,0,6,6,1139,36041,0
5142,07/21/2020,Hamilton,0,6,6,1145,36041,0
5143,07/22/2020,Hamilton,0,6,9,1154,36041,0
5144,07/23/2020,Hamilton,1,7,23,1177,36041,0
5145,07/24/2020,Hamilton,0,7,11,1188,36041,0
5146,07/25/2020,Hamilton,0,7,32,1220,36041,0
5147,07/26/2020,Hamilton,0,7,37,1257,36041,0
5148,07/27/2020,Hamilton,0,7,10,1267,36041,0
5149,07/28/2020,Hamilton,0,7,2,1269,36041,0
5150,07/29/2020,Hamilton,0,7,4,1273,36041,0
5151,07/30/2020,Hamilton,0,7,8,1281,36041,0
5152,07/31/2020,Hamilton,0,7,9,1290,36041,0
5153,08/01/2020,Hamilton,0,7,8,1298,36041,0
5154,08/02/2020,Hamilton,0,7,13,1311,36041,0
5155,08/03/2020,Hamilton,0,7,56,1367,36041,0
5156,08/04/2020,Hamilton,0,7,17,1384,36041,0
5157,08/05/2020,Hamilton,1,8,16,1400,36041,0
5158,08/06/2020,Hamilton,0,8,7,1407,36041,0
5159,08/07/2020,Hamilton,0,8,7,1414,36041,0
5160,08/08/2020,Hamilton,0,8,43,1457,36041,0
5161,08/09/2020,Hamilton,0,8,2,1459,36041,0
5162,08/10/2020,Hamilton,0,8,5,1464,36041,0
5163,08/11/2020,Hamilton,0,8,3,1467,36041,0
5164,08/12/2020,Hamilton,0,8,8,1475,36041,0
5165,08/13/2020,Hamilton,0,8,17,1492,36041,0
5166,08/14/2020,Hamilton,0,8,6,1498,36041,1
5167,08/15/2020,Hamilton,3,11,42,1540,36041,1
5168,08/16/2020,Hamilton,0,11,1,1541,36041,1
5169,08/17/2020,Hamilton,0,11,6,1547,36041,0
5170,08/18/2020,Hamilton,0,11,8,1555,36041,0
5171,08/19/2020,Hamilton,1,12,46,1601,36041,0
5172,08/20/2020,Hamilton,0,12,6,1607,36041,0
5173,08/21/2020,Hamilton,0,12,12,1619,36041,0
5174,08/22/2020,Hamilton,0,12,10,1629,36041,0
5175,08/23/2020,Hamilton,0,12,7,1636,36041,0
5176,08/24/2020,Hamilton,1,13,14,1650,36041,0
5177,08/25/2020,Hamilton,0,13,6,1656,36041,0
5178,08/26/2020,Hamilton,0,13,21,1677,36041,0
5179,08/27/2020,Hamilton,1,14,45,1722,36041,0
5180,08/28/2020,Hamilton,0,14,19,1741,36041,0
5181,08/29/2020,Hamilton,0,14,5,1746,36041,0
5182,08/30/2020,Hamilton,0,14,7,1753,36041,0
5183,08/31/2020,Hamilton,0,14,9,1762,36041,0
5184,09/01/2020,Hamilton,0,14,7,1769,36041,0
5185,09/02/2020,Hamilton,0,14,12,1781,36041,0
5186,09/03/2020,Hamilton,0,14,33,1814,36041,0
5187,09/04/2020,Hamilton,0,14,32,1846,36041,0
5188,09/05/2020,Hamilton,0,14,15,1861,36041,0
5189,09/06/2020,Hamilton,0,14,6,1867,36041,0
5190,09/07/2020,Hamilton,0,14,9,1876,36041,0
5191,09/08/2020,Hamilton,0,14,7,1883,36041,0
5192,09/09/2020,Hamilton,0,14,8,1891,36041,0
5193,09/10/2020,Hamilton,0,14,52,1943,36041,0
5194,09/11/2020,Hamilton,0,14,14,1957,36041,0
5195,09/12/2020,Hamilton,0,14,7,1964,36041,0
5196,09/13/2020,Hamilton,0,14,3,1967,36041,0
5197,09/14/2020,Hamilton,0,14,8,1975,36041,0
5198,09/15/2020,Hamilton,0,14,5,1980,36041,0
5199,09/16/2020,Hamilton,0,14,1,1981,36041,0
5200,09/17/2020,Hamilton,0,14,10,1991,36041,0
5201,09/18/2020,Hamilton,1,15,40,2031,36041,0
5202,09/19/2020,Hamilton,0,15,11,2042,36041,0
5203,09/20/2020,Hamilton,0,15,5,2047,36041,0
5204,09/21/2020,Hamilton,0,15,13,2060,36041,0
5205,09/22/2020,Hamilton,0,15,17,2077,36041,0
5206,09/23/2020,Hamilton,0,15,9,2086,36041,0
5207,09/24/2020,Hamilton,0,15,41,2127,36041,0
5208,09/25/2020,Hamilton,0,15,12,2139,36041,0
5209,09/26/2020,Hamilton,0,15,13,2152,36041,0
5210,09/27/2020,Hamilton,0,15,5,2157,36041,0
5211,09/28/2020,Hamilton,0,15,7,2164,36041,0
5212,09/29/2020,Hamilton,0,15,9,2173,36041,0
5213,09/30/2020,Hamilton,0,15,9,2182,36041,0
5214,10/01/2020,Hamilton,0,15,10,2192,36041,0
5215,10/02/2020,Hamilton,0,15,43,2235,36041,0
5216,10/03/2020,Hamilton,0,15,12,2247,36041,0
5217,10/04/2020,Hamilton,0,15,5,2252,36041,0
5218,10/05/2020,Hamilton,0,15,9,2261,36041,0
5219,10/06/2020,Hamilton,0,15,12,2273,36041,0
5220,10/07/2020,Hamilton,0,15,8,2281,36041,0
5221,10/08/2020,Hamilton,0,15,25,2306,36041,0
5222,10/09/2020,Hamilton,0,15,25,2331,36041,0
5223,10/10/2020,Hamilton,0,15,8,2339,36041,0
5224,10/11/2020,Hamilton,0,15,10,2349,36041,0
5225,10/12/2020,Hamilton,1,16,14,2363,36041,0
5226,10/13/2020,Hamilton,0,16,68,2431,36041,0
5227,10/14/2020,Hamilton,0,16,23,2454,36041,0
5228,10/15/2020,Hamilton,0,16,24,2478,36041,0
5229,10/16/2020,Hamilton,0,16,23,2501,36041,0
5230,10/17/2020,Hamilton,0,16,14,2515,36041,0
5231,10/18/2020,Hamilton,0,16,19,2534,36041,0
5232,10/19/2020,Hamilton,0,16,7,2541,36041,0
5233,10/20/2020,Hamilton,0,16,12,2553,36041,0
5234,10/21/2020,Hamilton,0,16,23,2576,36041,0
5235,10/22/2020,Hamilton,0,16,16,2592,36041,0
5236,10/23/2020,Hamilton,0,16,14,2606,36041,0
5237,10/24/2020,Hamilton,0,16,5,2611,36041,0
5238,10/25/2020,Hamilton,0,16,6,2617,36041,0
5239,10/26/2020,Hamilton,0,16,10,2627,36041,0
5240,10/27/2020,Hamilton,1,17,18,2645,36041,0
5241,10/28/2020,Hamilton,0,17,6,2651,36041,0
5242,10/29/2020,Hamilton,1,18,37,2688,36041,0
5243,10/30/2020,Hamilton,0,18,33,2721,36041,0
5244,10/31/2020,Hamilton,1,19,19,2740,36041,0
5245,11/01/2020,Hamilton,0,19,10,2750,36041,0
5246,11/02/2020,Hamilton,0,19,18,2768,36041,0
5247,11/03/2020,Hamilton,0,19,15,2783,36041,0
5248,11/04/2020,Hamilton,0,19,23,2806,36041,0
5249,11/05/2020,Hamilton,0,19,34,2840,36041,0
5250,03/01/2020,Herkimer,0,0,0,0,36043,0
5251,03/02/2020,Herkimer,0,0,0,0,36043,0
5252,03/03/2020,Herkimer,0,0,0,0,36043,0
5253,03/04/2020,Herkimer,0,0,0,0,36043,0
5254,03/05/2020,Herkimer,0,0,0,0,36043,0
5255,03/06/2020,Herkimer,0,0,0,0,36043,0
5256,03/07/2020,Herkimer,0,0,0,0,36043,0
5257,03/08/2020,Herkimer,0,0,0,0,36043,0
5258,03/09/2020,Herkimer,0,0,0,0,36043,0
5259,03/10/2020,Herkimer,0,0,0,0,36043,0
5260,03/11/2020,Herkimer,0,0,0,0,36043,0
5261,03/12/2020,Herkimer,1,1,1,1,36043,0
5262,03/13/2020,Herkimer,0,1,0,1,36043,0
5263,03/14/2020,Herkimer,0,1,1,2,36043,0
5264,03/15/2020,Herkimer,0,1,0,2,36043,0
5265,03/16/2020,Herkimer,0,1,0,2,36043,0
5266,03/17/2020,Herkimer,0,1,0,2,36043,0
5267,03/18/2020,Herkimer,0,1,1,3,36043,0
5268,03/19/2020,Herkimer,1,2,1,4,36043,0
5269,03/20/2020,Herkimer,1,3,5,9,36043,1
5270,03/21/2020,Herkimer,1,4,10,19,36043,0
5271,03/22/2020,Herkimer,0,4,6,25,36043,0
5272,03/23/2020,Herkimer,0,4,3,28,36043,0
5273,03/24/2020,Herkimer,1,5,5,33,36043,1
5274,03/25/2020,Herkimer,2,7,6,39,36043,1
5275,03/26/2020,Herkimer,2,9,9,48,36043,1
5276,03/27/2020,Herkimer,0,9,8,56,36043,1
5277,03/28/2020,Herkimer,1,10,14,70,36043,1
5278,03/29/2020,Herkimer,2,12,8,78,36043,1
5279,03/30/2020,Herkimer,0,12,1,79,36043,0
5280,03/31/2020,Herkimer,0,12,4,83,36043,0
5281,04/01/2020,Herkimer,2,14,9,92,36043,0
5282,04/02/2020,Herkimer,0,14,19,111,36043,2
5283,04/03/2020,Herkimer,4,18,27,138,36043,2
5284,04/04/2020,Herkimer,4,22,46,184,36043,3
5285,04/05/2020,Herkimer,3,25,23,207,36043,3
5286,04/06/2020,Herkimer,2,27,19,226,36043,2
5287,04/07/2020,Herkimer,2,29,19,245,36043,2
5288,04/08/2020,Herkimer,3,32,44,289,36043,3
5289,04/09/2020,Herkimer,4,36,23,312,36043,2
5290,04/10/2020,Herkimer,1,37,12,324,36043,1
5291,04/11/2020,Herkimer,0,37,11,335,36043,0
5292,04/12/2020,Herkimer,1,38,29,364,36043,0
5293,04/13/2020,Herkimer,1,39,26,390,36043,1
5294,04/14/2020,Herkimer,1,40,9,399,36043,1
5295,04/15/2020,Herkimer,3,43,23,422,36043,2
5296,04/16/2020,Herkimer,3,46,30,452,36043,2
5297,04/17/2020,Herkimer,1,47,18,470,36043,2
5298,04/18/2020,Herkimer,2,49,20,490,36043,1
5299,04/19/2020,Herkimer,0,49,23,513,36043,1
5300,04/20/2020,Herkimer,1,50,7,520,36043,1
5301,04/21/2020,Herkimer,3,53,34,554,36043,1
5302,04/22/2020,Herkimer,1,54,25,579,36043,2
5303,04/23/2020,Herkimer,2,56,27,606,36043,1
5304,04/24/2020,Herkimer,0,56,59,665,36043,1
5305,04/25/2020,Herkimer,1,57,31,696,36043,0
5306,04/26/2020,Herkimer,1,58,26,722,36043,0
5307,04/27/2020,Herkimer,0,58,14,736,36043,0
5308,04/28/2020,Herkimer,0,58,28,764,36043,0
5309,04/29/2020,Herkimer,0,58,28,792,36043,0
5310,04/30/2020,Herkimer,2,60,28,820,36043,1
5311,05/01/2020,Herkimer,1,61,15,835,36043,1
5312,05/02/2020,Herkimer,1,62,29,864,36043,1
5313,05/03/2020,Herkimer,1,63,41,905,36043,2
5314,05/04/2020,Herkimer,4,67,29,934,36043,2
5315,05/05/2020,Herkimer,1,68,66,1000,36043,3
5316,05/06/2020,Herkimer,6,74,65,1065,36043,3
5317,05/07/2020,Herkimer,2,76,55,1120,36043,3
5318,05/08/2020,Herkimer,1,77,43,1163,36043,1
5319,05/09/2020,Herkimer,2,79,56,1219,36043,1
5320,05/10/2020,Herkimer,2,81,57,1276,36043,1
5321,05/11/2020,Herkimer,0,81,42,1318,36043,1
5322,05/12/2020,Herkimer,3,84,61,1379,36043,1
5323,05/13/2020,Herkimer,2,86,54,1433,36043,2
5324,05/14/2020,Herkimer,1,87,49,1482,36043,2
5325,05/15/2020,Herkimer,4,91,50,1532,36043,1
5326,05/16/2020,Herkimer,0,91,157,1689,36043,1
5327,05/17/2020,Herkimer,1,92,68,1757,36043,0
5328,05/18/2020,Herkimer,0,92,65,1822,36043,0
5329,05/19/2020,Herkimer,1,93,95,1917,36043,0
5330,05/20/2020,Herkimer,0,93,60,1977,36043,1
5331,05/21/2020,Herkimer,2,95,77,2054,36043,2
5332,05/22/2020,Herkimer,5,100,212,2266,36043,2
5333,05/23/2020,Herkimer,1,101,143,2409,36043,2
5334,05/24/2020,Herkimer,2,103,237,2646,36043,1
5335,05/25/2020,Herkimer,0,103,45,2691,36043,1
5336,05/26/2020,Herkimer,2,105,328,3019,36043,1
5337,05/27/2020,Herkimer,1,106,442,3461,36043,1
5338,05/28/2020,Herkimer,1,107,154,3615,36043,0
5339,05/29/2020,Herkimer,0,107,332,3947,36043,0
5340,05/30/2020,Herkimer,1,108,309,4256,36043,0
5341,05/31/2020,Herkimer,1,109,131,4387,36043,1
5342,06/01/2020,Herkimer,2,111,186,4573,36043,1
5343,06/02/2020,Herkimer,2,113,522,5095,36043,1
5344,06/03/2020,Herkimer,0,113,398,5493,36043,1
5345,06/04/2020,Herkimer,2,115,334,5827,36043,3
5346,06/05/2020,Herkimer,7,122,523,6350,36043,3
5347,06/06/2020,Herkimer,1,123,357,6707,36043,3
5348,06/07/2020,Herkimer,1,124,377,7084,36043,1
5349,06/08/2020,Herkimer,1,125,308,7392,36043,0
5350,06/09/2020,Herkimer,0,125,245,7637,36043,0
5351,06/10/2020,Herkimer,0,125,295,7932,36043,0
5352,06/11/2020,Herkimer,2,127,439,8371,36043,1
5353,06/12/2020,Herkimer,1,128,280,8651,36043,1
5354,06/13/2020,Herkimer,0,128,275,8926,36043,0
5355,06/14/2020,Herkimer,0,128,119,9045,36043,0
5356,06/15/2020,Herkimer,0,128,297,9342,36043,0
5357,06/16/2020,Herkimer,0,128,208,9550,36043,0
5358,06/17/2020,Herkimer,0,128,236,9786,36043,1
5359,06/18/2020,Herkimer,3,131,265,10051,36043,2
5360,06/19/2020,Herkimer,3,134,334,10385,36043,2
5361,06/20/2020,Herkimer,2,136,405,10790,36043,2
5362,06/21/2020,Herkimer,1,137,232,11022,36043,1
5363,06/22/2020,Herkimer,0,137,146,11168,36043,2
5364,06/23/2020,Herkimer,5,142,184,11352,36043,2
5365,06/24/2020,Herkimer,1,143,146,11498,36043,4
5366,06/25/2020,Herkimer,6,149,161,11659,36043,4
5367,06/26/2020,Herkimer,5,154,302,11961,36043,5
5368,06/27/2020,Herkimer,4,158,495,12456,36043,3
5369,06/28/2020,Herkimer,1,159,189,12645,36043,1
5370,06/29/2020,Herkimer,0,159,155,12800,36043,1
5371,06/30/2020,Herkimer,3,162,212,13012,36043,1
5372,07/01/2020,Herkimer,2,164,201,13213,36043,4
5373,07/02/2020,Herkimer,8,172,96,13309,36043,3
5374,07/03/2020,Herkimer,0,172,140,13449,36043,3
5375,07/04/2020,Herkimer,1,173,371,13820,36043,2
5376,07/05/2020,Herkimer,6,179,381,14201,36043,3
5377,07/06/2020,Herkimer,2,181,210,14411,36043,2
5378,07/07/2020,Herkimer,0,181,182,14593,36043,1
5379,07/08/2020,Herkimer,1,182,240,14833,36043,1
5380,07/09/2020,Herkimer,2,184,250,15083,36043,2
5381,07/10/2020,Herkimer,4,188,213,15296,36043,3
5382,07/11/2020,Herkimer,4,192,270,15566,36043,3
5383,07/12/2020,Herkimer,1,193,210,15776,36043,2
5384,07/13/2020,Herkimer,2,195,327,16103,36043,1
5385,07/14/2020,Herkimer,2,197,322,16425,36043,3
5386,07/15/2020,Herkimer,5,202,134,16559,36043,3
5387,07/16/2020,Herkimer,2,204,263,16822,36043,2
5388,07/17/2020,Herkimer,0,204,203,17025,36043,1
5389,07/18/2020,Herkimer,2,206,70,17095,36043,0
5390,07/19/2020,Herkimer,0,206,92,17187,36043,1
5391,07/20/2020,Herkimer,2,208,200,17387,36043,1
5392,07/21/2020,Herkimer,3,211,291,17678,36043,2
5393,07/22/2020,Herkimer,2,213,248,17926,36043,5
5394,07/23/2020,Herkimer,10,223,302,18228,36043,4
5395,07/24/2020,Herkimer,1,224,283,18511,36043,5
5396,07/25/2020,Herkimer,6,230,242,18753,36043,3
5397,07/26/2020,Herkimer,4,234,233,18986,36043,4
5398,07/27/2020,Herkimer,2,236,145,19131,36043,2
5399,07/28/2020,Herkimer,0,236,178,19309,36043,1
5400,07/29/2020,Herkimer,3,239,259,19568,36043,1
5401,07/30/2020,Herkimer,0,239,200,19768,36043,1
5402,07/31/2020,Herkimer,1,240,244,20012,36043,0
5403,08/01/2020,Herkimer,1,241,316,20328,36043,2
5404,08/02/2020,Herkimer,5,246,278,20606,36043,7
5405,08/03/2020,Herkimer,16,262,410,21016,36043,7
5406,08/04/2020,Herkimer,2,264,265,21281,36043,7
5407,08/05/2020,Herkimer,4,268,214,21495,36043,2
5408,08/06/2020,Herkimer,2,270,218,21713,36043,3
5409,08/07/2020,Herkimer,3,273,312,22025,36043,2
5410,08/08/2020,Herkimer,1,274,378,22403,36043,1
5411,08/09/2020,Herkimer,0,274,279,22682,36043,1
5412,08/10/2020,Herkimer,3,277,322,23004,36043,1
5413,08/11/2020,Herkimer,0,277,248,23252,36043,1
5414,08/12/2020,Herkimer,1,278,213,23465,36043,0
5415,08/13/2020,Herkimer,0,278,227,23692,36043,1
5416,08/14/2020,Herkimer,4,282,338,24030,36043,1
5417,08/15/2020,Herkimer,1,283,430,24460,36043,2
5418,08/16/2020,Herkimer,1,284,153,24613,36043,0
5419,08/17/2020,Herkimer,0,284,181,24794,36043,0
5420,08/18/2020,Herkimer,0,284,167,24961,36043,0
5421,08/19/2020,Herkimer,0,284,302,25263,36043,1
5422,08/20/2020,Herkimer,5,289,330,25593,36043,1
5423,08/21/2020,Herkimer,0,289,378,25971,36043,1
5424,08/22/2020,Herkimer,0,289,294,26265,36043,0
5425,08/23/2020,Herkimer,0,289,194,26459,36043,0
5426,08/24/2020,Herkimer,1,290,175,26634,36043,1
5427,08/25/2020,Herkimer,2,292,304,26938,36043,1
5428,08/26/2020,Herkimer,2,294,357,27295,36043,1
5429,08/27/2020,Herkimer,0,294,263,27558,36043,1
5430,08/28/2020,Herkimer,1,295,336,27894,36043,1
5431,08/29/2020,Herkimer,2,297,374,28268,36043,1
5432,08/30/2020,Herkimer,0,297,308,28576,36043,1
5433,08/31/2020,Herkimer,1,298,360,28936,36043,2
5434,09/01/2020,Herkimer,5,303,160,29096,36043,2
5435,09/02/2020,Herkimer,2,305,257,29353,36043,2
5436,09/03/2020,Herkimer,1,306,323,29676,36043,1
5437,09/04/2020,Herkimer,0,306,278,29954,36043,1
5438,09/05/2020,Herkimer,2,308,345,30299,36043,0
5439,09/06/2020,Herkimer,0,308,145,30444,36043,0
5440,09/07/2020,Herkimer,0,308,251,30695,36043,0
5441,09/08/2020,Herkimer,0,308,117,30812,36043,0
5442,09/09/2020,Herkimer,0,308,154,30966,36043,1
5443,09/10/2020,Herkimer,4,312,343,31309,36043,1
5444,09/11/2020,Herkimer,0,312,454,31763,36043,1
5445,09/12/2020,Herkimer,1,313,316,32079,36043,0
5446,09/13/2020,Herkimer,0,313,262,32341,36043,0
5447,09/14/2020,Herkimer,0,313,236,32577,36043,0
5448,09/15/2020,Herkimer,1,314,169,32746,36043,1
5449,09/16/2020,Herkimer,2,316,206,32952,36043,1
5450,09/17/2020,Herkimer,2,318,280,33232,36043,1
5451,09/18/2020,Herkimer,1,319,309,33541,36043,1
5452,09/19/2020,Herkimer,2,321,397,33938,36043,1
5453,09/20/2020,Herkimer,0,321,316,34254,36043,1
5454,09/21/2020,Herkimer,1,322,216,34470,36043,2
5455,09/22/2020,Herkimer,5,327,283,34753,36043,2
5456,09/23/2020,Herkimer,2,329,218,34971,36043,3
5457,09/24/2020,Herkimer,2,331,317,35288,36043,2
5458,09/25/2020,Herkimer,3,334,566,35854,36043,1
5459,09/26/2020,Herkimer,0,334,304,36158,36043,1
5460,09/27/2020,Herkimer,1,335,166,36324,36043,1
5461,09/28/2020,Herkimer,2,337,357,36681,36043,1
5462,09/29/2020,Herkimer,1,338,235,36916,36043,1
5463,09/30/2020,Herkimer,2,340,295,37211,36043,1
5464,10/01/2020,Herkimer,2,342,317,37528,36043,2
5465,10/02/2020,Herkimer,2,344,616,38144,36043,2
5466,10/03/2020,Herkimer,2,346,254,38398,36043,2
5467,10/04/2020,Herkimer,2,348,193,38591,36043,1
5468,10/05/2020,Herkimer,1,349,253,38844,36043,2
5469,10/06/2020,Herkimer,4,353,250,39094,36043,2
5470,10/07/2020,Herkimer,2,355,266,39360,36043,2
5471,10/08/2020,Herkimer,0,355,259,39619,36043,1
5472,10/09/2020,Herkimer,3,358,667,40286,36043,1
5473,10/10/2020,Herkimer,1,359,527,40813,36043,2
5474,10/11/2020,Herkimer,2,361,298,41111,36043,1
5475,10/12/2020,Herkimer,2,363,362,41473,36043,1
5476,10/13/2020,Herkimer,0,363,288,41761,36043,2
5477,10/14/2020,Herkimer,4,367,307,42068,36043,1
5478,10/15/2020,Herkimer,0,367,397,42465,36043,1
5479,10/16/2020,Herkimer,1,368,439,42904,36043,1
5480,10/17/2020,Herkimer,2,370,301,43205,36043,1
5481,10/18/2020,Herkimer,0,370,237,43442,36043,1
5482,10/19/2020,Herkimer,1,371,289,43731,36043,1
5483,10/20/2020,Herkimer,3,374,404,44135,36043,2
5484,10/21/2020,Herkimer,2,376,287,44422,36043,3
5485,10/22/2020,Herkimer,4,380,310,44732,36043,3
5486,10/23/2020,Herkimer,4,384,509,45241,36043,3
5487,10/24/2020,Herkimer,3,387,518,45759,36043,3
5488,10/25/2020,Herkimer,2,389,256,46015,36043,2
5489,10/26/2020,Herkimer,1,390,262,46277,36043,2
5490,10/27/2020,Herkimer,4,394,388,46665,36043,1
5491,10/28/2020,Herkimer,0,394,345,47010,36043,1
5492,10/29/2020,Herkimer,0,394,338,47348,36043,0
5493,10/30/2020,Herkimer,2,396,398,47746,36043,1
5494,10/31/2020,Herkimer,3,399,320,48066,36043,4
5495,11/01/2020,Herkimer,8,407,238,48304,36043,6
5496,11/02/2020,Herkimer,7,414,331,48635,36043,6
5497,11/03/2020,Herkimer,4,418,327,48962,36043,5
5498,11/04/2020,Herkimer,6,424,493,49455,36043,6
5499,11/05/2020,Herkimer,10,434,573,50028,36043,5
5500,03/01/2020,Jefferson,0,0,0,0,36045,0
5501,03/02/2020,Jefferson,0,0,0,0,36045,0
5502,03/03/2020,Jefferson,0,0,0,0,36045,0
5503,03/04/2020,Jefferson,0,0,0,0,36045,0
5504,03/05/2020,Jefferson,0,0,0,0,36045,0
5505,03/06/2020,Jefferson,0,0,0,0,36045,0
5506,03/07/2020,Jefferson,0,0,1,1,36045,0
5507,03/08/2020,Jefferson,0,0,0,1,36045,0
5508,03/09/2020,Jefferson,0,0,0,1,36045,0
5509,03/10/2020,Jefferson,0,0,0,1,36045,0
5510,03/11/2020,Jefferson,0,0,1,2,36045,0
5511,03/12/2020,Jefferson,0,0,0,2,36045,0
5512,03/13/2020,Jefferson,0,0,0,2,36045,0
5513,03/14/2020,Jefferson,0,0,0,2,36045,0
5514,03/15/2020,Jefferson,0,0,1,3,36045,0
5515,03/16/2020,Jefferson,0,0,0,3,36045,0
5516,03/17/2020,Jefferson,0,0,2,5,36045,0
5517,03/18/2020,Jefferson,1,1,7,12,36045,0
5518,03/19/2020,Jefferson,0,1,13,25,36045,0
5519,03/20/2020,Jefferson,0,1,18,43,36045,0
5520,03/21/2020,Jefferson,0,1,4,47,36045,0
5521,03/22/2020,Jefferson,1,2,20,67,36045,0
5522,03/23/2020,Jefferson,0,2,1,68,36045,0
5523,03/24/2020,Jefferson,0,2,13,81,36045,0
5524,03/25/2020,Jefferson,1,3,31,112,36045,0
5525,03/26/2020,Jefferson,0,3,23,135,36045,1
5526,03/27/2020,Jefferson,3,6,45,180,36045,1
5527,03/28/2020,Jefferson,1,7,52,232,36045,2
5528,03/29/2020,Jefferson,4,11,100,332,36045,2
5529,03/30/2020,Jefferson,1,12,19,351,36045,1
5530,03/31/2020,Jefferson,0,12,14,365,36045,1
5531,04/01/2020,Jefferson,3,15,53,418,36045,2
5532,04/02/2020,Jefferson,3,18,56,474,36045,2
5533,04/03/2020,Jefferson,2,20,38,512,36045,3
5534,04/04/2020,Jefferson,6,26,75,587,36045,5
5535,04/05/2020,Jefferson,7,33,98,685,36045,6
5536,04/06/2020,Jefferson,6,39,63,748,36045,4
5537,04/07/2020,Jefferson,1,40,25,773,36045,3
5538,04/08/2020,Jefferson,2,42,84,857,36045,1
5539,04/09/2020,Jefferson,1,43,52,909,36045,1
5540,04/10/2020,Jefferson,1,44,43,952,36045,1
5541,04/11/2020,Jefferson,2,46,47,999,36045,1
5542,04/12/2020,Jefferson,0,46,24,1023,36045,1
5543,04/13/2020,Jefferson,1,47,37,1060,36045,0
5544,04/14/2020,Jefferson,0,47,1,1061,36045,0
5545,04/15/2020,Jefferson,1,48,33,1094,36045,1
5546,04/16/2020,Jefferson,2,50,31,1125,36045,1
5547,04/17/2020,Jefferson,0,50,16,1141,36045,2
5548,04/18/2020,Jefferson,4,54,53,1194,36045,1
5549,04/19/2020,Jefferson,0,54,23,1217,36045,1
5550,04/20/2020,Jefferson,0,54,7,1224,36045,0
5551,04/21/2020,Jefferson,0,54,8,1232,36045,0
5552,04/22/2020,Jefferson,2,56,28,1260,36045,1
5553,04/23/2020,Jefferson,2,58,37,1297,36045,1
5554,04/24/2020,Jefferson,1,59,63,1360,36045,1
5555,04/25/2020,Jefferson,1,60,27,1387,36045,0
5556,04/26/2020,Jefferson,0,60,52,1439,36045,0
5557,04/27/2020,Jefferson,0,60,15,1454,36045,0
5558,04/28/2020,Jefferson,0,60,28,1482,36045,0
5559,04/29/2020,Jefferson,1,61,36,1518,36045,0
5560,04/30/2020,Jefferson,0,61,37,1555,36045,0
5561,05/01/2020,Jefferson,1,62,48,1603,36045,0
5562,05/02/2020,Jefferson,0,62,48,1651,36045,0
5563,05/03/2020,Jefferson,1,63,82,1733,36045,0
5564,05/04/2020,Jefferson,0,63,13,1746,36045,0
5565,05/05/2020,Jefferson,0,63,50,1796,36045,0
5566,05/06/2020,Jefferson,1,64,90,1886,36045,1
5567,05/07/2020,Jefferson,2,66,82,1968,36045,1
5568,05/08/2020,Jefferson,1,67,47,2015,36045,1
5569,05/09/2020,Jefferson,1,68,64,2079,36045,0
5570,05/10/2020,Jefferson,0,68,63,2142,36045,0
5571,05/11/2020,Jefferson,0,68,46,2188,36045,0
5572,05/12/2020,Jefferson,0,68,80,2268,36045,0
5573,05/13/2020,Jefferson,1,69,104,2372,36045,1
5574,05/14/2020,Jefferson,2,71,453,2825,36045,1
5575,05/15/2020,Jefferson,0,71,237,3062,36045,0
5576,05/16/2020,Jefferson,0,71,152,3214,36045,0
5577,05/17/2020,Jefferson,0,71,137,3351,36045,0
5578,05/18/2020,Jefferson,0,71,90,3441,36045,0
5579,05/19/2020,Jefferson,0,71,64,3505,36045,0
5580,05/20/2020,Jefferson,0,71,324,3829,36045,0
5581,05/21/2020,Jefferson,1,72,319,4148,36045,0
5582,05/22/2020,Jefferson,0,72,331,4479,36045,0
5583,05/23/2020,Jefferson,0,72,305,4784,36045,0
5584,05/24/2020,Jefferson,0,72,107,4891,36045,0
5585,05/25/2020,Jefferson,0,72,71,4962,36045,0
5586,05/26/2020,Jefferson,0,72,97,5059,36045,0
5587,05/27/2020,Jefferson,0,72,136,5195,36045,0
5588,05/28/2020,Jefferson,2,74,400,5595,36045,0
5589,05/29/2020,Jefferson,0,74,227,5822,36045,0
5590,05/30/2020,Jefferson,0,74,280,6102,36045,0
5591,05/31/2020,Jefferson,0,74,256,6358,36045,0
5592,06/01/2020,Jefferson,0,74,228,6586,36045,0
5593,06/02/2020,Jefferson,0,74,256,6842,36045,0
5594,06/03/2020,Jefferson,0,74,253,7095,36045,0
5595,06/04/2020,Jefferson,1,75,482,7577,36045,0
5596,06/05/2020,Jefferson,0,75,315,7892,36045,1
5597,06/06/2020,Jefferson,2,77,275,8167,36045,1
5598,06/07/2020,Jefferson,1,78,374,8541,36045,1
5599,06/08/2020,Jefferson,1,79,85,8626,36045,0
5600,06/09/2020,Jefferson,0,79,257,8883,36045,0
5601,06/10/2020,Jefferson,0,79,299,9182,36045,0
5602,06/11/2020,Jefferson,1,80,564,9746,36045,0
5603,06/12/2020,Jefferson,1,81,173,9919,36045,0
5604,06/13/2020,Jefferson,0,81,135,10054,36045,0
5605,06/14/2020,Jefferson,0,81,261,10315,36045,0
5606,06/15/2020,Jefferson,0,81,76,10391,36045,0
5607,06/16/2020,Jefferson,1,82,108,10499,36045,0
5608,06/17/2020,Jefferson,0,82,367,10866,36045,0
5609,06/18/2020,Jefferson,0,82,534,11400,36045,0
5610,06/19/2020,Jefferson,1,83,237,11637,36045,0
5611,06/20/2020,Jefferson,1,84,118,11755,36045,0
5612,06/21/2020,Jefferson,0,84,220,11975,36045,0
5613,06/22/2020,Jefferson,0,84,88,12063,36045,0
5614,06/23/2020,Jefferson,0,84,120,12183,36045,0
5615,06/24/2020,Jefferson,1,85,309,12492,36045,0
5616,06/25/2020,Jefferson,0,85,479,12971,36045,0
5617,06/26/2020,Jefferson,0,85,184,13155,36045,0
5618,06/27/2020,Jefferson,0,85,101,13256,36045,0
5619,06/28/2020,Jefferson,1,86,234,13490,36045,0
5620,06/29/2020,Jefferson,0,86,68,13558,36045,1
5621,06/30/2020,Jefferson,2,88,135,13693,36045,1
5622,07/01/2020,Jefferson,2,90,240,13933,36045,2
5623,07/02/2020,Jefferson,3,93,213,14146,36045,1
5624,07/03/2020,Jefferson,0,93,324,14470,36045,1
5625,07/04/2020,Jefferson,1,94,174,14644,36045,0
5626,07/05/2020,Jefferson,0,94,119,14763,36045,0
5627,07/06/2020,Jefferson,0,94,126,14889,36045,0
5628,07/07/2020,Jefferson,0,94,293,15182,36045,0
5629,07/08/2020,Jefferson,1,95,206,15388,36045,0
5630,07/09/2020,Jefferson,0,95,171,15559,36045,0
5631,07/10/2020,Jefferson,0,95,162,15721,36045,0
5632,07/11/2020,Jefferson,2,97,95,15816,36045,1
5633,07/12/2020,Jefferson,2,99,495,16311,36045,1
5634,07/13/2020,Jefferson,1,100,154,16465,36045,1
5635,07/14/2020,Jefferson,0,100,251,16716,36045,1
5636,07/15/2020,Jefferson,2,102,143,16859,36045,1
5637,07/16/2020,Jefferson,1,103,165,17024,36045,1
5638,07/17/2020,Jefferson,1,104,385,17409,36045,1
5639,07/18/2020,Jefferson,1,105,321,17730,36045,1
5640,07/19/2020,Jefferson,1,106,192,17922,36045,2
5641,07/20/2020,Jefferson,6,112,633,18555,36045,2
5642,07/21/2020,Jefferson,1,113,325,18880,36045,4
5643,07/22/2020,Jefferson,7,120,412,19292,36045,3
5644,07/23/2020,Jefferson,3,123,311,19603,36045,4
5645,07/24/2020,Jefferson,3,126,563,20166,36045,2
5646,07/25/2020,Jefferson,1,127,329,20495,36045,1
5647,07/26/2020,Jefferson,1,128,198,20693,36045,0
5648,07/27/2020,Jefferson,0,128,115,20808,36045,0
5649,07/28/2020,Jefferson,0,128,67,20875,36045,0
5650,07/29/2020,Jefferson,0,128,195,21070,36045,0
5651,07/30/2020,Jefferson,1,129,232,21302,36045,0
5652,07/31/2020,Jefferson,1,130,129,21431,36045,2
5653,08/01/2020,Jefferson,4,134,287,21718,36045,1
5654,08/02/2020,Jefferson,0,134,176,21894,36045,3
5655,08/03/2020,Jefferson,5,139,292,22186,36045,2
5656,08/04/2020,Jefferson,1,140,309,22495,36045,2
5657,08/05/2020,Jefferson,0,140,428,22923,36045,0
5658,08/06/2020,Jefferson,0,140,300,23223,36045,0
5659,08/07/2020,Jefferson,0,140,82,23305,36045,0
5660,08/08/2020,Jefferson,2,142,194,23499,36045,0
5661,08/09/2020,Jefferson,0,142,65,23564,36045,0
5662,08/10/2020,Jefferson,0,142,260,23824,36045,0
5663,08/11/2020,Jefferson,0,142,178,24002,36045,0
5664,08/12/2020,Jefferson,0,142,355,24357,36045,0
5665,08/13/2020,Jefferson,1,143,338,24695,36045,0
5666,08/14/2020,Jefferson,0,143,303,24998,36045,0
5667,08/15/2020,Jefferson,0,143,161,25159,36045,0
5668,08/16/2020,Jefferson,0,143,102,25261,36045,0
5669,08/17/2020,Jefferson,0,143,203,25464,36045,0
5670,08/18/2020,Jefferson,0,143,255,25719,36045,0
5671,08/19/2020,Jefferson,0,143,440,26159,36045,0
5672,08/20/2020,Jefferson,1,144,279,26438,36045,0
5673,08/21/2020,Jefferson,0,144,289,26727,36045,0
5674,08/22/2020,Jefferson,1,145,142,26869,36045,0
5675,08/23/2020,Jefferson,0,145,135,27004,36045,0
5676,08/24/2020,Jefferson,1,146,184,27188,36045,0
5677,08/25/2020,Jefferson,0,146,139,27327,36045,1
5678,08/26/2020,Jefferson,2,148,394,27721,36045,1
5679,08/27/2020,Jefferson,1,149,302,28023,36045,1
5680,08/28/2020,Jefferson,0,149,192,28215,36045,0
5681,08/29/2020,Jefferson,1,150,183,28398,36045,0
5682,08/30/2020,Jefferson,0,150,96,28494,36045,0
5683,08/31/2020,Jefferson,0,150,204,28698,36045,0
5684,09/01/2020,Jefferson,0,150,294,28992,36045,1
5685,09/02/2020,Jefferson,4,154,819,29811,36045,1
5686,09/03/2020,Jefferson,0,154,146,29957,36045,1
5687,09/04/2020,Jefferson,0,154,119,30076,36045,0
5688,09/05/2020,Jefferson,0,154,134,30210,36045,0
5689,09/06/2020,Jefferson,2,156,136,30346,36045,0
5690,09/07/2020,Jefferson,0,156,160,30506,36045,0
5691,09/08/2020,Jefferson,0,156,126,30632,36045,0
5692,09/09/2020,Jefferson,0,156,92,30724,36045,0
5693,09/10/2020,Jefferson,1,157,341,31065,36045,0
5694,09/11/2020,Jefferson,0,157,360,31425,36045,0
5695,09/12/2020,Jefferson,0,157,306,31731,36045,0
5696,09/13/2020,Jefferson,1,158,82,31813,36045,0
5697,09/14/2020,Jefferson,0,158,134,31947,36045,0
5698,09/15/2020,Jefferson,0,158,306,32253,36045,0
5699,09/16/2020,Jefferson,1,159,424,32677,36045,0
5700,09/17/2020,Jefferson,1,160,244,32921,36045,1
5701,09/18/2020,Jefferson,1,161,239,33160,36045,1
5702,09/19/2020,Jefferson,2,163,261,33421,36045,1
5703,09/20/2020,Jefferson,0,163,222,33643,36045,1
5704,09/21/2020,Jefferson,1,164,145,33788,36045,0
5705,09/22/2020,Jefferson,0,164,241,34029,36045,0
5706,09/23/2020,Jefferson,1,165,428,34457,36045,1
5707,09/24/2020,Jefferson,2,167,364,34821,36045,1
5708,09/25/2020,Jefferson,0,167,298,35119,36045,1
5709,09/26/2020,Jefferson,3,170,292,35411,36045,1
5710,09/27/2020,Jefferson,0,170,162,35573,36045,1
5711,09/28/2020,Jefferson,0,170,194,35767,36045,0
5712,09/29/2020,Jefferson,2,172,343,36110,36045,0
5713,09/30/2020,Jefferson,0,172,180,36290,36045,1
5714,10/01/2020,Jefferson,2,174,646,36936,36045,1
5715,10/02/2020,Jefferson,2,176,413,37349,36045,1
5716,10/03/2020,Jefferson,0,176,261,37610,36045,0
5717,10/04/2020,Jefferson,0,176,174,37784,36045,0
5718,10/05/2020,Jefferson,0,176,392,38176,36045,0
5719,10/06/2020,Jefferson,0,176,473,38649,36045,0
5720,10/07/2020,Jefferson,1,177,461,39110,36045,1
5721,10/08/2020,Jefferson,3,180,321,39431,36045,1
5722,10/09/2020,Jefferson,1,181,275,39706,36045,2
5723,10/10/2020,Jefferson,3,184,301,40007,36045,1
5724,10/11/2020,Jefferson,1,185,179,40186,36045,1
5725,10/12/2020,Jefferson,1,186,268,40454,36045,0
5726,10/13/2020,Jefferson,0,186,217,40671,36045,0
5727,10/14/2020,Jefferson,0,186,503,41174,36045,0
5728,10/15/2020,Jefferson,0,186,288,41462,36045,0
5729,10/16/2020,Jefferson,0,186,295,41757,36045,0
5730,10/17/2020,Jefferson,2,188,206,41963,36045,1
5731,10/18/2020,Jefferson,3,191,183,42146,36045,2
5732,10/19/2020,Jefferson,1,192,186,42332,36045,1
5733,10/20/2020,Jefferson,1,193,243,42575,36045,1
5734,10/21/2020,Jefferson,1,194,365,42940,36045,1
5735,10/22/2020,Jefferson,3,197,375,43315,36045,2
5736,10/23/2020,Jefferson,2,199,359,43674,36045,2
5737,10/24/2020,Jefferson,3,202,242,43916,36045,2
5738,10/25/2020,Jefferson,1,203,81,43997,36045,2
5739,10/26/2020,Jefferson,3,206,312,44309,36045,1
5740,10/27/2020,Jefferson,1,207,289,44598,36045,2
5741,10/28/2020,Jefferson,4,211,495,45093,36045,2
5742,10/29/2020,Jefferson,3,214,420,45513,36045,4
5743,10/30/2020,Jefferson,6,220,394,45907,36045,3
5744,10/31/2020,Jefferson,2,222,227,46134,36045,5
5745,11/01/2020,Jefferson,9,231,149,46283,36045,5
5746,11/02/2020,Jefferson,6,237,400,46683,36045,6
5747,11/03/2020,Jefferson,4,241,282,46965,36045,6
5748,11/04/2020,Jefferson,8,249,475,47440,36045,7
5749,11/05/2020,Jefferson,11,260,500,47940,36045,6
5750,03/01/2020,Kings,0,0,0,0,36047,0
5751,03/02/2020,Kings,0,0,0,0,36047,0
5752,03/03/2020,Kings,0,0,2,2,36047,0
5753,03/04/2020,Kings,1,1,4,6,36047,0
5754,03/05/2020,Kings,0,1,7,13,36047,1
5755,03/06/2020,Kings,3,4,12,25,36047,1
5756,03/07/2020,Kings,0,4,9,34,36047,1
5757,03/08/2020,Kings,2,6,10,44,36047,1
5758,03/09/2020,Kings,1,7,31,75,36047,3
5759,03/10/2020,Kings,7,14,29,104,36047,3
5760,03/11/2020,Kings,2,16,24,128,36047,5
5761,03/12/2020,Kings,8,24,59,187,36047,9
5762,03/13/2020,Kings,17,41,136,323,36047,14
5763,03/14/2020,Kings,17,58,99,422,36047,20
5764,03/15/2020,Kings,26,84,166,588,36047,27
5765,03/16/2020,Kings,39,123,171,759,36047,109
5766,03/17/2020,Kings,264,387,741,1500,36047,192
5767,03/18/2020,Kings,273,660,795,2295,36047,403
5768,03/19/2020,Kings,674,1334,1553,3848,36047,495
5769,03/20/2020,Kings,538,1872,1378,5226,36047,701
5770,03/21/2020,Kings,893,2765,1941,7167,36047,711
5771,03/22/2020,Kings,702,3467,1506,8673,36047,765
5772,03/23/2020,Kings,700,4167,1422,10095,36047,727
5773,03/24/2020,Kings,779,4946,1474,11569,36047,744
5774,03/25/2020,Kings,755,5701,1550,13119,36047,880
5775,03/26/2020,Kings,1106,6807,1905,15024,36047,1033
5776,03/27/2020,Kings,1238,8045,2254,17278,36047,1105
5777,03/28/2020,Kings,973,9018,1790,19068,36047,1074
5778,03/29/2020,Kings,1011,10029,1627,20695,36047,1290
5779,03/30/2020,Kings,1888,11917,3113,23808,36047,1365
5780,03/31/2020,Kings,1198,13115,2011,25819,36047,1425
5781,04/01/2020,Kings,1189,14304,2041,27860,36047,1261
5782,04/02/2020,Kings,1396,15700,2512,30372,36047,1463
5783,04/03/2020,Kings,1804,17504,3234,33606,36047,1418
5784,04/04/2020,Kings,1054,18558,1990,35596,36047,1334
5785,04/05/2020,Kings,1144,19702,2013,37609,36047,1125
5786,04/06/2020,Kings,1177,20879,2245,39854,36047,1174
5787,04/07/2020,Kings,1203,22082,2607,42461,36047,1230
5788,04/08/2020,Kings,1312,23394,2565,45026,36047,1278
5789,04/09/2020,Kings,1321,24715,2578,47604,36047,1387
5790,04/10/2020,Kings,1528,26243,2887,50491,36047,1359
5791,04/11/2020,Kings,1228,27471,2670,53161,36047,1229
5792,04/12/2020,Kings,933,28404,2029,55190,36047,1021
5793,04/13/2020,Kings,902,29306,2055,57245,36047,1499
5794,04/14/2020,Kings,2663,31969,5103,62348,36047,1705
5795,04/15/2020,Kings,1552,33521,3724,66072,36047,1799
5796,04/16/2020,Kings,1184,34705,3347,69419,36047,1264
5797,04/17/2020,Kings,1058,35763,3016,72435,36047,987
5798,04/18/2020,Kings,719,36482,2390,74825,36047,775
5799,04/19/2020,Kings,548,37030,1835,76660,36047,643
5800,04/20/2020,Kings,664,37694,2300,78960,36047,666
5801,04/21/2020,Kings,787,38481,2827,81787,36047,774
5802,04/22/2020,Kings,873,39354,3526,85313,36047,984
5803,04/23/2020,Kings,1294,40648,5030,90343,36047,1059
5804,04/24/2020,Kings,1012,41660,4021,94364,36047,1044
5805,04/25/2020,Kings,827,42487,3685,98049,36047,788
5806,04/26/2020,Kings,527,43014,2684,100733,36047,642
5807,04/27/2020,Kings,573,43587,2940,103673,36047,583
5808,04/28/2020,Kings,649,44236,3873,107546,36047,619
5809,04/29/2020,Kings,636,44872,3944,111490,36047,644
5810,04/30/2020,Kings,647,45519,3927,115417,36047,679
5811,05/01/2020,Kings,756,46275,4717,120134,36047,655
5812,05/02/2020,Kings,564,46839,3804,123938,36047,554
5813,05/03/2020,Kings,344,47183,2545,126483,36047,434
5814,05/04/2020,Kings,396,47579,3364,129847,36047,378
5815,05/05/2020,Kings,395,47974,3597,133444,36047,455
5816,05/06/2020,Kings,576,48550,5284,138728,36047,473
5817,05/07/2020,Kings,448,48998,4582,143310,36047,495
5818,05/08/2020,Kings,463,49461,4747,148057,36047,422
5819,05/09/2020,Kings,356,49817,3682,151739,36047,358
5820,05/10/2020,Kings,255,50072,2825,154564,36047,290
5821,05/11/2020,Kings,259,50331,2984,157548,36047,283
5822,05/12/2020,Kings,336,50667,4615,162163,36047,341
5823,05/13/2020,Kings,428,51095,6107,168270,36047,416
5824,05/14/2020,Kings,486,51581,5741,174011,36047,441
5825,05/15/2020,Kings,410,51991,5793,179804,36047,401
5826,05/16/2020,Kings,307,52298,4377,184181,36047,301
5827,05/17/2020,Kings,187,52485,3052,187233,36047,230
5828,05/18/2020,Kings,196,52681,4133,191366,36047,197
5829,05/19/2020,Kings,208,52889,3890,195256,36047,300
5830,05/20/2020,Kings,496,53385,7252,202508,36047,319
5831,05/21/2020,Kings,254,53639,5372,207880,36047,337
5832,05/22/2020,Kings,263,53902,6189,214069,36047,263
5833,05/23/2020,Kings,273,54175,6813,220882,36047,240
5834,05/24/2020,Kings,185,54360,4990,225872,36047,219
5835,05/25/2020,Kings,200,54560,5214,231086,36047,201
5836,05/26/2020,Kings,219,54779,5940,237026,36047,262
5837,05/27/2020,Kings,368,55147,10938,247964,36047,295
5838,05/28/2020,Kings,299,55446,10686,258650,36047,316
5839,05/29/2020,Kings,281,55727,9619,268269,36047,251
5840,05/30/2020,Kings,173,55900,7167,275436,36047,202
5841,05/31/2020,Kings,153,56053,5765,281201,36047,171
5842,06/01/2020,Kings,189,56242,7500,288701,36047,168
5843,06/02/2020,Kings,163,56405,7485,296186,36047,178
5844,06/03/2020,Kings,182,56587,7880,304066,36047,176
5845,06/04/2020,Kings,183,56770,7659,311725,36047,187
5846,06/05/2020,Kings,196,56966,9370,321095,36047,181
5847,06/06/2020,Kings,165,57131,8378,329473,36047,163
5848,06/07/2020,Kings,129,57260,7254,336727,36047,133
5849,06/08/2020,Kings,107,57367,5499,342226,36047,117
5850,06/09/2020,Kings,117,57484,8815,351041,36047,115
5851,06/10/2020,Kings,121,57605,6515,357556,36047,122
5852,06/11/2020,Kings,128,57733,8670,366226,36047,145
5853,06/12/2020,Kings,186,57919,10217,376443,36047,151
5854,06/13/2020,Kings,140,58059,9012,385455,36047,148
5855,06/14/2020,Kings,118,58177,8880,394335,36047,118
5856,06/15/2020,Kings,97,58274,8034,402369,36047,109
5857,06/16/2020,Kings,112,58386,8472,410841,36047,108
5858,06/17/2020,Kings,116,58502,10052,420893,36047,120
5859,06/18/2020,Kings,132,58634,10964,431857,36047,125
5860,06/19/2020,Kings,127,58761,10520,442377,36047,124
5861,06/20/2020,Kings,113,58874,9864,452241,36047,105
5862,06/21/2020,Kings,75,58949,7192,459433,36047,95
5863,06/22/2020,Kings,98,59047,5819,465252,36047,79
5864,06/23/2020,Kings,64,59111,6732,471984,36047,85
5865,06/24/2020,Kings,95,59206,7602,479586,36047,88
5866,06/25/2020,Kings,105,59311,7450,487036,36047,103
5867,06/26/2020,Kings,109,59420,10239,497275,36047,100
5868,06/27/2020,Kings,87,59507,8508,505783,36047,88
5869,06/28/2020,Kings,69,59576,5378,511161,36047,76
5870,06/29/2020,Kings,74,59650,6646,517807,36047,78
5871,06/30/2020,Kings,92,59742,7756,525563,36047,93
5872,07/01/2020,Kings,113,59855,9252,534815,36047,102
5873,07/02/2020,Kings,102,59957,8649,543464,36047,112
5874,07/03/2020,Kings,121,60078,7506,550970,36047,98
5875,07/04/2020,Kings,71,60149,7534,558504,36047,84
5876,07/05/2020,Kings,62,60211,7273,565777,36047,67
5877,07/06/2020,Kings,70,60281,7673,573450,36047,79
5878,07/07/2020,Kings,105,60386,6914,580364,36047,83
5879,07/08/2020,Kings,75,60461,7228,587592,36047,93
5880,07/09/2020,Kings,99,60560,8795,596387,36047,87
5881,07/10/2020,Kings,87,60647,7543,603930,36047,95
5882,07/11/2020,Kings,101,60748,7261,611191,36047,85
5883,07/12/2020,Kings,67,60815,5925,617116,36047,85
5884,07/13/2020,Kings,89,60904,5637,622753,36047,88
5885,07/14/2020,Kings,108,61012,7601,630354,36047,103
5886,07/15/2020,Kings,112,61124,8189,638543,36047,109
5887,07/16/2020,Kings,109,61233,10677,649220,36047,113
5888,07/17/2020,Kings,118,61351,9343,658563,36047,102
5889,07/18/2020,Kings,81,61432,6260,664823,36047,85
5890,07/19/2020,Kings,56,61488,5904,670727,36047,72
5891,07/20/2020,Kings,80,61568,8084,678811,36047,76
5892,07/21/2020,Kings,94,61662,8182,686993,36047,88
5893,07/22/2020,Kings,90,61752,8779,695772,36047,85
5894,07/23/2020,Kings,72,61824,9523,705295,36047,88
5895,07/24/2020,Kings,102,61926,7669,712964,36047,78
5896,07/25/2020,Kings,62,61988,6610,719574,36047,76
5897,07/26/2020,Kings,65,62053,7052,726626,36047,61
5898,07/27/2020,Kings,57,62110,6374,733000,36047,68
5899,07/28/2020,Kings,84,62194,8815,741815,36047,80
5900,07/29/2020,Kings,101,62295,9160,750975,36047,91
5901,07/30/2020,Kings,90,62385,9095,760070,36047,100
5902,07/31/2020,Kings,109,62494,10667,770737,36047,94
5903,08/01/2020,Kings,83,62577,7441,778178,36047,85
5904,08/02/2020,Kings,64,62641,6911,785089,36047,73
5905,08/03/2020,Kings,74,62715,7510,792599,36047,71
5906,08/04/2020,Kings,75,62790,8138,800737,36047,83
5907,08/05/2020,Kings,100,62890,8929,809666,36047,94
5908,08/06/2020,Kings,109,62999,8735,818401,36047,98
5909,08/07/2020,Kings,87,63086,9201,827602,36047,88
5910,08/08/2020,Kings,69,63155,7685,835287,36047,74
5911,08/09/2020,Kings,68,63223,6590,841877,36047,74
5912,08/10/2020,Kings,85,63308,7833,849710,36047,85
5913,08/11/2020,Kings,102,63410,13378,863088,36047,106
5914,08/12/2020,Kings,132,63542,11994,875082,36047,109
5915,08/13/2020,Kings,94,63636,11535,886617,36047,123
5916,08/14/2020,Kings,143,63779,11157,897774,36047,106
5917,08/15/2020,Kings,82,63861,9558,907332,36047,92
5918,08/16/2020,Kings,52,63913,7179,914511,36047,74
5919,08/17/2020,Kings,89,64002,6633,921144,36047,73
5920,08/18/2020,Kings,80,64082,9135,930279,36047,83
5921,08/19/2020,Kings,80,64162,8865,939144,36047,78
5922,08/20/2020,Kings,74,64236,10187,949331,36047,73
5923,08/21/2020,Kings,65,64301,10756,960087,36047,71
5924,08/22/2020,Kings,74,64375,9136,969223,36047,62
5925,08/23/2020,Kings,47,64422,7826,977049,36047,64
5926,08/24/2020,Kings,73,64495,7208,984257,36047,65
5927,08/25/2020,Kings,77,64572,7983,992240,36047,80
5928,08/26/2020,Kings,92,64664,9336,1001576,36047,86
5929,08/27/2020,Kings,90,64754,12225,1013801,36047,95
5930,08/28/2020,Kings,103,64857,10972,1024773,36047,88
5931,08/29/2020,Kings,73,64930,11050,1035823,36047,81
5932,08/30/2020,Kings,68,64998,6957,1042780,36047,87
5933,08/31/2020,Kings,120,65118,9322,1052102,36047,90
5934,09/01/2020,Kings,83,65201,9607,1061709,36047,110
5935,09/02/2020,Kings,127,65328,10442,1072151,36047,107
5936,09/03/2020,Kings,112,65440,13256,1085407,36047,113
5937,09/04/2020,Kings,100,65540,10629,1096036,36047,99
5938,09/05/2020,Kings,86,65626,11109,1107145,36047,86
5939,09/06/2020,Kings,74,65700,7350,1114495,36047,72
5940,09/07/2020,Kings,57,65757,6683,1121178,36047,64
5941,09/08/2020,Kings,62,65819,8221,1129399,36047,76
5942,09/09/2020,Kings,110,65929,9082,1138481,36047,84
5943,09/10/2020,Kings,80,66009,9839,1148320,36047,101
5944,09/11/2020,Kings,115,66124,11402,1159722,36047,89
5945,09/12/2020,Kings,73,66197,7592,1167314,36047,88
5946,09/13/2020,Kings,77,66274,7304,1174618,36047,85
5947,09/14/2020,Kings,107,66381,7997,1182615,36047,90
5948,09/15/2020,Kings,87,66468,9006,1191621,36047,104
5949,09/16/2020,Kings,118,66586,8620,1200241,36047,118
5950,09/17/2020,Kings,151,66737,10338,1210579,36047,167
5951,09/18/2020,Kings,234,66971,13785,1224364,36047,183
5952,09/19/2020,Kings,165,67136,12173,1236537,36047,163
5953,09/20/2020,Kings,91,67227,7210,1243747,36047,140
5954,09/21/2020,Kings,164,67391,11982,1255729,36047,124
5955,09/22/2020,Kings,119,67510,7472,1263201,36047,163
5956,09/23/2020,Kings,207,67717,11102,1274303,36047,167
5957,09/24/2020,Kings,175,67892,10044,1284347,36047,195
5958,09/25/2020,Kings,203,68095,12389,1296736,36047,187
5959,09/26/2020,Kings,184,68279,9241,1305977,36047,190
5960,09/27/2020,Kings,183,68462,6981,1312958,36047,187
5961,09/28/2020,Kings,196,68658,11496,1324454,36047,188
5962,09/29/2020,Kings,186,68844,10547,1335001,36047,200
5963,09/30/2020,Kings,218,69062,11390,1346391,36047,220
5964,10/01/2020,Kings,257,69319,13484,1359875,36047,277
5965,10/02/2020,Kings,358,69677,15896,1375771,36047,290
5966,10/03/2020,Kings,256,69933,10882,1386653,36047,270
5967,10/04/2020,Kings,198,70131,7790,1394443,36047,225
5968,10/05/2020,Kings,223,70354,10652,1405095,36047,227
5969,10/06/2020,Kings,262,70616,11670,1416765,36047,256
5970,10/07/2020,Kings,283,70899,17061,1433826,36047,281
5971,10/08/2020,Kings,300,71199,15913,1449739,36047,273
5972,10/09/2020,Kings,236,71435,16528,1466267,36047,245
5973,10/10/2020,Kings,200,71635,13012,1479279,36047,185
5974,10/11/2020,Kings,121,71756,10104,1489383,36047,168
5975,10/12/2020,Kings,185,71941,12300,1501683,36047,174
5976,10/13/2020,Kings,218,72159,11198,1512881,36047,204
5977,10/14/2020,Kings,210,72369,17754,1530635,36047,219
5978,10/15/2020,Kings,229,72598,16348,1546983,36047,245
5979,10/16/2020,Kings,296,72894,20191,1567174,36047,251
5980,10/17/2020,Kings,229,73123,15572,1582746,36047,221
5981,10/18/2020,Kings,140,73263,9451,1592197,36047,179
5982,10/19/2020,Kings,170,73433,9545,1601742,36047,214
5983,10/20/2020,Kings,333,73766,15168,1616910,36047,224
5984,10/21/2020,Kings,169,73935,14185,1631095,36047,227
5985,10/22/2020,Kings,179,74114,17870,1648965,36047,191
5986,10/23/2020,Kings,225,74339,16840,1665805,36047,206
5987,10/24/2020,Kings,214,74553,14425,1680230,36047,196
5988,10/25/2020,Kings,150,74703,9490,1689720,36047,188
5989,10/26/2020,Kings,200,74903,11831,1701551,36047,205
5990,10/27/2020,Kings,266,75169,16524,1718075,36047,271
5991,10/28/2020,Kings,348,75517,20517,1738592,36047,292
5992,10/29/2020,Kings,262,75779,16919,1755511,36047,272
5993,10/30/2020,Kings,206,75985,14343,1769854,36047,240
5994,10/31/2020,Kings,253,76238,17552,1787406,36047,222
5995,11/01/2020,Kings,208,76446,11520,1798926,36047,226
5996,11/02/2020,Kings,217,76663,15312,1814238,36047,250
5997,11/03/2020,Kings,325,76988,20383,1834621,36047,298
5998,11/04/2020,Kings,353,77341,20703,1855324,36047,348
5999,11/05/2020,Kings,368,77709,18826,1874150,36047,240
6000,03/01/2020,Lewis,0,0,0,0,36049,0
6001,03/02/2020,Lewis,0,0,0,0,36049,0
6002,03/03/2020,Lewis,0,0,0,0,36049,0
6003,03/04/2020,Lewis,0,0,0,0,36049,0
6004,03/05/2020,Lewis,0,0,0,0,36049,0
6005,03/06/2020,Lewis,0,0,0,0,36049,0
6006,03/07/2020,Lewis,0,0,0,0,36049,0
6007,03/08/2020,Lewis,0,0,0,0,36049,0
6008,03/09/2020,Lewis,0,0,0,0,36049,0
6009,03/10/2020,Lewis,0,0,0,0,36049,0
6010,03/11/2020,Lewis,0,0,0,0,36049,0
6011,03/12/2020,Lewis,0,0,0,0,36049,0
6012,03/13/2020,Lewis,0,0,1,1,36049,0
6013,03/14/2020,Lewis,0,0,0,1,36049,0
6014,03/15/2020,Lewis,0,0,2,3,36049,0
6015,03/16/2020,Lewis,0,0,0,3,36049,0
6016,03/17/2020,Lewis,0,0,1,4,36049,0
6017,03/18/2020,Lewis,0,0,0,4,36049,0
6018,03/19/2020,Lewis,0,0,2,6,36049,0
6019,03/20/2020,Lewis,0,0,1,7,36049,0
6020,03/21/2020,Lewis,0,0,4,11,36049,0
6021,03/22/2020,Lewis,0,0,4,15,36049,0
6022,03/23/2020,Lewis,0,0,5,20,36049,0
6023,03/24/2020,Lewis,0,0,0,20,36049,0
6024,03/25/2020,Lewis,0,0,5,25,36049,0
6025,03/26/2020,Lewis,0,0,5,30,36049,0
6026,03/27/2020,Lewis,0,0,6,36,36049,0
6027,03/28/2020,Lewis,2,2,7,43,36049,0
6028,03/29/2020,Lewis,0,2,16,59,36049,0
6029,03/30/2020,Lewis,0,2,5,64,36049,0
6030,03/31/2020,Lewis,0,2,3,67,36049,0
6031,04/01/2020,Lewis,0,2,5,72,36049,0
6032,04/02/2020,Lewis,0,2,5,77,36049,0
6033,04/03/2020,Lewis,0,2,5,82,36049,0
6034,04/04/2020,Lewis,1,3,19,101,36049,1
6035,04/05/2020,Lewis,3,6,11,112,36049,1
6036,04/06/2020,Lewis,0,6,11,123,36049,1
6037,04/07/2020,Lewis,0,6,6,129,36049,0
6038,04/08/2020,Lewis,0,6,8,137,36049,0
6039,04/09/2020,Lewis,0,6,23,160,36049,0
6040,04/10/2020,Lewis,0,6,0,160,36049,0
6041,04/11/2020,Lewis,0,6,6,166,36049,0
6042,04/12/2020,Lewis,0,6,3,169,36049,0
6043,04/13/2020,Lewis,1,7,11,180,36049,0
6044,04/14/2020,Lewis,0,7,0,180,36049,0
6045,04/15/2020,Lewis,1,8,7,187,36049,0
6046,04/16/2020,Lewis,0,8,2,189,36049,0
6047,04/17/2020,Lewis,0,8,0,189,36049,0
6048,04/18/2020,Lewis,0,8,14,203,36049,0
6049,04/19/2020,Lewis,1,9,7,210,36049,0
6050,04/20/2020,Lewis,0,9,1,211,36049,0
6051,04/21/2020,Lewis,0,9,1,212,36049,0
6052,04/22/2020,Lewis,0,9,8,220,36049,0
6053,04/23/2020,Lewis,0,9,3,223,36049,0
6054,04/24/2020,Lewis,0,9,41,264,36049,0
6055,04/25/2020,Lewis,0,9,12,276,36049,0
6056,04/26/2020,Lewis,0,9,14,290,36049,0
6057,04/27/2020,Lewis,0,9,6,296,36049,0
6058,04/28/2020,Lewis,0,9,4,300,36049,0
6059,04/29/2020,Lewis,0,9,14,314,36049,0
6060,04/30/2020,Lewis,0,9,4,318,36049,0
6061,05/01/2020,Lewis,0,9,12,330,36049,0
6062,05/02/2020,Lewis,0,9,1,331,36049,0
6063,05/03/2020,Lewis,0,9,9,340,36049,0
6064,05/04/2020,Lewis,0,9,6,346,36049,0
6065,05/05/2020,Lewis,0,9,4,350,36049,0
6066,05/06/2020,Lewis,1,10,25,375,36049,0
6067,05/07/2020,Lewis,0,10,20,395,36049,0
6068,05/08/2020,Lewis,1,11,85,480,36049,0
6069,05/09/2020,Lewis,0,11,95,575,36049,0
6070,05/10/2020,Lewis,0,11,65,640,36049,0
6071,05/11/2020,Lewis,0,11,16,656,36049,0
6072,05/12/2020,Lewis,0,11,10,666,36049,0
6073,05/13/2020,Lewis,1,12,31,697,36049,0
6074,05/14/2020,Lewis,0,12,236,933,36049,0
6075,05/15/2020,Lewis,1,13,108,1041,36049,1
6076,05/16/2020,Lewis,3,16,62,1103,36049,1
6077,05/17/2020,Lewis,1,17,123,1226,36049,1
6078,05/18/2020,Lewis,1,18,27,1253,36049,0
6079,05/19/2020,Lewis,0,18,34,1287,36049,0
6080,05/20/2020,Lewis,0,18,176,1463,36049,0
6081,05/21/2020,Lewis,1,19,101,1564,36049,0
6082,05/22/2020,Lewis,0,19,62,1626,36049,0
6083,05/23/2020,Lewis,0,19,77,1703,36049,0
6084,05/24/2020,Lewis,0,19,43,1746,36049,0
6085,05/25/2020,Lewis,1,20,25,1771,36049,0
6086,05/26/2020,Lewis,0,20,22,1793,36049,0
6087,05/27/2020,Lewis,0,20,34,1827,36049,0
6088,05/28/2020,Lewis,0,20,148,1975,36049,0
6089,05/29/2020,Lewis,0,20,77,2052,36049,0
6090,05/30/2020,Lewis,0,20,51,2103,36049,0
6091,05/31/2020,Lewis,0,20,64,2167,36049,0
6092,06/01/2020,Lewis,0,20,70,2237,36049,0
6093,06/02/2020,Lewis,0,20,93,2330,36049,0
6094,06/03/2020,Lewis,0,20,72,2402,36049,0
6095,06/04/2020,Lewis,0,20,178,2580,36049,0
6096,06/05/2020,Lewis,0,20,109,2689,36049,0
6097,06/06/2020,Lewis,0,20,59,2748,36049,0
6098,06/07/2020,Lewis,0,20,115,2863,36049,0
6099,06/08/2020,Lewis,0,20,29,2892,36049,0
6100,06/09/2020,Lewis,0,20,64,2956,36049,0
6101,06/10/2020,Lewis,0,20,138,3094,36049,0
6102,06/11/2020,Lewis,0,20,126,3220,36049,0
6103,06/12/2020,Lewis,0,20,71,3291,36049,0
6104,06/13/2020,Lewis,0,20,64,3355,36049,0
6105,06/14/2020,Lewis,0,20,70,3425,36049,0
6106,06/15/2020,Lewis,0,20,21,3446,36049,0
6107,06/16/2020,Lewis,1,21,32,3478,36049,0
6108,06/17/2020,Lewis,0,21,109,3587,36049,0
6109,06/18/2020,Lewis,0,21,94,3681,36049,0
6110,06/19/2020,Lewis,1,22,74,3755,36049,0
6111,06/20/2020,Lewis,1,23,61,3816,36049,0
6112,06/21/2020,Lewis,0,23,76,3892,36049,0
6113,06/22/2020,Lewis,1,24,18,3910,36049,0
6114,06/23/2020,Lewis,0,24,32,3942,36049,0
6115,06/24/2020,Lewis,1,25,89,4031,36049,0
6116,06/25/2020,Lewis,1,26,91,4122,36049,0
6117,06/26/2020,Lewis,0,26,56,4178,36049,1
6118,06/27/2020,Lewis,3,29,89,4267,36049,1
6119,06/28/2020,Lewis,1,30,61,4328,36049,1
6120,06/29/2020,Lewis,0,30,13,4341,36049,0
6121,06/30/2020,Lewis,0,30,25,4366,36049,0
6122,07/01/2020,Lewis,0,30,38,4404,36049,0
6123,07/02/2020,Lewis,0,30,85,4489,36049,0
6124,07/03/2020,Lewis,1,31,64,4553,36049,0
6125,07/04/2020,Lewis,0,31,42,4595,36049,0
6126,07/05/2020,Lewis,0,31,17,4612,36049,0
6127,07/06/2020,Lewis,0,31,41,4653,36049,0
6128,07/07/2020,Lewis,0,31,77,4730,36049,0
6129,07/08/2020,Lewis,0,31,56,4786,36049,0
6130,07/09/2020,Lewis,0,31,33,4819,36049,0
6131,07/10/2020,Lewis,0,31,51,4870,36049,0
6132,07/11/2020,Lewis,0,31,42,4912,36049,0
6133,07/12/2020,Lewis,0,31,103,5015,36049,0
6134,07/13/2020,Lewis,1,32,23,5038,36049,0
6135,07/14/2020,Lewis,0,32,72,5110,36049,0
6136,07/15/2020,Lewis,0,32,46,5156,36049,0
6137,07/16/2020,Lewis,0,32,78,5234,36049,0
6138,07/17/2020,Lewis,0,32,68,5302,36049,0
6139,07/18/2020,Lewis,1,33,46,5348,36049,0
6140,07/19/2020,Lewis,0,33,32,5380,36049,0
6141,07/20/2020,Lewis,0,33,76,5456,36049,0
6142,07/21/2020,Lewis,0,33,80,5536,36049,0
6143,07/22/2020,Lewis,1,34,173,5709,36049,0
6144,07/23/2020,Lewis,0,34,65,5774,36049,0
6145,07/24/2020,Lewis,0,34,99,5873,36049,0
6146,07/25/2020,Lewis,0,34,119,5992,36049,0
6147,07/26/2020,Lewis,0,34,94,6086,36049,0
6148,07/27/2020,Lewis,0,34,35,6121,36049,0
6149,07/28/2020,Lewis,0,34,55,6176,36049,0
6150,07/29/2020,Lewis,0,34,128,6304,36049,0
6151,07/30/2020,Lewis,0,34,49,6353,36049,0
6152,07/31/2020,Lewis,0,34,65,6418,36049,0
6153,08/01/2020,Lewis,1,35,55,6473,36049,0
6154,08/02/2020,Lewis,0,35,16,6489,36049,1
6155,08/03/2020,Lewis,2,37,70,6559,36049,0
6156,08/04/2020,Lewis,0,37,34,6593,36049,1
6157,08/05/2020,Lewis,2,39,100,6693,36049,0
6158,08/06/2020,Lewis,0,39,18,6711,36049,1
6159,08/07/2020,Lewis,2,41,38,6749,36049,0
6160,08/08/2020,Lewis,0,41,56,6805,36049,0
6161,08/09/2020,Lewis,0,41,16,6821,36049,1
6162,08/10/2020,Lewis,4,45,111,6932,36049,1
6163,08/11/2020,Lewis,1,46,61,6993,36049,2
6164,08/12/2020,Lewis,1,47,48,7041,36049,0
6165,08/13/2020,Lewis,0,47,36,7077,36049,0
6166,08/14/2020,Lewis,0,47,106,7183,36049,0
6167,08/15/2020,Lewis,0,47,82,7265,36049,0
6168,08/16/2020,Lewis,0,47,14,7279,36049,0
6169,08/17/2020,Lewis,0,47,45,7324,36049,0
6170,08/18/2020,Lewis,0,47,79,7403,36049,0
6171,08/19/2020,Lewis,0,47,71,7474,36049,0
6172,08/20/2020,Lewis,0,47,76,7550,36049,0
6173,08/21/2020,Lewis,0,47,103,7653,36049,0
6174,08/22/2020,Lewis,0,47,81,7734,36049,0
6175,08/23/2020,Lewis,0,47,23,7757,36049,0
6176,08/24/2020,Lewis,0,47,40,7797,36049,0
6177,08/25/2020,Lewis,1,48,85,7882,36049,0
6178,08/26/2020,Lewis,0,48,77,7959,36049,0
6179,08/27/2020,Lewis,0,48,75,8034,36049,0
6180,08/28/2020,Lewis,0,48,85,8119,36049,0
6181,08/29/2020,Lewis,1,49,109,8228,36049,0
6182,08/30/2020,Lewis,0,49,37,8265,36049,0
6183,08/31/2020,Lewis,0,49,66,8331,36049,0
6184,09/01/2020,Lewis,0,49,68,8399,36049,0
6185,09/02/2020,Lewis,0,49,74,8473,36049,0
6186,09/03/2020,Lewis,0,49,29,8502,36049,0
6187,09/04/2020,Lewis,0,49,42,8544,36049,0
6188,09/05/2020,Lewis,0,49,31,8575,36049,0
6189,09/06/2020,Lewis,0,49,110,8685,36049,0
6190,09/07/2020,Lewis,0,49,107,8792,36049,0
6191,09/08/2020,Lewis,1,50,35,8827,36049,0
6192,09/09/2020,Lewis,0,50,26,8853,36049,0
6193,09/10/2020,Lewis,0,50,57,8910,36049,0
6194,09/11/2020,Lewis,0,50,95,9005,36049,0
6195,09/12/2020,Lewis,0,50,54,9059,36049,0
6196,09/13/2020,Lewis,0,50,59,9118,36049,0
6197,09/14/2020,Lewis,0,50,102,9220,36049,0
6198,09/15/2020,Lewis,0,50,49,9269,36049,0
6199,09/16/2020,Lewis,0,50,57,9326,36049,0
6200,09/17/2020,Lewis,0,50,67,9393,36049,0
6201,09/18/2020,Lewis,0,50,43,9436,36049,0
6202,09/19/2020,Lewis,0,50,127,9563,36049,0
6203,09/20/2020,Lewis,0,50,70,9633,36049,0
6204,09/21/2020,Lewis,0,50,24,9657,36049,0
6205,09/22/2020,Lewis,0,50,105,9762,36049,0
6206,09/23/2020,Lewis,0,50,50,9812,36049,0
6207,09/24/2020,Lewis,0,50,70,9882,36049,0
6208,09/25/2020,Lewis,0,50,107,9989,36049,0
6209,09/26/2020,Lewis,0,50,110,10099,36049,0
6210,09/27/2020,Lewis,0,50,66,10165,36049,0
6211,09/28/2020,Lewis,0,50,49,10214,36049,0
6212,09/29/2020,Lewis,0,50,68,10282,36049,0
6213,09/30/2020,Lewis,0,50,39,10321,36049,0
6214,10/01/2020,Lewis,1,51,178,10499,36049,0
6215,10/02/2020,Lewis,0,51,121,10620,36049,0
6216,10/03/2020,Lewis,0,51,69,10689,36049,0
6217,10/04/2020,Lewis,2,53,111,10800,36049,0
6218,10/05/2020,Lewis,0,53,43,10843,36049,0
6219,10/06/2020,Lewis,0,53,203,11046,36049,0
6220,10/07/2020,Lewis,1,54,68,11114,36049,0
6221,10/08/2020,Lewis,0,54,66,11180,36049,0
6222,10/09/2020,Lewis,1,55,89,11269,36049,0
6223,10/10/2020,Lewis,0,55,117,11386,36049,0
6224,10/11/2020,Lewis,0,55,96,11482,36049,0
6225,10/12/2020,Lewis,0,55,37,11519,36049,0
6226,10/13/2020,Lewis,0,55,213,11732,36049,0
6227,10/14/2020,Lewis,0,55,48,11780,36049,0
6228,10/15/2020,Lewis,0,55,52,11832,36049,0
6229,10/16/2020,Lewis,0,55,129,11961,36049,0
6230,10/17/2020,Lewis,1,56,131,12092,36049,0
6231,10/18/2020,Lewis,0,56,36,12128,36049,0
6232,10/19/2020,Lewis,1,57,70,12198,36049,2
6233,10/20/2020,Lewis,5,62,49,12247,36049,2
6234,10/21/2020,Lewis,2,64,69,12316,36049,3
6235,10/22/2020,Lewis,4,68,102,12418,36049,10
6236,10/23/2020,Lewis,24,92,147,12565,36049,14
6237,10/24/2020,Lewis,16,108,114,12679,36049,15
6238,10/25/2020,Lewis,7,115,168,12847,36049,9
6239,10/26/2020,Lewis,5,120,123,12970,36049,6
6240,10/27/2020,Lewis,7,127,339,13309,36049,6
6241,10/28/2020,Lewis,7,134,238,13547,36049,6
6242,10/29/2020,Lewis,5,139,250,13797,36049,6
6243,10/30/2020,Lewis,7,146,357,14154,36049,4
6244,10/31/2020,Lewis,2,148,159,14313,36049,4
6245,11/01/2020,Lewis,5,153,92,14405,36049,3
6246,11/02/2020,Lewis,2,155,165,14570,36049,5
6247,11/03/2020,Lewis,10,165,109,14679,36049,4
6248,11/04/2020,Lewis,2,167,109,14788,36049,5
6249,11/05/2020,Lewis,4,171,62,14850,36049,2
6250,03/01/2020,Livingston,0,0,0,0,36051,0
6251,03/02/2020,Livingston,0,0,0,0,36051,0
6252,03/03/2020,Livingston,0,0,0,0,36051,0
6253,03/04/2020,Livingston,0,0,0,0,36051,0
6254,03/05/2020,Livingston,0,0,0,0,36051,0
6255,03/06/2020,Livingston,0,0,0,0,36051,0
6256,03/07/2020,Livingston,0,0,0,0,36051,0
6257,03/08/2020,Livingston,0,0,0,0,36051,0
6258,03/09/2020,Livingston,0,0,0,0,36051,0
6259,03/10/2020,Livingston,0,0,1,1,36051,0
6260,03/11/2020,Livingston,0,0,0,1,36051,0
6261,03/12/2020,Livingston,0,0,0,1,36051,0
6262,03/13/2020,Livingston,0,0,0,1,36051,0
6263,03/14/2020,Livingston,0,0,0,1,36051,0
6264,03/15/2020,Livingston,0,0,0,1,36051,0
6265,03/16/2020,Livingston,0,0,0,1,36051,0
6266,03/17/2020,Livingston,0,0,4,5,36051,0
6267,03/18/2020,Livingston,0,0,5,10,36051,0
6268,03/19/2020,Livingston,1,1,11,21,36051,0
6269,03/20/2020,Livingston,1,2,13,34,36051,0
6270,03/21/2020,Livingston,0,2,5,39,36051,0
6271,03/22/2020,Livingston,1,3,3,42,36051,0
6272,03/23/2020,Livingston,0,3,1,43,36051,0
6273,03/24/2020,Livingston,0,3,9,52,36051,0
6274,03/25/2020,Livingston,0,3,15,67,36051,0
6275,03/26/2020,Livingston,0,3,8,75,36051,0
6276,03/27/2020,Livingston,2,5,11,86,36051,2
6277,03/28/2020,Livingston,5,10,17,103,36051,3
6278,03/29/2020,Livingston,2,12,10,113,36051,2
6279,03/30/2020,Livingston,1,13,10,123,36051,1
6280,03/31/2020,Livingston,1,14,24,147,36051,0
6281,04/01/2020,Livingston,0,14,17,164,36051,1
6282,04/02/2020,Livingston,2,16,12,176,36051,1
6283,04/03/2020,Livingston,2,18,18,194,36051,1
6284,04/04/2020,Livingston,1,19,27,221,36051,2
6285,04/05/2020,Livingston,3,22,14,235,36051,1
6286,04/06/2020,Livingston,1,23,18,253,36051,2
6287,04/07/2020,Livingston,2,25,23,276,36051,1
6288,04/08/2020,Livingston,1,26,17,293,36051,2
6289,04/09/2020,Livingston,3,29,26,319,36051,1
6290,04/10/2020,Livingston,1,30,7,326,36051,1
6291,04/11/2020,Livingston,0,30,6,332,36051,0
6292,04/12/2020,Livingston,0,30,5,337,36051,0
6293,04/13/2020,Livingston,1,31,20,357,36051,0
6294,04/14/2020,Livingston,0,31,8,365,36051,0
6295,04/15/2020,Livingston,1,32,8,373,36051,1
6296,04/16/2020,Livingston,2,34,18,391,36051,2
6297,04/17/2020,Livingston,3,37,20,411,36051,2
6298,04/18/2020,Livingston,2,39,30,441,36051,1
6299,04/19/2020,Livingston,0,39,7,448,36051,0
6300,04/20/2020,Livingston,0,39,21,469,36051,0
6301,04/21/2020,Livingston,0,39,15,484,36051,0
6302,04/22/2020,Livingston,2,41,22,506,36051,1
6303,04/23/2020,Livingston,3,44,54,560,36051,6
6304,04/24/2020,Livingston,14,58,295,855,36051,6
6305,04/25/2020,Livingston,2,60,61,916,36051,6
6306,04/26/2020,Livingston,2,62,15,931,36051,2
6307,04/27/2020,Livingston,3,65,24,955,36051,2
6308,04/28/2020,Livingston,2,67,36,991,36051,2
6309,04/29/2020,Livingston,2,69,34,1025,36051,2
6310,04/30/2020,Livingston,4,73,43,1068,36051,3
6311,05/01/2020,Livingston,3,76,44,1112,36051,4
6312,05/02/2020,Livingston,7,83,52,1164,36051,4
6313,05/03/2020,Livingston,2,85,26,1190,36051,3
6314,05/04/2020,Livingston,1,86,52,1242,36051,2
6315,05/05/2020,Livingston,3,89,52,1294,36051,3
6316,05/06/2020,Livingston,6,95,100,1394,36051,4
6317,05/07/2020,Livingston,5,100,56,1450,36051,4
6318,05/08/2020,Livingston,1,101,49,1499,36051,2
6319,05/09/2020,Livingston,1,102,58,1557,36051,0
6320,05/10/2020,Livingston,0,102,46,1603,36051,0
6321,05/11/2020,Livingston,0,102,180,1783,36051,0
6322,05/12/2020,Livingston,1,103,197,1980,36051,1
6323,05/13/2020,Livingston,3,106,113,2093,36051,1
6324,05/14/2020,Livingston,0,106,76,2169,36051,1
6325,05/15/2020,Livingston,1,107,75,2244,36051,1
6326,05/16/2020,Livingston,3,110,77,2321,36051,1
6327,05/17/2020,Livingston,0,110,50,2371,36051,1
6328,05/18/2020,Livingston,1,111,67,2438,36051,0
6329,05/19/2020,Livingston,0,111,95,2533,36051,1
6330,05/20/2020,Livingston,3,114,105,2638,36051,1
6331,05/21/2020,Livingston,0,114,75,2713,36051,1
6332,05/22/2020,Livingston,0,114,84,2797,36051,0
6333,05/23/2020,Livingston,0,114,65,2862,36051,0
6334,05/24/2020,Livingston,1,115,196,3058,36051,1
6335,05/25/2020,Livingston,3,118,74,3132,36051,1
6336,05/26/2020,Livingston,0,118,69,3201,36051,1
6337,05/27/2020,Livingston,0,118,129,3330,36051,0
6338,05/28/2020,Livingston,0,118,122,3452,36051,0
6339,05/29/2020,Livingston,0,118,107,3559,36051,0
6340,05/30/2020,Livingston,1,119,128,3687,36051,0
6341,05/31/2020,Livingston,0,119,136,3823,36051,0
6342,06/01/2020,Livingston,0,119,218,4041,36051,0
6343,06/02/2020,Livingston,1,120,233,4274,36051,0
6344,06/03/2020,Livingston,0,120,172,4446,36051,0
6345,06/04/2020,Livingston,1,121,263,4709,36051,0
6346,06/05/2020,Livingston,0,121,167,4876,36051,0
6347,06/06/2020,Livingston,0,121,133,5009,36051,0
6348,06/07/2020,Livingston,0,121,177,5186,36051,0
6349,06/08/2020,Livingston,0,121,122,5308,36051,0
6350,06/09/2020,Livingston,0,121,216,5524,36051,0
6351,06/10/2020,Livingston,0,121,162,5686,36051,0
6352,06/11/2020,Livingston,0,121,237,5923,36051,0
6353,06/12/2020,Livingston,1,122,239,6162,36051,0
6354,06/13/2020,Livingston,1,123,135,6297,36051,0
6355,06/14/2020,Livingston,0,123,171,6468,36051,0
6356,06/15/2020,Livingston,0,123,111,6579,36051,0
6357,06/16/2020,Livingston,0,123,292,6871,36051,0
6358,06/17/2020,Livingston,0,123,171,7042,36051,0
6359,06/18/2020,Livingston,0,123,268,7310,36051,0
6360,06/19/2020,Livingston,0,123,109,7419,36051,0
6361,06/20/2020,Livingston,0,123,95,7514,36051,0
6362,06/21/2020,Livingston,1,124,108,7622,36051,0
6363,06/22/2020,Livingston,1,125,134,7756,36051,0
6364,06/23/2020,Livingston,0,125,130,7886,36051,0
6365,06/24/2020,Livingston,1,126,105,7991,36051,0
6366,06/25/2020,Livingston,0,126,254,8245,36051,0
6367,06/26/2020,Livingston,0,126,122,8367,36051,0
6368,06/27/2020,Livingston,2,128,86,8453,36051,0
6369,06/28/2020,Livingston,0,128,91,8544,36051,1
6370,06/29/2020,Livingston,1,129,165,8709,36051,0
6371,06/30/2020,Livingston,1,130,148,8857,36051,0
6372,07/01/2020,Livingston,0,130,273,9130,36051,0
6373,07/02/2020,Livingston,0,130,109,9239,36051,0
6374,07/03/2020,Livingston,1,131,175,9414,36051,0
6375,07/04/2020,Livingston,1,132,127,9541,36051,1
6376,07/05/2020,Livingston,1,133,133,9674,36051,1
6377,07/06/2020,Livingston,1,134,113,9787,36051,1
6378,07/07/2020,Livingston,3,137,161,9948,36051,2
6379,07/08/2020,Livingston,3,140,140,10088,36051,3
6380,07/09/2020,Livingston,4,144,126,10214,36051,2
6381,07/10/2020,Livingston,1,145,163,10377,36051,2
6382,07/11/2020,Livingston,2,147,203,10580,36051,1
6383,07/12/2020,Livingston,0,147,119,10699,36051,2
6384,07/13/2020,Livingston,4,151,170,10869,36051,1
6385,07/14/2020,Livingston,0,151,144,11013,36051,2
6386,07/15/2020,Livingston,2,153,171,11184,36051,1
6387,07/16/2020,Livingston,2,155,189,11373,36051,2
6388,07/17/2020,Livingston,2,157,246,11619,36051,1
6389,07/18/2020,Livingston,1,158,203,11822,36051,1
6390,07/19/2020,Livingston,1,159,111,11933,36051,1
6391,07/20/2020,Livingston,1,160,144,12077,36051,1
6392,07/21/2020,Livingston,1,161,175,12252,36051,0
6393,07/22/2020,Livingston,0,161,263,12515,36051,0
6394,07/23/2020,Livingston,0,161,167,12682,36051,0
6395,07/24/2020,Livingston,1,162,201,12883,36051,0
6396,07/25/2020,Livingston,0,162,240,13123,36051,0
6397,07/26/2020,Livingston,0,162,232,13355,36051,0
6398,07/27/2020,Livingston,0,162,162,13517,36051,0
6399,07/28/2020,Livingston,1,163,178,13695,36051,0
6400,07/29/2020,Livingston,1,164,201,13896,36051,1
6401,07/30/2020,Livingston,1,165,375,14271,36051,1
6402,07/31/2020,Livingston,1,166,246,14517,36051,1
6403,08/01/2020,Livingston,1,167,130,14647,36051,0
6404,08/02/2020,Livingston,0,167,141,14788,36051,1
6405,08/03/2020,Livingston,3,170,109,14897,36051,1
6406,08/04/2020,Livingston,1,171,169,15066,36051,2
6407,08/05/2020,Livingston,2,173,222,15288,36051,1
6408,08/06/2020,Livingston,1,174,321,15609,36051,1
6409,08/07/2020,Livingston,2,176,172,15781,36051,1
6410,08/08/2020,Livingston,0,176,174,15955,36051,0
6411,08/09/2020,Livingston,0,176,185,16140,36051,0
6412,08/10/2020,Livingston,0,176,146,16286,36051,0
6413,08/11/2020,Livingston,0,176,188,16474,36051,0
6414,08/12/2020,Livingston,0,176,249,16723,36051,0
6415,08/13/2020,Livingston,2,178,290,17013,36051,0
6416,08/14/2020,Livingston,0,178,223,17236,36051,0
6417,08/15/2020,Livingston,0,178,199,17435,36051,0
6418,08/16/2020,Livingston,0,178,105,17540,36051,0
6419,08/17/2020,Livingston,0,178,183,17723,36051,0
6420,08/18/2020,Livingston,0,178,160,17883,36051,0
6421,08/19/2020,Livingston,0,178,144,18027,36051,0
6422,08/20/2020,Livingston,0,178,424,18451,36051,0
6423,08/21/2020,Livingston,1,179,188,18639,36051,0
6424,08/22/2020,Livingston,1,180,255,18894,36051,0
6425,08/23/2020,Livingston,0,180,185,19079,36051,0
6426,08/24/2020,Livingston,1,181,133,19212,36051,0
6427,08/25/2020,Livingston,0,181,195,19407,36051,0
6428,08/26/2020,Livingston,0,181,167,19574,36051,0
6429,08/27/2020,Livingston,0,181,253,19827,36051,0
6430,08/28/2020,Livingston,1,182,238,20065,36051,0
6431,08/29/2020,Livingston,0,182,223,20288,36051,0
6432,08/30/2020,Livingston,1,183,94,20382,36051,0
6433,08/31/2020,Livingston,0,183,143,20525,36051,0
6434,09/01/2020,Livingston,1,184,141,20666,36051,1
6435,09/02/2020,Livingston,3,187,152,20818,36051,1
6436,09/03/2020,Livingston,1,188,146,20964,36051,1
6437,09/04/2020,Livingston,0,188,289,21253,36051,0
6438,09/05/2020,Livingston,1,189,200,21453,36051,0
6439,09/06/2020,Livingston,0,189,141,21594,36051,0
6440,09/07/2020,Livingston,0,189,78,21672,36051,0
6441,09/08/2020,Livingston,1,190,169,21841,36051,0
6442,09/09/2020,Livingston,0,190,102,21943,36051,0
6443,09/10/2020,Livingston,0,190,54,21997,36051,1
6444,09/11/2020,Livingston,4,194,177,22174,36051,2
6445,09/12/2020,Livingston,2,196,91,22265,36051,2
6446,09/13/2020,Livingston,0,196,178,22443,36051,0
6447,09/14/2020,Livingston,0,196,229,22672,36051,0
6448,09/15/2020,Livingston,1,197,270,22942,36051,1
6449,09/16/2020,Livingston,2,199,239,23181,36051,1
6450,09/17/2020,Livingston,2,201,450,23631,36051,1
6451,09/18/2020,Livingston,0,201,209,23840,36051,0
6452,09/19/2020,Livingston,0,201,418,24258,36051,0
6453,09/20/2020,Livingston,0,201,157,24415,36051,0
6454,09/21/2020,Livingston,1,202,376,24791,36051,0
6455,09/22/2020,Livingston,0,202,151,24942,36051,1
6456,09/23/2020,Livingston,3,205,227,25169,36051,1
6457,09/24/2020,Livingston,1,206,288,25457,36051,1
6458,09/25/2020,Livingston,1,207,203,25660,36051,0
6459,09/26/2020,Livingston,0,207,205,25865,36051,0
6460,09/27/2020,Livingston,0,207,158,26023,36051,0
6461,09/28/2020,Livingston,0,207,160,26183,36051,0
6462,09/29/2020,Livingston,1,208,598,26781,36051,0
6463,09/30/2020,Livingston,0,208,464,27245,36051,0
6464,10/01/2020,Livingston,1,209,357,27602,36051,0
6465,10/02/2020,Livingston,1,210,230,27832,36051,1
6466,10/03/2020,Livingston,1,211,181,28013,36051,0
6467,10/04/2020,Livingston,0,211,97,28110,36051,0
6468,10/05/2020,Livingston,1,212,305,28415,36051,0
6469,10/06/2020,Livingston,1,213,556,28971,36051,1
6470,10/07/2020,Livingston,3,216,196,29167,36051,2
6471,10/08/2020,Livingston,3,219,643,29810,36051,2
6472,10/09/2020,Livingston,0,219,218,30028,36051,2
6473,10/10/2020,Livingston,3,222,297,30325,36051,2
6474,10/11/2020,Livingston,3,225,223,30548,36051,2
6475,10/12/2020,Livingston,2,227,235,30783,36051,1
6476,10/13/2020,Livingston,0,227,453,31236,36051,2
6477,10/14/2020,Livingston,5,232,205,31441,36051,2
6478,10/15/2020,Livingston,2,234,218,31659,36051,4
6479,10/16/2020,Livingston,5,239,373,32032,36051,2
6480,10/17/2020,Livingston,0,239,170,32202,36051,3
6481,10/18/2020,Livingston,4,243,249,32451,36051,3
6482,10/19/2020,Livingston,7,250,315,32766,36051,5
6483,10/20/2020,Livingston,6,256,174,32940,36051,6
6484,10/21/2020,Livingston,5,261,569,33509,36051,5
6485,10/22/2020,Livingston,5,266,285,33794,36051,5
6486,10/23/2020,Livingston,6,272,343,34137,36051,6
6487,10/24/2020,Livingston,8,280,269,34406,36051,10
6488,10/25/2020,Livingston,18,298,237,34643,36051,10
6489,10/26/2020,Livingston,5,303,223,34866,36051,8
6490,10/27/2020,Livingston,2,305,175,35041,36051,5
6491,10/28/2020,Livingston,8,313,1042,36083,36051,8
6492,10/29/2020,Livingston,14,327,386,36469,36051,9
6493,10/30/2020,Livingston,5,332,330,36799,36051,12
6494,10/31/2020,Livingston,18,350,211,37010,36051,9
6495,11/01/2020,Livingston,6,356,267,37277,36051,9
6496,11/02/2020,Livingston,3,359,271,37548,36051,6
6497,11/03/2020,Livingston,9,368,647,38195,36051,6
6498,11/04/2020,Livingston,7,375,447,38642,36051,11
6499,11/05/2020,Livingston,18,393,922,39564,36051,8
6500,03/01/2020,Madison,0,0,0,0,36053,0
6501,03/02/2020,Madison,0,0,0,0,36053,0
6502,03/03/2020,Madison,0,0,0,0,36053,0
6503,03/04/2020,Madison,0,0,0,0,36053,0
6504,03/05/2020,Madison,0,0,0,0,36053,0
6505,03/06/2020,Madison,0,0,0,0,36053,0
6506,03/07/2020,Madison,0,0,0,0,36053,0
6507,03/08/2020,Madison,0,0,0,0,36053,0
6508,03/09/2020,Madison,0,0,0,0,36053,0
6509,03/10/2020,Madison,0,0,0,0,36053,0
6510,03/11/2020,Madison,0,0,0,0,36053,0
6511,03/12/2020,Madison,0,0,0,0,36053,0
6512,03/13/2020,Madison,0,0,1,1,36053,0
6513,03/14/2020,Madison,0,0,1,2,36053,0
6514,03/15/2020,Madison,0,0,1,3,36053,0
6515,03/16/2020,Madison,0,0,1,4,36053,0
6516,03/17/2020,Madison,0,0,0,4,36053,0
6517,03/18/2020,Madison,0,0,7,11,36053,0
6518,03/19/2020,Madison,0,0,4,15,36053,0
6519,03/20/2020,Madison,0,0,9,24,36053,0
6520,03/21/2020,Madison,1,1,9,33,36053,1
6521,03/22/2020,Madison,3,4,14,47,36053,1
6522,03/23/2020,Madison,1,5,10,57,36053,2
6523,03/24/2020,Madison,2,7,15,72,36053,1
6524,03/25/2020,Madison,2,9,28,100,36053,4
6525,03/26/2020,Madison,8,17,23,123,36053,4
6526,03/27/2020,Madison,2,19,28,151,36053,5
6527,03/28/2020,Madison,5,24,34,185,36053,5
6528,03/29/2020,Madison,10,34,30,215,36053,7
6529,03/30/2020,Madison,7,41,39,254,36053,9
6530,03/31/2020,Madison,10,51,55,309,36053,8
6531,04/01/2020,Madison,9,60,67,376,36053,9
6532,04/02/2020,Madison,10,70,70,446,36053,7
6533,04/03/2020,Madison,4,74,20,466,36053,6
6534,04/04/2020,Madison,5,79,28,494,36053,4
6535,04/05/2020,Madison,3,82,13,507,36053,4
6536,04/06/2020,Madison,6,88,64,571,36053,3
6537,04/07/2020,Madison,2,90,43,614,36053,3
6538,04/08/2020,Madison,1,91,12,626,36053,3
6539,04/09/2020,Madison,8,99,54,680,36053,3
6540,04/10/2020,Madison,0,99,7,687,36053,3
6541,04/11/2020,Madison,2,101,9,696,36053,0
6542,04/12/2020,Madison,0,101,7,703,36053,1
6543,04/13/2020,Madison,3,104,50,753,36053,1
6544,04/14/2020,Madison,1,105,4,757,36053,1
6545,04/15/2020,Madison,0,105,7,764,36053,0
6546,04/16/2020,Madison,0,105,2,766,36053,0
6547,04/17/2020,Madison,0,105,6,772,36053,0
6548,04/18/2020,Madison,1,106,7,779,36053,0
6549,04/19/2020,Madison,0,106,4,783,36053,0
6550,04/20/2020,Madison,0,106,1,784,36053,0
6551,04/21/2020,Madison,0,106,3,787,36053,0
6552,04/22/2020,Madison,0,106,7,794,36053,0
6553,04/23/2020,Madison,0,106,4,798,36053,5
6554,04/24/2020,Madison,15,121,294,1092,36053,5
6555,04/25/2020,Madison,2,123,22,1114,36053,6
6556,04/26/2020,Madison,1,124,16,1130,36053,1
6557,04/27/2020,Madison,2,126,26,1156,36053,1
6558,04/28/2020,Madison,0,126,47,1203,36053,2
6559,04/29/2020,Madison,5,131,12,1215,36053,4
6560,04/30/2020,Madison,8,139,51,1266,36053,7
6561,05/01/2020,Madison,10,149,54,1320,36053,6
6562,05/02/2020,Madison,2,151,26,1346,36053,26
6563,05/03/2020,Madison,66,217,141,1487,36053,24
6564,05/04/2020,Madison,6,223,43,1530,36053,26
6565,05/05/2020,Madison,8,231,192,1722,36053,9
6566,05/06/2020,Madison,15,246,204,1926,36053,8
6567,05/07/2020,Madison,3,249,95,2021,36053,6
6568,05/08/2020,Madison,1,250,50,2071,36053,1
6569,05/09/2020,Madison,1,251,37,2108,36053,0
6570,05/10/2020,Madison,0,251,23,2131,36053,0
6571,05/11/2020,Madison,0,251,17,2148,36053,0
6572,05/12/2020,Madison,2,253,79,2227,36053,1
6573,05/13/2020,Madison,2,255,61,2288,36053,1
6574,05/14/2020,Madison,1,256,30,2318,36053,1
6575,05/15/2020,Madison,2,258,53,2371,36053,1
6576,05/16/2020,Madison,0,258,56,2427,36053,0
6577,05/17/2020,Madison,0,258,44,2471,36053,0
6578,05/18/2020,Madison,2,260,103,2574,36053,11
6579,05/19/2020,Madison,32,292,201,2775,36053,12
6580,05/20/2020,Madison,2,294,101,2876,36053,12
6581,05/21/2020,Madison,3,297,135,3011,36053,3
6582,05/22/2020,Madison,4,301,200,3211,36053,2
6583,05/23/2020,Madison,0,301,105,3316,36053,2
6584,05/24/2020,Madison,2,303,67,3383,36053,0
6585,05/25/2020,Madison,0,303,179,3562,36053,3
6586,05/26/2020,Madison,7,310,330,3892,36053,2
6587,05/27/2020,Madison,0,310,67,3959,36053,2
6588,05/28/2020,Madison,0,310,141,4100,36053,0
6589,05/29/2020,Madison,1,311,187,4287,36053,2
6590,05/30/2020,Madison,5,316,316,4603,36053,2
6591,05/31/2020,Madison,0,316,138,4741,36053,2
6592,06/01/2020,Madison,1,317,98,4839,36053,1
6593,06/02/2020,Madison,2,319,222,5061,36053,1
6594,06/03/2020,Madison,0,319,242,5303,36053,2
6595,06/04/2020,Madison,4,323,279,5582,36053,2
6596,06/05/2020,Madison,2,325,336,5918,36053,2
6597,06/06/2020,Madison,2,327,123,6041,36053,1
6598,06/07/2020,Madison,0,327,148,6189,36053,2
6599,06/08/2020,Madison,4,331,157,6346,36053,1
6600,06/09/2020,Madison,0,331,418,6764,36053,2
6601,06/10/2020,Madison,2,333,234,6998,36053,0
6602,06/11/2020,Madison,0,333,184,7182,36053,0
6603,06/12/2020,Madison,0,333,121,7303,36053,0
6604,06/13/2020,Madison,1,334,297,7600,36053,0
6605,06/14/2020,Madison,1,335,78,7678,36053,1
6606,06/15/2020,Madison,1,336,191,7869,36053,1
6607,06/16/2020,Madison,2,338,104,7973,36053,2
6608,06/17/2020,Madison,3,341,186,8159,36053,2
6609,06/18/2020,Madison,1,342,253,8412,36053,1
6610,06/19/2020,Madison,1,343,242,8654,36053,1
6611,06/20/2020,Madison,2,345,137,8791,36053,1
6612,06/21/2020,Madison,2,347,126,8917,36053,1
6613,06/22/2020,Madison,0,347,204,9121,36053,0
6614,06/23/2020,Madison,0,347,194,9315,36053,0
6615,06/24/2020,Madison,2,349,174,9489,36053,1
6616,06/25/2020,Madison,2,351,278,9767,36053,1
6617,06/26/2020,Madison,0,351,229,9996,36053,1
6618,06/27/2020,Madison,1,352,90,10086,36053,0
6619,06/28/2020,Madison,1,353,130,10216,36053,2
6620,06/29/2020,Madison,4,357,123,10339,36053,1
6621,06/30/2020,Madison,0,357,233,10572,36053,2
6622,07/01/2020,Madison,2,359,188,10760,36053,1
6623,07/02/2020,Madison,1,360,148,10908,36053,2
6624,07/03/2020,Madison,3,363,182,11090,36053,1
6625,07/04/2020,Madison,0,363,111,11201,36053,1
6626,07/05/2020,Madison,1,364,96,11297,36053,1
6627,07/06/2020,Madison,3,367,255,11552,36053,1
6628,07/07/2020,Madison,1,368,307,11859,36053,1
6629,07/08/2020,Madison,0,368,189,12048,36053,1
6630,07/09/2020,Madison,3,371,144,12192,36053,2
6631,07/10/2020,Madison,3,374,159,12351,36053,2
6632,07/11/2020,Madison,0,374,121,12472,36053,1
6633,07/12/2020,Madison,1,375,331,12803,36053,0
6634,07/13/2020,Madison,1,376,214,13017,36053,0
6635,07/14/2020,Madison,0,376,255,13272,36053,0
6636,07/15/2020,Madison,1,377,221,13493,36053,1
6637,07/16/2020,Madison,2,379,206,13699,36053,2
6638,07/17/2020,Madison,3,382,256,13955,36053,2
6639,07/18/2020,Madison,1,383,70,14025,36053,1
6640,07/19/2020,Madison,1,384,186,14211,36053,1
6641,07/20/2020,Madison,3,387,197,14408,36053,1
6642,07/21/2020,Madison,1,388,286,14694,36053,1
6643,07/22/2020,Madison,0,388,163,14857,36053,1
6644,07/23/2020,Madison,2,390,406,15263,36053,0
6645,07/24/2020,Madison,0,390,152,15415,36053,0
6646,07/25/2020,Madison,0,390,185,15600,36053,0
6647,07/26/2020,Madison,0,390,120,15720,36053,0
6648,07/27/2020,Madison,1,391,156,15876,36053,1
6649,07/28/2020,Madison,2,393,304,16180,36053,2
6650,07/29/2020,Madison,3,396,162,16342,36053,2
6651,07/30/2020,Madison,2,398,250,16592,36053,2
6652,07/31/2020,Madison,1,399,187,16779,36053,1
6653,08/01/2020,Madison,1,400,142,16921,36053,1
6654,08/02/2020,Madison,1,401,80,17001,36053,2
6655,08/03/2020,Madison,4,405,282,17283,36053,2
6656,08/04/2020,Madison,1,406,202,17485,36053,2
6657,08/05/2020,Madison,3,409,238,17723,36053,2
6658,08/06/2020,Madison,3,412,374,18097,36053,2
6659,08/07/2020,Madison,0,412,122,18219,36053,1
6660,08/08/2020,Madison,0,412,107,18326,36053,0
6661,08/09/2020,Madison,0,412,78,18404,36053,0
6662,08/10/2020,Madison,1,413,462,18866,36053,0
6663,08/11/2020,Madison,1,414,323,19189,36053,1
6664,08/12/2020,Madison,3,417,125,19314,36053,2
6665,08/13/2020,Madison,2,419,340,19654,36053,2
6666,08/14/2020,Madison,2,421,268,19922,36053,1
6667,08/15/2020,Madison,0,421,149,20071,36053,0
6668,08/16/2020,Madison,0,421,147,20218,36053,0
6669,08/17/2020,Madison,2,423,302,20520,36053,1
6670,08/18/2020,Madison,1,424,256,20776,36053,1
6671,08/19/2020,Madison,0,424,228,21004,36053,2
6672,08/20/2020,Madison,7,431,1008,22012,36053,2
6673,08/21/2020,Madison,1,432,473,22485,36053,2
6674,08/22/2020,Madison,0,432,111,22596,36053,0
6675,08/23/2020,Madison,0,432,140,22736,36053,0
6676,08/24/2020,Madison,2,434,468,23204,36053,1
6677,08/25/2020,Madison,1,435,236,23440,36053,2
6678,08/26/2020,Madison,4,439,546,23986,36053,7
6679,08/27/2020,Madison,17,456,1671,25657,36053,8
6680,08/28/2020,Madison,3,459,993,26650,36053,7
6681,08/29/2020,Madison,2,461,197,26847,36053,1
6682,08/30/2020,Madison,0,461,247,27094,36053,0
6683,08/31/2020,Madison,0,461,272,27366,36053,0
6684,09/01/2020,Madison,0,461,206,27572,36053,2
6685,09/02/2020,Madison,6,467,1767,29339,36053,4
6686,09/03/2020,Madison,7,474,1108,30447,36053,4
6687,09/04/2020,Madison,0,474,295,30742,36053,2
6688,09/05/2020,Madison,0,474,255,30997,36053,0
6689,09/06/2020,Madison,1,475,77,31074,36053,0
6690,09/07/2020,Madison,0,475,149,31223,36053,0
6691,09/08/2020,Madison,0,475,304,31527,36053,0
6692,09/09/2020,Madison,0,475,97,31624,36053,0
6693,09/10/2020,Madison,1,476,362,31986,36053,1
6694,09/11/2020,Madison,2,478,341,32327,36053,1
6695,09/12/2020,Madison,0,478,260,32587,36053,0
6696,09/13/2020,Madison,0,478,94,32681,36053,0
6697,09/14/2020,Madison,2,480,126,32807,36053,0
6698,09/15/2020,Madison,0,480,362,33169,36053,0
6699,09/16/2020,Madison,0,480,164,33333,36053,1
6700,09/17/2020,Madison,4,484,318,33651,36053,2
6701,09/18/2020,Madison,2,486,284,33935,36053,2
6702,09/19/2020,Madison,1,487,301,34236,36053,1
6703,09/20/2020,Madison,1,488,110,34346,36053,1
6704,09/21/2020,Madison,1,489,124,34470,36053,0
6705,09/22/2020,Madison,0,489,389,34859,36053,1
6706,09/23/2020,Madison,3,492,375,35234,36053,1
6707,09/24/2020,Madison,0,492,251,35485,36053,1
6708,09/25/2020,Madison,1,493,386,35871,36053,0
6709,09/26/2020,Madison,0,493,198,36069,36053,0
6710,09/27/2020,Madison,0,493,155,36224,36053,1
6711,09/28/2020,Madison,4,497,288,36512,36053,1
6712,09/29/2020,Madison,0,497,484,36996,36053,1
6713,09/30/2020,Madison,1,498,370,37366,36053,1
6714,10/01/2020,Madison,3,501,367,37733,36053,2
6715,10/02/2020,Madison,2,503,476,38209,36053,1
6716,10/03/2020,Madison,0,503,140,38349,36053,0
6717,10/04/2020,Madison,0,503,94,38443,36053,0
6718,10/05/2020,Madison,2,505,241,38684,36053,0
6719,10/06/2020,Madison,0,505,469,39153,36053,0
6720,10/07/2020,Madison,0,505,448,39601,36053,1
6721,10/08/2020,Madison,4,509,523,40124,36053,1
6722,10/09/2020,Madison,0,509,377,40501,36053,2
6723,10/10/2020,Madison,2,511,211,40712,36053,0
6724,10/11/2020,Madison,0,511,134,40846,36053,2
6725,10/12/2020,Madison,4,515,376,41222,36053,2
6726,10/13/2020,Madison,2,517,297,41519,36053,3
6727,10/14/2020,Madison,4,521,638,42157,36053,4
6728,10/15/2020,Madison,7,528,396,42553,36053,4
6729,10/16/2020,Madison,3,531,520,43073,36053,4
6730,10/17/2020,Madison,2,533,211,43284,36053,2
6731,10/18/2020,Madison,3,536,123,43407,36053,2
6732,10/19/2020,Madison,1,537,421,43828,36053,2
6733,10/20/2020,Madison,4,541,691,44519,36053,3
6734,10/21/2020,Madison,4,545,512,45031,36053,5
6735,10/22/2020,Madison,7,552,552,45583,36053,5
6736,10/23/2020,Madison,5,557,472,46055,36053,4
6737,10/24/2020,Madison,2,559,212,46267,36053,2
6738,10/25/2020,Madison,0,559,99,46366,36053,2
6739,10/26/2020,Madison,4,563,279,46645,36053,2
6740,10/27/2020,Madison,2,565,444,47089,36053,3
6741,10/28/2020,Madison,5,570,351,47440,36053,4
6742,10/29/2020,Madison,7,577,531,47971,36053,6
6743,10/30/2020,Madison,7,584,521,48492,36053,7
6744,10/31/2020,Madison,9,593,241,48733,36053,6
6745,11/01/2020,Madison,4,597,176,48909,36053,5
6746,11/02/2020,Madison,4,601,314,49223,36053,5
6747,11/03/2020,Madison,8,609,302,49525,36053,6
6748,11/04/2020,Madison,7,616,722,50247,36053,8
6749,11/05/2020,Madison,11,627,573,50820,36053,6
6750,03/01/2020,Monroe,0,0,0,0,36055,0
6751,03/02/2020,Monroe,0,0,0,0,36055,0
6752,03/03/2020,Monroe,0,0,0,0,36055,0
6753,03/04/2020,Monroe,0,0,0,0,36055,0
6754,03/05/2020,Monroe,0,0,0,0,36055,0
6755,03/06/2020,Monroe,0,0,0,0,36055,0
6756,03/07/2020,Monroe,0,0,2,2,36055,0
6757,03/08/2020,Monroe,0,0,1,3,36055,0
6758,03/09/2020,Monroe,0,0,0,3,36055,0
6759,03/10/2020,Monroe,0,0,0,3,36055,0
6760,03/11/2020,Monroe,0,0,0,3,36055,0
6761,03/12/2020,Monroe,1,1,10,13,36055,0
6762,03/13/2020,Monroe,1,2,4,17,36055,0
6763,03/14/2020,Monroe,0,2,2,19,36055,2
6764,03/15/2020,Monroe,7,9,39,58,36055,2
6765,03/16/2020,Monroe,1,10,29,87,36055,4
6766,03/17/2020,Monroe,4,14,75,162,36055,6
6767,03/18/2020,Monroe,13,27,153,315,36055,7
6768,03/19/2020,Monroe,5,32,193,508,36055,9
6769,03/20/2020,Monroe,10,42,148,656,36055,10
6770,03/21/2020,Monroe,15,57,246,902,36055,14
6771,03/22/2020,Monroe,19,76,416,1318,36055,18
6772,03/23/2020,Monroe,20,96,219,1537,36055,20
6773,03/24/2020,Monroe,22,118,172,1709,36055,21
6774,03/25/2020,Monroe,21,139,255,1964,36055,21
6775,03/26/2020,Monroe,21,160,232,2196,36055,24
6776,03/27/2020,Monroe,32,192,253,2449,36055,26
6777,03/28/2020,Monroe,27,219,282,2731,36055,27
6778,03/29/2020,Monroe,23,242,129,2860,36055,33
6779,03/30/2020,Monroe,50,292,383,3243,36055,43
6780,03/31/2020,Monroe,57,349,356,3599,36055,59
6781,04/01/2020,Monroe,71,420,381,3980,36055,57
6782,04/02/2020,Monroe,44,464,336,4316,36055,54
6783,04/03/2020,Monroe,48,512,328,4644,36055,42
6784,04/04/2020,Monroe,36,548,277,4921,36055,36
6785,04/05/2020,Monroe,26,574,225,5146,36055,28
6786,04/06/2020,Monroe,22,596,305,5451,36055,34
6787,04/07/2020,Monroe,55,651,420,5871,36055,41
6788,04/08/2020,Monroe,47,698,382,6253,36055,48
6789,04/09/2020,Monroe,44,742,380,6633,36055,38
6790,04/10/2020,Monroe,25,767,284,6917,36055,33
6791,04/11/2020,Monroe,31,798,220,7137,36055,27
6792,04/12/2020,Monroe,25,823,157,7294,36055,27
6793,04/13/2020,Monroe,27,850,304,7598,36055,28
6794,04/14/2020,Monroe,34,884,353,7951,36055,36
6795,04/15/2020,Monroe,48,932,259,8210,36055,41
6796,04/16/2020,Monroe,43,975,296,8506,36055,41
6797,04/17/2020,Monroe,33,1008,260,8766,36055,33
6798,04/18/2020,Monroe,24,1032,202,8968,36055,26
6799,04/19/2020,Monroe,22,1054,188,9156,36055,20
6800,04/20/2020,Monroe,16,1070,229,9385,36055,26
6801,04/21/2020,Monroe,42,1112,409,9794,36055,32
6802,04/22/2020,Monroe,40,1152,500,10294,36055,43
6803,04/23/2020,Monroe,47,1199,470,10764,36055,57
6804,04/24/2020,Monroe,86,1285,1134,11898,36055,54
6805,04/25/2020,Monroe,31,1316,341,12239,36055,44
6806,04/26/2020,Monroe,15,1331,234,12473,36055,28
6807,04/27/2020,Monroe,40,1371,543,13016,36055,29
6808,04/28/2020,Monroe,33,1404,530,13546,36055,36
6809,04/29/2020,Monroe,37,1441,469,14015,36055,35
6810,04/30/2020,Monroe,37,1478,579,14594,36055,43
6811,05/01/2020,Monroe,56,1534,520,15114,36055,41
6812,05/02/2020,Monroe,32,1566,571,15685,36055,39
6813,05/03/2020,Monroe,29,1595,914,16599,36055,29
6814,05/04/2020,Monroe,28,1623,721,17320,36055,29
6815,05/05/2020,Monroe,32,1655,842,18162,36055,31
6816,05/06/2020,Monroe,33,1688,1088,19250,36055,37
6817,05/07/2020,Monroe,47,1735,1042,20292,36055,40
6818,05/08/2020,Monroe,40,1775,1114,21406,36055,44
6819,05/09/2020,Monroe,46,1821,1148,22554,36055,38
6820,05/10/2020,Monroe,29,1850,864,23418,36055,38
6821,05/11/2020,Monroe,40,1890,797,24215,36055,46
6822,05/12/2020,Monroe,69,1959,1423,25638,36055,56
6823,05/13/2020,Monroe,60,2019,1401,27039,36055,67
6824,05/14/2020,Monroe,72,2091,1332,28371,36055,77
6825,05/15/2020,Monroe,101,2192,1427,29798,36055,79
6826,05/16/2020,Monroe,66,2258,1508,31306,36055,70
6827,05/17/2020,Monroe,45,2303,1324,32630,36055,61
6828,05/18/2020,Monroe,73,2376,1304,33934,36055,69
6829,05/19/2020,Monroe,89,2465,2033,35967,36055,75
6830,05/20/2020,Monroe,65,2530,1852,37819,36055,75
6831,05/21/2020,Monroe,71,2601,2061,39880,36055,65
6832,05/22/2020,Monroe,60,2661,1198,41078,36055,55
6833,05/23/2020,Monroe,36,2697,846,41924,36055,44
6834,05/24/2020,Monroe,36,2733,1729,43653,36055,33
6835,05/25/2020,Monroe,29,2762,1595,45248,36055,31
6836,05/26/2020,Monroe,29,2791,1297,46545,36055,30
6837,05/27/2020,Monroe,33,2824,1632,48177,36055,32
6838,05/28/2020,Monroe,36,2860,1127,49304,36055,39
6839,05/29/2020,Monroe,49,2909,1322,50626,36055,39
6840,05/30/2020,Monroe,33,2942,2828,53454,36055,34
6841,05/31/2020,Monroe,22,2964,1994,55448,36055,26
6842,06/01/2020,Monroe,25,2989,2340,57788,36055,35
6843,06/02/2020,Monroe,59,3048,3979,61767,36055,39
6844,06/03/2020,Monroe,33,3081,2854,64621,36055,42
6845,06/04/2020,Monroe,36,3117,2438,67059,36055,39
6846,06/05/2020,Monroe,50,3167,4685,71744,36055,36
6847,06/06/2020,Monroe,23,3190,3231,74975,36055,28
6848,06/07/2020,Monroe,13,3203,2881,77856,36055,25
6849,06/08/2020,Monroe,40,3243,3245,81101,36055,21
6850,06/09/2020,Monroe,12,3255,2985,84086,36055,30
6851,06/10/2020,Monroe,38,3293,2680,86766,36055,25
6852,06/11/2020,Monroe,27,3320,3200,89966,36055,28
6853,06/12/2020,Monroe,20,3340,2748,92714,36055,25
6854,06/13/2020,Monroe,30,3370,3306,96020,36055,20
6855,06/14/2020,Monroe,10,3380,2541,98561,36055,20
6856,06/15/2020,Monroe,22,3402,2556,101117,36055,16
6857,06/16/2020,Monroe,16,3418,2668,103785,36055,19
6858,06/17/2020,Monroe,21,3439,1704,105489,36055,19
6859,06/18/2020,Monroe,22,3461,1725,107214,36055,23
6860,06/19/2020,Monroe,26,3487,2028,109242,36055,19
6861,06/20/2020,Monroe,11,3498,2118,111360,36055,17
6862,06/21/2020,Monroe,14,3512,1708,113068,36055,17
6863,06/22/2020,Monroe,28,3540,2314,115382,36055,23
6864,06/23/2020,Monroe,27,3567,1882,117264,36055,30
6865,06/24/2020,Monroe,35,3602,2174,119438,36055,33
6866,06/25/2020,Monroe,39,3641,2194,121632,36055,36
6867,06/26/2020,Monroe,35,3676,2250,123882,36055,29
6868,06/27/2020,Monroe,14,3690,2107,125989,36055,22
6869,06/28/2020,Monroe,19,3709,2132,128121,36055,22
6870,06/29/2020,Monroe,33,3742,2744,130865,36055,30
6871,06/30/2020,Monroe,38,3780,2184,133049,36055,41
6872,07/01/2020,Monroe,53,3833,2715,135764,36055,47
6873,07/02/2020,Monroe,52,3885,2605,138369,36055,47
6874,07/03/2020,Monroe,37,3922,4769,143138,36055,40
6875,07/04/2020,Monroe,31,3953,2830,145968,36055,29
6876,07/05/2020,Monroe,21,3974,1765,147733,36055,27
6877,07/06/2020,Monroe,30,4004,2481,150214,36055,31
6878,07/07/2020,Monroe,42,4046,2511,152725,36055,33
6879,07/08/2020,Monroe,28,4074,2744,155469,36055,38
6880,07/09/2020,Monroe,46,4120,2501,157970,36055,35
6881,07/10/2020,Monroe,33,4153,2660,160630,36055,34
6882,07/11/2020,Monroe,24,4177,2666,163296,36055,26
6883,07/12/2020,Monroe,23,4200,2037,165333,36055,31
6884,07/13/2020,Monroe,47,4247,3260,168593,36055,34
6885,07/14/2020,Monroe,34,4281,2854,171447,36055,39
6886,07/15/2020,Monroe,36,4317,3270,174717,36055,35
6887,07/16/2020,Monroe,36,4353,3172,177889,36055,34
6888,07/17/2020,Monroe,30,4383,3061,180950,36055,28
6889,07/18/2020,Monroe,18,4401,1762,182712,36055,23
6890,07/19/2020,Monroe,21,4422,2383,185095,36055,23
6891,07/20/2020,Monroe,30,4452,3247,188342,36055,30
6892,07/21/2020,Monroe,40,4492,2772,191114,36055,29
6893,07/22/2020,Monroe,19,4511,2471,193585,36055,28
6894,07/23/2020,Monroe,26,4537,3625,197210,36055,25
6895,07/24/2020,Monroe,32,4569,2654,199864,36055,26
6896,07/25/2020,Monroe,22,4591,2611,202475,36055,27
6897,07/26/2020,Monroe,29,4620,2887,205362,36055,21
6898,07/27/2020,Monroe,12,4632,3058,208420,36055,21
6899,07/28/2020,Monroe,24,4656,3644,212064,36055,19
6900,07/29/2020,Monroe,21,4677,2914,214978,36055,26
6901,07/30/2020,Monroe,33,4710,3785,218763,36055,28
6902,07/31/2020,Monroe,32,4742,2971,221734,36055,30
6903,08/01/2020,Monroe,26,4768,2679,224413,36055,26
6904,08/02/2020,Monroe,22,4790,2384,226797,36055,26
6905,08/03/2020,Monroe,31,4821,2308,229105,36055,24
6906,08/04/2020,Monroe,20,4841,3199,232304,36055,26
6907,08/05/2020,Monroe,27,4868,3627,235931,36055,26
6908,08/06/2020,Monroe,33,4901,3410,239341,36055,27
6909,08/07/2020,Monroe,21,4922,2608,241949,36055,29
6910,08/08/2020,Monroe,34,4956,3016,244965,36055,25
6911,08/09/2020,Monroe,20,4976,2581,247546,36055,26
6912,08/10/2020,Monroe,26,5002,3833,251379,36055,26
6913,08/11/2020,Monroe,33,5035,4321,255700,36055,34
6914,08/12/2020,Monroe,44,5079,5806,261506,36055,40
6915,08/13/2020,Monroe,43,5122,4457,265963,36055,36
6916,08/14/2020,Monroe,21,5143,4144,270107,36055,28
6917,08/15/2020,Monroe,22,5165,3599,273706,36055,20
6918,08/16/2020,Monroe,18,5183,2882,276588,36055,23
6919,08/17/2020,Monroe,30,5213,3645,280233,36055,25
6920,08/18/2020,Monroe,28,5241,3503,283736,36055,24
6921,08/19/2020,Monroe,15,5256,2807,286543,36055,20
6922,08/20/2020,Monroe,17,5273,4549,291092,36055,18
6923,08/21/2020,Monroe,24,5297,3649,294741,36055,20
6924,08/22/2020,Monroe,20,5317,3748,298489,36055,19
6925,08/23/2020,Monroe,13,5330,3752,302241,36055,17
6926,08/24/2020,Monroe,18,5348,2776,305017,36055,15
6927,08/25/2020,Monroe,16,5364,3000,308017,36055,18
6928,08/26/2020,Monroe,21,5385,2660,310677,36055,16
6929,08/27/2020,Monroe,13,5398,3205,313882,36055,19
6930,08/28/2020,Monroe,24,5422,3274,317156,36055,19
6931,08/29/2020,Monroe,21,5443,3244,320400,36055,18
6932,08/30/2020,Monroe,9,5452,2301,322701,36055,13
6933,08/31/2020,Monroe,10,5462,2325,325026,36055,8
6934,09/01/2020,Monroe,6,5468,2483,327509,36055,16
6935,09/02/2020,Monroe,34,5502,3345,330854,36055,22
6936,09/03/2020,Monroe,27,5529,3118,333972,36055,27
6937,09/04/2020,Monroe,22,5551,3310,337282,36055,23
6938,09/05/2020,Monroe,21,5572,3245,340527,36055,18
6939,09/06/2020,Monroe,13,5585,2535,343062,36055,17
6940,09/07/2020,Monroe,17,5602,2068,345130,36055,14
6941,09/08/2020,Monroe,13,5615,2543,347673,36055,21
6942,09/09/2020,Monroe,33,5648,2860,350533,36055,24
6943,09/10/2020,Monroe,28,5676,1976,352509,36055,32
6944,09/11/2020,Monroe,36,5712,3722,356231,36055,26
6945,09/12/2020,Monroe,15,5727,2553,358784,36055,29
6946,09/13/2020,Monroe,37,5764,3760,362544,36055,27
6947,09/14/2020,Monroe,29,5793,2933,365477,36055,27
6948,09/15/2020,Monroe,16,5809,2678,368155,36055,25
6949,09/16/2020,Monroe,30,5839,3927,372082,36055,21
6950,09/17/2020,Monroe,18,5857,3330,375412,36055,22
6951,09/18/2020,Monroe,19,5876,4380,379792,36055,18
6952,09/19/2020,Monroe,18,5894,3621,383413,36055,18
6953,09/20/2020,Monroe,17,5911,1855,385268,36055,16
6954,09/21/2020,Monroe,14,5925,3498,388766,36055,15
6955,09/22/2020,Monroe,15,5940,2959,391725,36055,19
6956,09/23/2020,Monroe,30,5970,3426,395151,36055,20
6957,09/24/2020,Monroe,15,5985,3473,398624,36055,20
6958,09/25/2020,Monroe,17,6002,4000,402624,36055,18
6959,09/26/2020,Monroe,24,6026,3194,405818,36055,20
6960,09/27/2020,Monroe,19,6045,2246,408064,36055,24
6961,09/28/2020,Monroe,29,6074,2901,410965,36055,19
6962,09/29/2020,Monroe,11,6085,4323,415288,36055,25
6963,09/30/2020,Monroe,36,6121,4670,419958,36055,28
6964,10/01/2020,Monroe,39,6160,3116,423074,36055,33
6965,10/02/2020,Monroe,26,6186,3983,427057,36055,28
6966,10/03/2020,Monroe,20,6206,2865,429922,36055,20
6967,10/04/2020,Monroe,14,6220,1451,431373,36055,20
6968,10/05/2020,Monroe,28,6248,4277,435650,36055,20
6969,10/06/2020,Monroe,18,6266,4216,439866,36055,32
6970,10/07/2020,Monroe,50,6316,3366,443232,36055,33
6971,10/08/2020,Monroe,33,6349,4287,447519,36055,40
6972,10/09/2020,Monroe,38,6387,4004,451523,36055,35
6973,10/10/2020,Monroe,34,6421,4015,455538,36055,34
6974,10/11/2020,Monroe,32,6453,3867,459405,36055,34
6975,10/12/2020,Monroe,37,6490,3713,463118,36055,31
6976,10/13/2020,Monroe,26,6516,4189,467307,36055,39
6977,10/14/2020,Monroe,56,6572,3748,471055,36055,46
6978,10/15/2020,Monroe,56,6628,3526,474581,36055,51
6979,10/16/2020,Monroe,43,6671,4877,479458,36055,45
6980,10/17/2020,Monroe,36,6707,3486,482944,36055,38
6981,10/18/2020,Monroe,37,6744,2606,485550,36055,42
6982,10/19/2020,Monroe,54,6798,4109,489659,36055,47
6983,10/20/2020,Monroe,52,6850,3269,492928,36055,57
6984,10/21/2020,Monroe,67,6917,4833,497761,36055,64
6985,10/22/2020,Monroe,75,6992,4453,502214,36055,73
6986,10/23/2020,Monroe,78,7070,4901,507115,36055,64
6987,10/24/2020,Monroe,41,7111,3243,510358,36055,60
6988,10/25/2020,Monroe,63,7174,3703,514061,36055,62
6989,10/26/2020,Monroe,82,7256,4344,518405,36055,67
6990,10/27/2020,Monroe,56,7312,3602,522007,36055,70
6991,10/28/2020,Monroe,74,7386,5031,527038,36055,79
6992,10/29/2020,Monroe,107,7493,4413,531451,36055,94
6993,10/30/2020,Monroe,103,7596,4792,536243,36055,106
6994,10/31/2020,Monroe,109,7705,4919,541162,36055,108
6995,11/01/2020,Monroe,112,7817,4323,545485,36055,109
6996,11/02/2020,Monroe,106,7923,4952,550437,36055,106
6997,11/03/2020,Monroe,102,8025,3012,553449,36055,140
6998,11/04/2020,Monroe,212,8237,4713,558162,36055,158
6999,11/05/2020,Monroe,161,8398,4536,562698,36055,124
7000,03/01/2020,Montgomery,0,0,0,0,36057,0
7001,03/02/2020,Montgomery,0,0,0,0,36057,0
7002,03/03/2020,Montgomery,0,0,0,0,36057,0
7003,03/04/2020,Montgomery,0,0,0,0,36057,0
7004,03/05/2020,Montgomery,0,0,0,0,36057,0
7005,03/06/2020,Montgomery,0,0,0,0,36057,0
7006,03/07/2020,Montgomery,0,0,0,0,36057,0
7007,03/08/2020,Montgomery,0,0,0,0,36057,0
7008,03/09/2020,Montgomery,0,0,0,0,36057,0
7009,03/10/2020,Montgomery,0,0,1,1,36057,0
7010,03/11/2020,Montgomery,0,0,1,2,36057,0
7011,03/12/2020,Montgomery,0,0,0,2,36057,0
7012,03/13/2020,Montgomery,0,0,0,2,36057,0
7013,03/14/2020,Montgomery,1,1,3,5,36057,0
7014,03/15/2020,Montgomery,0,1,4,9,36057,0
7015,03/16/2020,Montgomery,0,1,1,10,36057,0
7016,03/17/2020,Montgomery,1,2,14,24,36057,0
7017,03/18/2020,Montgomery,0,2,14,38,36057,0
7018,03/19/2020,Montgomery,0,2,4,42,36057,0
7019,03/20/2020,Montgomery,1,3,27,69,36057,0
7020,03/21/2020,Montgomery,0,3,20,89,36057,0
7021,03/22/2020,Montgomery,0,3,6,95,36057,0
7022,03/23/2020,Montgomery,0,3,5,100,36057,0
7023,03/24/2020,Montgomery,1,4,5,105,36057,0
7024,03/25/2020,Montgomery,1,5,5,110,36057,0
7025,03/26/2020,Montgomery,0,5,7,117,36057,0
7026,03/27/2020,Montgomery,0,5,10,127,36057,0
7027,03/28/2020,Montgomery,1,6,6,133,36057,0
7028,03/29/2020,Montgomery,0,6,2,135,36057,0
7029,03/30/2020,Montgomery,1,7,8,143,36057,0
7030,03/31/2020,Montgomery,0,7,4,147,36057,0
7031,04/01/2020,Montgomery,1,8,10,157,36057,1
7032,04/02/2020,Montgomery,2,10,8,165,36057,2
7033,04/03/2020,Montgomery,3,13,11,176,36057,2
7034,04/04/2020,Montgomery,2,15,14,190,36057,1
7035,04/05/2020,Montgomery,0,15,8,198,36057,1
7036,04/06/2020,Montgomery,3,18,20,218,36057,1
7037,04/07/2020,Montgomery,0,18,9,227,36057,4
7038,04/08/2020,Montgomery,10,28,24,251,36057,3
7039,04/09/2020,Montgomery,1,29,13,264,36057,3
7040,04/10/2020,Montgomery,0,29,8,272,36057,0
7041,04/11/2020,Montgomery,0,29,1,273,36057,0
7042,04/12/2020,Montgomery,0,29,2,275,36057,1
7043,04/13/2020,Montgomery,3,32,56,331,36057,1
7044,04/14/2020,Montgomery,0,32,0,331,36057,1
7045,04/15/2020,Montgomery,0,32,5,336,36057,0
7046,04/16/2020,Montgomery,1,33,10,346,36057,0
7047,04/17/2020,Montgomery,1,34,4,350,36057,1
7048,04/18/2020,Montgomery,1,35,4,354,36057,0
7049,04/19/2020,Montgomery,0,35,4,358,36057,1
7050,04/20/2020,Montgomery,2,37,3,361,36057,1
7051,04/21/2020,Montgomery,1,38,3,364,36057,1
7052,04/22/2020,Montgomery,1,39,7,371,36057,0
7053,04/23/2020,Montgomery,0,39,6,377,36057,2
7054,04/24/2020,Montgomery,7,46,226,603,36057,2
7055,04/25/2020,Montgomery,1,47,35,638,36057,2
7056,04/26/2020,Montgomery,0,47,9,647,36057,1
7057,04/27/2020,Montgomery,2,49,19,666,36057,1
7058,04/28/2020,Montgomery,2,51,18,684,36057,2
7059,04/29/2020,Montgomery,2,53,14,698,36057,1
7060,04/30/2020,Montgomery,1,54,29,727,36057,1
7061,05/01/2020,Montgomery,0,54,27,754,36057,1
7062,05/02/2020,Montgomery,2,56,53,807,36057,0
7063,05/03/2020,Montgomery,0,56,19,826,36057,2
7064,05/04/2020,Montgomery,5,61,28,854,36057,2
7065,05/05/2020,Montgomery,2,63,46,900,36057,2
7066,05/06/2020,Montgomery,0,63,34,934,36057,1
7067,05/07/2020,Montgomery,1,64,36,970,36057,1
7068,05/08/2020,Montgomery,2,66,36,1006,36057,1
7069,05/09/2020,Montgomery,1,67,33,1039,36057,1
7070,05/10/2020,Montgomery,0,67,30,1069,36057,0
7071,05/11/2020,Montgomery,0,67,62,1131,36057,0
7072,05/12/2020,Montgomery,1,68,115,1246,36057,0
7073,05/13/2020,Montgomery,1,69,177,1423,36057,1
7074,05/14/2020,Montgomery,3,72,46,1469,36057,2
7075,05/15/2020,Montgomery,3,75,93,1562,36057,2
7076,05/16/2020,Montgomery,0,75,52,1614,36057,1
7077,05/17/2020,Montgomery,0,75,38,1652,36057,0
7078,05/18/2020,Montgomery,0,75,25,1677,36057,0
7079,05/19/2020,Montgomery,0,75,43,1720,36057,0
7080,05/20/2020,Montgomery,2,77,96,1816,36057,0
7081,05/21/2020,Montgomery,0,77,130,1946,36057,0
7082,05/22/2020,Montgomery,0,77,79,2025,36057,0
7083,05/23/2020,Montgomery,2,79,131,2156,36057,0
7084,05/24/2020,Montgomery,0,79,159,2315,36057,1
7085,05/25/2020,Montgomery,1,80,41,2356,36057,1
7086,05/26/2020,Montgomery,2,82,47,2403,36057,1
7087,05/27/2020,Montgomery,0,82,341,2744,36057,1
7088,05/28/2020,Montgomery,2,84,182,2926,36057,2
7089,05/29/2020,Montgomery,5,89,222,3148,36057,3
7090,05/30/2020,Montgomery,2,91,95,3243,36057,2
7091,05/31/2020,Montgomery,0,91,186,3429,36057,1
7092,06/01/2020,Montgomery,2,93,104,3533,36057,1
7093,06/02/2020,Montgomery,1,94,213,3746,36057,1
7094,06/03/2020,Montgomery,2,96,311,4057,36057,1
7095,06/04/2020,Montgomery,0,96,314,4371,36057,1
7096,06/05/2020,Montgomery,2,98,370,4741,36057,1
7097,06/06/2020,Montgomery,2,100,226,4967,36057,1
7098,06/07/2020,Montgomery,0,100,246,5213,36057,0
7099,06/08/2020,Montgomery,0,100,240,5453,36057,0
7100,06/09/2020,Montgomery,0,100,149,5602,36057,0
7101,06/10/2020,Montgomery,1,101,235,5837,36057,1
7102,06/11/2020,Montgomery,2,103,327,6164,36057,1
7103,06/12/2020,Montgomery,0,103,218,6382,36057,1
7104,06/13/2020,Montgomery,1,104,178,6560,36057,0
7105,06/14/2020,Montgomery,0,104,137,6697,36057,0
7106,06/15/2020,Montgomery,0,104,125,6822,36057,0
7107,06/16/2020,Montgomery,0,104,76,6898,36057,0
7108,06/17/2020,Montgomery,1,105,151,7049,36057,0
7109,06/18/2020,Montgomery,1,106,224,7273,36057,0
7110,06/19/2020,Montgomery,0,106,156,7429,36057,0
7111,06/20/2020,Montgomery,0,106,221,7650,36057,0
7112,06/21/2020,Montgomery,2,108,237,7887,36057,1
7113,06/22/2020,Montgomery,1,109,162,8049,36057,1
7114,06/23/2020,Montgomery,1,110,63,8112,36057,1
7115,06/24/2020,Montgomery,1,111,160,8272,36057,1
7116,06/25/2020,Montgomery,2,113,163,8435,36057,2
7117,06/26/2020,Montgomery,3,116,210,8645,36057,2
7118,06/27/2020,Montgomery,2,118,312,8957,36057,1
7119,06/28/2020,Montgomery,0,118,174,9131,36057,0
7120,06/29/2020,Montgomery,0,118,127,9258,36057,0
7121,06/30/2020,Montgomery,0,118,83,9341,36057,0
7122,07/01/2020,Montgomery,1,119,179,9520,36057,0
7123,07/02/2020,Montgomery,0,119,169,9689,36057,0
7124,07/03/2020,Montgomery,0,119,167,9856,36057,0
7125,07/04/2020,Montgomery,0,119,242,10098,36057,0
7126,07/05/2020,Montgomery,1,120,170,10268,36057,0
7127,07/06/2020,Montgomery,1,121,169,10437,36057,0
7128,07/07/2020,Montgomery,0,121,76,10513,36057,1
7129,07/08/2020,Montgomery,4,125,174,10687,36057,2
7130,07/09/2020,Montgomery,3,128,202,10889,36057,3
7131,07/10/2020,Montgomery,2,130,202,11091,36057,2
7132,07/11/2020,Montgomery,2,132,229,11320,36057,1
7133,07/12/2020,Montgomery,1,133,131,11451,36057,3
7134,07/13/2020,Montgomery,8,141,230,11681,36057,3
7135,07/14/2020,Montgomery,0,141,94,11775,36057,2
7136,07/15/2020,Montgomery,0,141,133,11908,36057,0
7137,07/16/2020,Montgomery,0,141,380,12288,36057,0
7138,07/17/2020,Montgomery,2,143,252,12540,36057,0
7139,07/18/2020,Montgomery,0,143,125,12665,36057,0
7140,07/19/2020,Montgomery,0,143,123,12788,36057,0
7141,07/20/2020,Montgomery,1,144,137,12925,36057,0
7142,07/21/2020,Montgomery,0,144,156,13081,36057,0
7143,07/22/2020,Montgomery,1,145,124,13205,36057,0
7144,07/23/2020,Montgomery,1,146,190,13395,36057,1
7145,07/24/2020,Montgomery,1,147,188,13583,36057,1
7146,07/25/2020,Montgomery,1,148,187,13770,36057,0
7147,07/26/2020,Montgomery,0,148,150,13920,36057,1
7148,07/27/2020,Montgomery,4,152,68,13988,36057,1
7149,07/28/2020,Montgomery,0,152,102,14090,36057,1
7150,07/29/2020,Montgomery,0,152,142,14232,36057,0
7151,07/30/2020,Montgomery,2,154,198,14430,36057,1
7152,07/31/2020,Montgomery,1,155,211,14641,36057,1
7153,08/01/2020,Montgomery,2,157,293,14934,36057,2
7154,08/02/2020,Montgomery,3,160,202,15136,36057,1
7155,08/03/2020,Montgomery,0,160,196,15332,36057,1
7156,08/04/2020,Montgomery,1,161,168,15500,36057,3
7157,08/05/2020,Montgomery,8,169,142,15642,36057,3
7158,08/06/2020,Montgomery,1,170,339,15981,36057,3
7159,08/07/2020,Montgomery,2,172,202,16183,36057,2
7160,08/08/2020,Montgomery,4,176,251,16434,36057,2
7161,08/09/2020,Montgomery,1,177,124,16558,36057,1
7162,08/10/2020,Montgomery,0,177,164,16722,36057,0
7163,08/11/2020,Montgomery,0,177,122,16844,36057,0
7164,08/12/2020,Montgomery,2,179,157,17001,36057,1
7165,08/13/2020,Montgomery,2,181,175,17176,36057,2
7166,08/14/2020,Montgomery,3,184,260,17436,36057,2
7167,08/15/2020,Montgomery,3,187,254,17690,36057,2
7168,08/16/2020,Montgomery,1,188,130,17820,36057,1
7169,08/17/2020,Montgomery,0,188,192,18012,36057,0
7170,08/18/2020,Montgomery,1,189,166,18178,36057,0
7171,08/19/2020,Montgomery,1,190,145,18323,36057,1
7172,08/20/2020,Montgomery,3,193,362,18685,36057,1
7173,08/21/2020,Montgomery,0,193,199,18884,36057,1
7174,08/22/2020,Montgomery,1,194,190,19074,36057,1
7175,08/23/2020,Montgomery,2,196,163,19237,36057,1
7176,08/24/2020,Montgomery,0,196,92,19329,36057,1
7177,08/25/2020,Montgomery,1,197,169,19498,36057,0
7178,08/26/2020,Montgomery,1,198,138,19636,36057,1
7179,08/27/2020,Montgomery,2,200,263,19899,36057,1
7180,08/28/2020,Montgomery,2,202,218,20117,36057,1
7181,08/29/2020,Montgomery,0,202,217,20334,36057,2
7182,08/30/2020,Montgomery,4,206,293,20627,36057,1
7183,08/31/2020,Montgomery,1,207,326,20953,36057,2
7184,09/01/2020,Montgomery,1,208,65,21018,36057,1
7185,09/02/2020,Montgomery,3,211,158,21176,36057,1
7186,09/03/2020,Montgomery,1,212,242,21418,36057,2
7187,09/04/2020,Montgomery,2,214,222,21640,36057,1
7188,09/05/2020,Montgomery,1,215,213,21853,36057,1
7189,09/06/2020,Montgomery,0,215,169,22022,36057,0
7190,09/07/2020,Montgomery,0,215,163,22185,36057,0
7191,09/08/2020,Montgomery,0,215,75,22260,36057,0
7192,09/09/2020,Montgomery,0,215,137,22397,36057,0
7193,09/10/2020,Montgomery,2,217,276,22673,36057,1
7194,09/11/2020,Montgomery,1,218,259,22932,36057,1
7195,09/12/2020,Montgomery,0,218,260,23192,36057,0
7196,09/13/2020,Montgomery,0,218,322,23514,36057,0
7197,09/14/2020,Montgomery,0,218,169,23683,36057,0
7198,09/15/2020,Montgomery,0,218,190,23873,36057,0
7199,09/16/2020,Montgomery,1,219,177,24050,36057,0
7200,09/17/2020,Montgomery,0,219,213,24263,36057,1
7201,09/18/2020,Montgomery,4,223,244,24507,36057,2
7202,09/19/2020,Montgomery,4,227,287,24794,36057,2
7203,09/20/2020,Montgomery,0,227,254,25048,36057,2
7204,09/21/2020,Montgomery,2,229,434,25482,36057,1
7205,09/22/2020,Montgomery,1,230,86,25568,36057,1
7206,09/23/2020,Montgomery,2,232,155,25723,36057,1
7207,09/24/2020,Montgomery,0,232,251,25974,36057,0
7208,09/25/2020,Montgomery,0,232,159,26133,36057,0
7209,09/26/2020,Montgomery,0,232,144,26277,36057,0
7210,09/27/2020,Montgomery,0,232,70,26347,36057,0
7211,09/28/2020,Montgomery,2,234,217,26564,36057,1
7212,09/29/2020,Montgomery,1,235,75,26639,36057,1
7213,09/30/2020,Montgomery,0,235,100,26739,36057,0
7214,10/01/2020,Montgomery,1,236,272,27011,36057,0
7215,10/02/2020,Montgomery,1,237,354,27365,36057,1
7216,10/03/2020,Montgomery,1,238,310,27675,36057,0
7217,10/04/2020,Montgomery,0,238,214,27889,36057,1
7218,10/05/2020,Montgomery,3,241,180,28069,36057,1
7219,10/06/2020,Montgomery,0,241,71,28140,36057,1
7220,10/07/2020,Montgomery,1,242,300,28440,36057,1
7221,10/08/2020,Montgomery,2,244,289,28729,36057,1
7222,10/09/2020,Montgomery,1,245,300,29029,36057,1
7223,10/10/2020,Montgomery,0,245,173,29202,36057,0
7224,10/11/2020,Montgomery,0,245,269,29471,36057,1
7225,10/12/2020,Montgomery,4,249,149,29620,36057,1
7226,10/13/2020,Montgomery,0,249,65,29685,36057,1
7227,10/14/2020,Montgomery,1,250,299,29984,36057,1
7228,10/15/2020,Montgomery,2,252,403,30387,36057,1
7229,10/16/2020,Montgomery,2,254,269,30656,36057,1
7230,10/17/2020,Montgomery,0,254,223,30879,36057,1
7231,10/18/2020,Montgomery,1,255,216,31095,36057,0
7232,10/19/2020,Montgomery,1,256,142,31237,36057,1
7233,10/20/2020,Montgomery,1,257,111,31348,36057,1
7234,10/21/2020,Montgomery,2,259,206,31554,36057,1
7235,10/22/2020,Montgomery,2,261,211,31765,36057,1
7236,10/23/2020,Montgomery,0,261,328,32093,36057,0
7237,10/24/2020,Montgomery,0,261,239,32332,36057,0
7238,10/25/2020,Montgomery,1,262,190,32522,36057,1
7239,10/26/2020,Montgomery,4,266,99,32621,36057,2
7240,10/27/2020,Montgomery,2,268,118,32739,36057,2
7241,10/28/2020,Montgomery,2,270,372,33111,36057,2
7242,10/29/2020,Montgomery,2,272,360,33471,36057,1
7243,10/30/2020,Montgomery,1,273,422,33893,36057,1
7244,10/31/2020,Montgomery,0,273,220,34113,36057,1
7245,11/01/2020,Montgomery,3,276,147,34260,36057,2
7246,11/02/2020,Montgomery,5,281,196,34456,36057,3
7247,11/03/2020,Montgomery,2,283,93,34549,36057,2
7248,11/04/2020,Montgomery,0,283,242,34791,36057,3
7249,11/05/2020,Montgomery,9,292,318,35109,36057,3
7250,03/01/2020,Nassau,0,0,0,0,36059,0
7251,03/02/2020,Nassau,0,0,0,0,36059,0
7252,03/03/2020,Nassau,0,0,0,0,36059,0
7253,03/04/2020,Nassau,0,0,0,0,36059,0
7254,03/05/2020,Nassau,1,1,1,1,36059,1
7255,03/06/2020,Nassau,3,4,10,11,36059,2
7256,03/07/2020,Nassau,2,6,5,16,36059,3
7257,03/08/2020,Nassau,4,10,11,27,36059,3
7258,03/09/2020,Nassau,4,14,15,42,36059,4
7259,03/10/2020,Nassau,6,20,22,64,36059,7
7260,03/11/2020,Nassau,11,31,58,122,36059,10
7261,03/12/2020,Nassau,14,45,86,208,36059,14
7262,03/13/2020,Nassau,19,64,100,308,36059,17
7263,03/14/2020,Nassau,20,84,82,390,36059,20
7264,03/15/2020,Nassau,23,107,109,499,36059,22
7265,03/16/2020,Nassau,24,131,112,611,36059,33
7266,03/17/2020,Nassau,52,183,218,829,36059,87
7267,03/18/2020,Nassau,186,369,632,1461,36059,207
7268,03/19/2020,Nassau,385,754,1036,2497,36059,350
7269,03/20/2020,Nassau,479,1233,1706,4203,36059,510
7270,03/21/2020,Nassau,667,1900,1968,6171,36059,562
7271,03/22/2020,Nassau,542,2442,1323,7494,36059,545
7272,03/23/2020,Nassau,427,2869,993,8487,36059,461
7273,03/24/2020,Nassau,416,3285,896,9383,36059,490
7274,03/25/2020,Nassau,629,3914,1735,11118,36059,596
7275,03/26/2020,Nassau,743,4657,1412,12530,36059,750
7276,03/27/2020,Nassau,880,5537,1827,14357,36059,843
7277,03/28/2020,Nassau,908,6445,2107,16464,36059,895
7278,03/29/2020,Nassau,899,7344,1830,18294,36059,1002
7279,03/30/2020,Nassau,1200,8544,2261,20555,36059,1036
7280,03/31/2020,Nassau,1010,9554,1845,22400,36059,1081
7281,04/01/2020,Nassau,1033,10587,1908,24308,36059,1160
7282,04/02/2020,Nassau,1437,12024,2663,26971,36059,1264
7283,04/03/2020,Nassau,1322,13346,2694,29665,36059,1270
7284,04/04/2020,Nassau,1052,14398,2195,31860,36059,1197
7285,04/05/2020,Nassau,1218,15616,2363,34223,36059,1088
7286,04/06/2020,Nassau,994,16610,2097,36320,36059,1383
7287,04/07/2020,Nassau,1938,18548,4179,40499,36059,1508
7288,04/08/2020,Nassau,1592,20140,3598,44097,36059,1634
7289,04/09/2020,Nassau,1372,21512,3021,47118,36059,1345
7290,04/10/2020,Nassau,1072,22584,2527,49645,36059,1137
7291,04/11/2020,Nassau,969,23553,2307,51952,36059,948
7292,04/12/2020,Nassau,805,24358,2072,54024,36059,888
7293,04/13/2020,Nassau,892,25250,2283,56307,36059,1054
7294,04/14/2020,Nassau,1465,26715,3155,59462,36059,1138
7295,04/15/2020,Nassau,1057,27772,2814,62276,36059,1096
7296,04/16/2020,Nassau,767,28539,2386,64662,36059,821
7297,04/17/2020,Nassau,641,29180,1973,66635,36059,747
7298,04/18/2020,Nassau,833,30013,2658,69293,36059,712
7299,04/19/2020,Nassau,664,30677,2196,71489,36059,633
7300,04/20/2020,Nassau,402,31079,1385,72874,36059,514
7301,04/21/2020,Nassau,476,31555,1697,74571,36059,482
7302,04/22/2020,Nassau,569,32124,1980,76551,36059,562
7303,04/23/2020,Nassau,641,32765,2787,79338,36059,747
7304,04/24/2020,Nassau,1033,33798,4225,83563,36059,799
7305,04/25/2020,Nassau,724,34522,3334,86897,36059,700
7306,04/26/2020,Nassau,343,34865,1871,88768,36059,429
7307,04/27/2020,Nassau,220,35085,1499,90267,36059,327
7308,04/28/2020,Nassau,420,35505,2509,92776,36059,329
7309,04/29/2020,Nassau,349,35854,2424,95200,36059,358
7310,04/30/2020,Nassau,307,36161,2108,97308,36059,338
7311,05/01/2020,Nassau,358,36519,2384,99692,36059,308
7312,05/02/2020,Nassau,261,36780,2194,101886,36059,268
7313,05/03/2020,Nassau,185,36965,1736,103622,36059,211
7314,05/04/2020,Nassau,187,37152,1822,105444,36059,190
7315,05/05/2020,Nassau,198,37350,1765,107209,36059,209
7316,05/06/2020,Nassau,243,37593,2658,109867,36059,220
7317,05/07/2020,Nassau,219,37812,2050,111917,36059,226
7318,05/08/2020,Nassau,216,38028,2390,114307,36059,208
7319,05/09/2020,Nassau,189,38217,2260,116567,36059,175
7320,05/10/2020,Nassau,120,38337,1756,118323,36059,135
7321,05/11/2020,Nassau,97,38434,1558,119881,36059,123
7322,05/12/2020,Nassau,153,38587,2374,122255,36059,135
7323,05/13/2020,Nassau,156,38743,2633,124888,36059,143
7324,05/14/2020,Nassau,121,38864,2363,127251,36059,148
7325,05/15/2020,Nassau,169,39033,2478,129729,36059,131
7326,05/16/2020,Nassau,103,39136,2020,131749,36059,120
7327,05/17/2020,Nassau,89,39225,1749,133498,36059,87
7328,05/18/2020,Nassau,70,39295,1635,135133,36059,77
7329,05/19/2020,Nassau,73,39368,2281,137414,36059,87
7330,05/20/2020,Nassau,119,39487,3112,140526,36059,104
7331,05/21/2020,Nassau,121,39608,3097,143623,36059,119
7332,05/22/2020,Nassau,118,39726,4188,147811,36059,116
7333,05/23/2020,Nassau,111,39837,3739,151550,36059,99
7334,05/24/2020,Nassau,70,39907,2891,154441,36059,82
7335,05/25/2020,Nassau,67,39974,2269,156710,36059,65
7336,05/26/2020,Nassau,60,40034,2390,159100,36059,77
7337,05/27/2020,Nassau,106,40140,4664,163764,36059,84
7338,05/28/2020,Nassau,86,40226,4760,168524,36059,91
7339,05/29/2020,Nassau,81,40307,4710,173234,36059,85
7340,05/30/2020,Nassau,89,40396,4112,177346,36059,84
7341,05/31/2020,Nassau,83,40479,3878,181224,36059,88
7342,06/01/2020,Nassau,93,40572,3851,185075,36059,82
7343,06/02/2020,Nassau,72,40644,4433,189508,36059,78
7344,06/03/2020,Nassau,69,40713,5104,194612,36059,75
7345,06/04/2020,Nassau,84,40797,5177,199789,36059,69
7346,06/05/2020,Nassau,56,40853,5533,205322,36059,63
7347,06/06/2020,Nassau,51,40904,4119,209441,36059,50
7348,06/07/2020,Nassau,43,40947,4033,213474,36059,42
7349,06/08/2020,Nassau,33,40980,3159,216633,36059,37
7350,06/09/2020,Nassau,35,41015,4210,220843,36059,37
7351,06/10/2020,Nassau,45,41060,4869,225712,36059,44
7352,06/11/2020,Nassau,54,41114,4796,230508,36059,52
7353,06/12/2020,Nassau,58,41172,5228,235736,36059,48
7354,06/13/2020,Nassau,32,41204,4039,239775,36059,42
7355,06/14/2020,Nassau,36,41240,3939,243714,36059,39
7356,06/15/2020,Nassau,50,41290,4585,248299,36059,38
7357,06/16/2020,Nassau,30,41320,4270,252569,36059,36
7358,06/17/2020,Nassau,29,41349,5054,257623,36059,32
7359,06/18/2020,Nassau,38,41387,5646,263269,36059,41
7360,06/19/2020,Nassau,56,41443,4698,267967,36059,43
7361,06/20/2020,Nassau,36,41479,5000,272967,36059,42
7362,06/21/2020,Nassau,34,41513,4104,277071,36059,33
7363,06/22/2020,Nassau,31,41544,3374,280445,36059,35
7364,06/23/2020,Nassau,41,41585,3983,284428,36059,44
7365,06/24/2020,Nassau,61,41646,5618,290046,36059,46
7366,06/25/2020,Nassau,38,41684,3867,293913,36059,46
7367,06/26/2020,Nassau,41,41725,5282,299195,36059,36
7368,06/27/2020,Nassau,29,41754,5255,304450,36059,32
7369,06/28/2020,Nassau,26,41780,3856,308306,36059,27
7370,06/29/2020,Nassau,27,41807,3478,311784,36059,33
7371,06/30/2020,Nassau,46,41853,3842,315626,36059,43
7372,07/01/2020,Nassau,57,41910,5297,320923,36059,46
7373,07/02/2020,Nassau,37,41947,4562,325485,36059,45
7374,07/03/2020,Nassau,41,41988,4709,330194,36059,40
7375,07/04/2020,Nassau,43,42031,6290,336484,36059,35
7376,07/05/2020,Nassau,22,42053,3801,340285,36059,33
7377,07/06/2020,Nassau,35,42088,4066,344351,36059,30
7378,07/07/2020,Nassau,34,42122,3792,348143,36059,37
7379,07/08/2020,Nassau,42,42164,5038,353181,36059,48
7380,07/09/2020,Nassau,68,42232,6711,359892,36059,48
7381,07/10/2020,Nassau,35,42267,5718,365610,36059,47
7382,07/11/2020,Nassau,40,42307,5168,370778,36059,40
7383,07/12/2020,Nassau,47,42354,4319,375097,36059,52
7384,07/13/2020,Nassau,69,42423,3898,378995,36059,51
7385,07/14/2020,Nassau,39,42462,4295,383290,36059,50
7386,07/15/2020,Nassau,44,42506,5979,389269,36059,44
7387,07/16/2020,Nassau,49,42555,5567,394836,36059,44
7388,07/17/2020,Nassau,39,42594,4695,399531,36059,38
7389,07/18/2020,Nassau,28,42622,3006,402537,36059,41
7390,07/19/2020,Nassau,56,42678,3987,406524,36059,45
7391,07/20/2020,Nassau,51,42729,4724,411248,36059,47
7392,07/21/2020,Nassau,36,42765,3991,415239,36059,46
7393,07/22/2020,Nassau,51,42816,4594,419833,36059,43
7394,07/23/2020,Nassau,44,42860,5798,425631,36059,50
7395,07/24/2020,Nassau,55,42915,5712,431343,36059,48
7396,07/25/2020,Nassau,45,42960,3752,435095,36059,52
7397,07/26/2020,Nassau,57,43017,4176,439271,36059,48
7398,07/27/2020,Nassau,42,43059,4208,443479,36059,46
7399,07/28/2020,Nassau,41,43100,4616,448095,36059,47
7400,07/29/2020,Nassau,58,43158,5731,453826,36059,48
7401,07/30/2020,Nassau,45,43203,5138,458964,36059,57
7402,07/31/2020,Nassau,68,43271,7106,466070,36059,54
7403,08/01/2020,Nassau,51,43322,4727,470797,36059,59
7404,08/02/2020,Nassau,58,43380,3808,474605,36059,55
7405,08/03/2020,Nassau,56,43436,4606,479211,36059,53
7406,08/04/2020,Nassau,46,43482,5492,484703,36059,51
7407,08/05/2020,Nassau,52,43534,5304,490007,36059,48
7408,08/06/2020,Nassau,46,43580,5019,495026,36059,48
7409,08/07/2020,Nassau,48,43628,6525,501551,36059,40
7410,08/08/2020,Nassau,27,43655,5314,506865,36059,36
7411,08/09/2020,Nassau,35,43690,3823,510688,36059,32
7412,08/10/2020,Nassau,34,43724,5273,515961,36059,35
7413,08/11/2020,Nassau,37,43761,5160,521121,36059,35
7414,08/12/2020,Nassau,34,43795,5534,526655,36059,38
7415,08/13/2020,Nassau,45,43840,6693,533348,36059,43
7416,08/14/2020,Nassau,51,43891,6389,539737,36059,44
7417,08/15/2020,Nassau,38,43929,5833,545570,36059,38
7418,08/16/2020,Nassau,26,43955,4425,549995,36059,36
7419,08/17/2020,Nassau,46,44001,4460,554455,36059,44
7420,08/18/2020,Nassau,62,44063,7861,562316,36059,52
7421,08/19/2020,Nassau,49,44112,5928,568244,36059,53
7422,08/20/2020,Nassau,50,44162,7190,575434,36059,47
7423,08/21/2020,Nassau,43,44205,6974,582408,36059,44
7424,08/22/2020,Nassau,40,44245,5082,587490,36059,40
7425,08/23/2020,Nassau,39,44284,4386,591876,36059,47
7426,08/24/2020,Nassau,64,44348,5565,597441,36059,52
7427,08/25/2020,Nassau,55,44403,5589,603030,36059,55
7428,08/26/2020,Nassau,47,44450,6294,609324,36059,51
7429,08/27/2020,Nassau,53,44503,9814,619138,36059,50
7430,08/28/2020,Nassau,51,44554,6780,625918,36059,53
7431,08/29/2020,Nassau,56,44610,6719,632637,36059,58
7432,08/30/2020,Nassau,67,44677,5442,638079,36059,69
7433,08/31/2020,Nassau,84,44761,7238,645317,36059,78
7434,09/01/2020,Nassau,84,44845,10917,656234,36059,82
7435,09/02/2020,Nassau,79,44924,6522,662756,36059,82
7436,09/03/2020,Nassau,84,45008,7265,670021,36059,90
7437,09/04/2020,Nassau,107,45115,6642,676663,36059,89
7438,09/05/2020,Nassau,78,45193,6573,683236,36059,73
7439,09/06/2020,Nassau,36,45229,4189,687425,36059,59
7440,09/07/2020,Nassau,65,45294,4216,691641,36059,59
7441,09/08/2020,Nassau,78,45372,4238,695879,36059,72
7442,09/09/2020,Nassau,73,45445,6033,701912,36059,85
7443,09/10/2020,Nassau,105,45550,7023,708935,36059,87
7444,09/11/2020,Nassau,83,45633,5742,714677,36059,88
7445,09/12/2020,Nassau,78,45711,5780,720457,36059,71
7446,09/13/2020,Nassau,52,45763,4258,724715,36059,69
7447,09/14/2020,Nassau,77,45840,6928,731643,36059,65
7448,09/15/2020,Nassau,66,45906,4810,736453,36059,75
7449,09/16/2020,Nassau,83,45989,6284,742737,36059,70
7450,09/17/2020,Nassau,63,46052,6037,748774,36059,82
7451,09/18/2020,Nassau,102,46154,8330,757104,36059,76
7452,09/19/2020,Nassau,64,46218,6759,763863,36059,69
7453,09/20/2020,Nassau,41,46259,4905,768768,36059,57
7454,09/21/2020,Nassau,66,46325,6020,774788,36059,56
7455,09/22/2020,Nassau,63,46388,4360,779148,36059,58
7456,09/23/2020,Nassau,46,46434,5634,784782,36059,60
7457,09/24/2020,Nassau,71,46505,6406,791188,36059,62
7458,09/25/2020,Nassau,71,46576,6733,797921,36059,69
7459,09/26/2020,Nassau,67,46643,5975,803896,36059,68
7460,09/27/2020,Nassau,68,46711,4043,807939,36059,71
7461,09/28/2020,Nassau,80,46791,5621,813560,36059,71
7462,09/29/2020,Nassau,66,46857,4876,818436,36059,72
7463,09/30/2020,Nassau,72,46929,5967,824403,36059,81
7464,10/01/2020,Nassau,105,47034,7917,832320,36059,103
7465,10/02/2020,Nassau,133,47167,9841,842161,36059,105
7466,10/03/2020,Nassau,79,47246,7752,849913,36059,89
7467,10/04/2020,Nassau,56,47302,5954,855867,36059,75
7468,10/05/2020,Nassau,90,47392,7585,863452,36059,90
7469,10/06/2020,Nassau,124,47516,7817,871269,36059,118
7470,10/07/2020,Nassau,140,47656,11919,883188,36059,114
7471,10/08/2020,Nassau,80,47736,8320,891508,36059,108
7472,10/09/2020,Nassau,105,47841,8925,900433,36059,92
7473,10/10/2020,Nassau,92,47933,8397,908830,36059,87
7474,10/11/2020,Nassau,65,47998,5181,914011,36059,86
7475,10/12/2020,Nassau,101,48099,7833,921844,36059,83
7476,10/13/2020,Nassau,85,48184,7559,929403,36059,91
7477,10/14/2020,Nassau,88,48272,7980,937383,36059,92
7478,10/15/2020,Nassau,105,48377,9485,946868,36059,103
7479,10/16/2020,Nassau,117,48494,11691,958559,36059,108
7480,10/17/2020,Nassau,102,48596,9050,967609,36059,93
7481,10/18/2020,Nassau,61,48657,5522,973131,36059,79
7482,10/19/2020,Nassau,74,48731,6934,980065,36059,89
7483,10/20/2020,Nassau,133,48864,7970,988035,36059,94
7484,10/21/2020,Nassau,77,48941,7088,995123,36059,103
7485,10/22/2020,Nassau,101,49042,8982,1004105,36059,113
7486,10/23/2020,Nassau,161,49203,10153,1014258,36059,123
7487,10/24/2020,Nassau,109,49312,8299,1022557,36059,111
7488,10/25/2020,Nassau,65,49377,5041,1027598,36059,97
7489,10/26/2020,Nassau,119,49496,8086,1035684,36059,117
7490,10/27/2020,Nassau,167,49663,8517,1044201,36059,154
7491,10/28/2020,Nassau,178,49841,11971,1056172,36059,170
7492,10/29/2020,Nassau,166,50007,10195,1066367,36059,163
7493,10/30/2020,Nassau,146,50153,9758,1076125,36059,151
7494,10/31/2020,Nassau,141,50294,9981,1086106,36059,133
7495,11/01/2020,Nassau,113,50407,7240,1093346,36059,149
7496,11/02/2020,Nassau,195,50602,10365,1103711,36059,136
7497,11/03/2020,Nassau,100,50702,7707,1111418,36059,170
7498,11/04/2020,Nassau,216,50918,9862,1121280,36059,187
7499,11/05/2020,Nassau,246,51164,11881,1133161,36059,154
7500,03/01/2020,New York,0,0,0,0,36061,0
7501,03/02/2020,New York,0,0,0,0,36061,0
7502,03/03/2020,New York,0,0,3,3,36061,0
7503,03/04/2020,New York,1,1,4,7,36061,0
7504,03/05/2020,New York,1,2,18,25,36061,1
7505,03/06/2020,New York,3,5,14,39,36061,1
7506,03/07/2020,New York,0,5,22,61,36061,1
7507,03/08/2020,New York,0,5,24,85,36061,2
7508,03/09/2020,New York,7,12,47,132,36061,6
7509,03/10/2020,New York,12,24,78,210,36061,7
7510,03/11/2020,New York,3,27,70,280,36061,11
7511,03/12/2020,New York,18,45,186,466,36061,20
7512,03/13/2020,New York,39,84,268,734,36061,28
7513,03/14/2020,New York,28,112,193,927,36061,42
7514,03/15/2020,New York,60,172,317,1244,36061,52
7515,03/16/2020,New York,69,241,398,1642,36061,96
7516,03/17/2020,New York,161,402,598,2240,36061,188
7517,03/18/2020,New York,335,737,1074,3314,36061,311
7518,03/19/2020,New York,437,1174,1235,4549,36061,380
7519,03/20/2020,New York,370,1544,1263,5812,36061,443
7520,03/21/2020,New York,522,2066,1370,7182,36061,499
7521,03/22/2020,New York,607,2673,1367,8549,36061,511
7522,03/23/2020,New York,405,3078,990,9539,36061,484
7523,03/24/2020,New York,442,3520,1065,10604,36061,463
7524,03/25/2020,New York,542,4062,1232,11836,36061,502
7525,03/26/2020,New York,523,4585,1062,12898,36061,565
7526,03/27/2020,New York,631,5216,1314,14212,36061,581
7527,03/28/2020,New York,590,5806,1160,15372,36061,547
7528,03/29/2020,New York,422,6228,788,16160,36061,553
7529,03/30/2020,New York,648,6876,1422,17582,36061,522
7530,03/31/2020,New York,497,7373,1015,18597,36061,538
7531,04/01/2020,New York,470,7843,1002,19599,36061,525
7532,04/02/2020,New York,609,8452,1294,20893,36061,642
7533,04/03/2020,New York,848,9300,1820,22713,36061,685
7534,04/04/2020,New York,598,9898,1278,23991,36061,662
7535,04/05/2020,New York,542,10440,1162,25153,36061,570
7536,04/06/2020,New York,572,11012,1249,26402,36061,535
7537,04/07/2020,New York,492,11504,1257,27659,36061,555
7538,04/08/2020,New York,602,12106,1424,29083,36061,570
7539,04/09/2020,New York,616,12722,1659,30742,36061,644
7540,04/10/2020,New York,715,13437,1685,32427,36061,679
7541,04/11/2020,New York,708,14145,1783,34210,36061,593
7542,04/12/2020,New York,356,14501,1033,35243,36061,481
7543,04/13/2020,New York,379,14880,1206,36449,36061,824
7544,04/14/2020,New York,1737,16617,4068,40517,36061,863
7545,04/15/2020,New York,474,17091,1533,42050,36061,870
7546,04/16/2020,New York,399,17490,1476,43526,36061,438
7547,04/17/2020,New York,442,17932,1585,45111,36061,376
7548,04/18/2020,New York,288,18220,1093,46204,36061,326
7549,04/19/2020,New York,248,18468,954,47158,36061,255
7550,04/20/2020,New York,231,18699,1099,48257,36061,268
7551,04/21/2020,New York,326,19025,1430,49687,36061,293
7552,04/22/2020,New York,323,19348,1581,51268,36061,385
7553,04/23/2020,New York,506,19854,2654,53922,36061,418
7554,04/24/2020,New York,426,20280,2110,56032,36061,475
7555,04/25/2020,New York,493,20773,2354,58386,36061,414
7556,04/26/2020,New York,324,21097,2007,60393,36061,344
7557,04/27/2020,New York,215,21312,1650,62043,36061,277
7558,04/28/2020,New York,292,21604,2260,64303,36061,274
7559,04/29/2020,New York,316,21920,2299,66602,36061,287
7560,04/30/2020,New York,255,22175,2205,68807,36061,297
7561,05/01/2020,New York,321,22496,2606,71413,36061,273
7562,05/02/2020,New York,245,22741,2214,73627,36061,241
7563,05/03/2020,New York,159,22900,1524,75151,36061,186
7564,05/04/2020,New York,154,23054,2246,77397,36061,172
7565,05/05/2020,New York,203,23257,2499,79896,36061,209
7566,05/06/2020,New York,272,23529,2966,82862,36061,225
7567,05/07/2020,New York,201,23730,3036,85898,36061,208
7568,05/08/2020,New York,151,23881,2633,88531,36061,149
7569,05/09/2020,New York,96,23977,2336,90867,36061,110
7570,05/10/2020,New York,85,24062,1496,92363,36061,103
7571,05/11/2020,New York,129,24191,1984,94347,36061,123
7572,05/12/2020,New York,157,24348,2825,97172,36061,154
7573,05/13/2020,New York,177,24525,3697,100869,36061,213
7574,05/14/2020,New York,307,24832,3933,104802,36061,211
7575,05/15/2020,New York,150,24982,3469,108271,36061,201
7576,05/16/2020,New York,148,25130,3096,111367,36061,128
7577,05/17/2020,New York,86,25216,2019,113386,36061,103
7578,05/18/2020,New York,77,25293,2830,116216,36061,87
7579,05/19/2020,New York,98,25391,3685,119901,36061,102
7580,05/20/2020,New York,131,25522,4219,124120,36061,126
7581,05/21/2020,New York,150,25672,4363,128483,36061,138
7582,05/22/2020,New York,134,25806,4582,133065,36061,129
7583,05/23/2020,New York,103,25909,4187,137252,36061,112
7584,05/24/2020,New York,100,26009,3356,140608,36061,95
7585,05/25/2020,New York,83,26092,3635,144243,36061,101
7586,05/26/2020,New York,121,26213,3599,147842,36061,112
7587,05/27/2020,New York,134,26347,6888,154730,36061,129
7588,05/28/2020,New York,133,26480,7418,162148,36061,121
7589,05/29/2020,New York,96,26576,5678,167826,36061,102
7590,05/30/2020,New York,77,26653,4425,172251,36061,80
7591,05/31/2020,New York,68,26721,4385,176636,36061,79
7592,06/01/2020,New York,93,26814,5161,181797,36061,77
7593,06/02/2020,New York,72,26886,4211,186008,36061,82
7594,06/03/2020,New York,82,26968,4377,190385,36061,74
7595,06/04/2020,New York,69,27037,4416,194801,36061,78
7596,06/05/2020,New York,85,27122,5322,200123,36061,70
7597,06/06/2020,New York,56,27178,4711,204834,36061,60
7598,06/07/2020,New York,39,27217,4045,208879,36061,45
7599,06/08/2020,New York,41,27258,3953,212832,36061,48
7600,06/09/2020,New York,66,27324,5433,218265,36061,55
7601,06/10/2020,New York,60,27384,4991,223256,36061,64
7602,06/11/2020,New York,68,27452,5660,228916,36061,68
7603,06/12/2020,New York,77,27529,6296,235212,36061,63
7604,06/13/2020,New York,44,27573,5525,240737,36061,58
7605,06/14/2020,New York,54,27627,6036,246773,36061,49
7606,06/15/2020,New York,50,27677,6158,252931,36061,45
7607,06/16/2020,New York,31,27708,5830,258761,36061,44
7608,06/17/2020,New York,52,27760,6701,265462,36061,49
7609,06/18/2020,New York,64,27824,7866,273328,36061,61
7610,06/19/2020,New York,67,27891,7972,281300,36061,68
7611,06/20/2020,New York,75,27966,7602,288902,36061,64
7612,06/21/2020,New York,51,28017,4871,293773,36061,61
7613,06/22/2020,New York,58,28075,4887,298660,36061,55
7614,06/23/2020,New York,57,28132,4933,303593,36061,58
7615,06/24/2020,New York,60,28192,6494,310087,36061,58
7616,06/25/2020,New York,58,28250,6504,316591,36061,66
7617,06/26/2020,New York,81,28331,8749,325340,36061,62
7618,06/27/2020,New York,49,28380,5886,331226,36061,50
7619,06/28/2020,New York,21,28401,4009,335235,36061,38
7620,06/29/2020,New York,46,28447,5287,340522,36061,46
7621,06/30/2020,New York,71,28518,6206,346728,36061,65
7622,07/01/2020,New York,78,28596,7185,353913,36061,83
7623,07/02/2020,New York,102,28698,7062,360975,36061,80
7624,07/03/2020,New York,62,28760,6201,367176,36061,69
7625,07/04/2020,New York,44,28804,5736,372912,36061,57
7626,07/05/2020,New York,66,28870,7734,380646,36061,53
7627,07/06/2020,New York,50,28920,6251,386897,36061,56
7628,07/07/2020,New York,53,28973,6976,393873,36061,53
7629,07/08/2020,New York,56,29029,6504,400377,36061,63
7630,07/09/2020,New York,80,29109,8363,408740,36061,64
7631,07/10/2020,New York,56,29165,8216,416956,36061,69
7632,07/11/2020,New York,72,29237,6860,423816,36061,64
7633,07/12/2020,New York,65,29302,5419,429235,36061,66
7634,07/13/2020,New York,61,29363,5426,434661,36061,68
7635,07/14/2020,New York,79,29442,6910,441571,36061,71
7636,07/15/2020,New York,74,29516,7547,449118,36061,75
7637,07/16/2020,New York,74,29590,8266,457384,36061,77
7638,07/17/2020,New York,85,29675,7329,464713,36061,71
7639,07/18/2020,New York,56,29731,5436,470149,36061,68
7640,07/19/2020,New York,65,29796,5935,476084,36061,64
7641,07/20/2020,New York,71,29867,6705,482789,36061,70
7642,07/21/2020,New York,76,29943,7540,490329,36061,79
7643,07/22/2020,New York,90,30033,7521,497850,36061,76
7644,07/23/2020,New York,64,30097,7406,505256,36061,72
7645,07/24/2020,New York,64,30161,7262,512518,36061,53
7646,07/25/2020,New York,32,30193,4957,517475,36061,51
7647,07/26/2020,New York,57,30250,5377,522852,36061,39
7648,07/27/2020,New York,30,30280,5657,528509,36061,45
7649,07/28/2020,New York,49,30329,6548,535057,36061,49
7650,07/29/2020,New York,70,30399,7387,542444,36061,59
7651,07/30/2020,New York,59,30458,7859,550303,36061,63
7652,07/31/2020,New York,60,30518,9505,559808,36061,55
7653,08/01/2020,New York,46,30564,6825,566633,36061,54
7654,08/02/2020,New York,57,30621,6704,573337,36061,53
7655,08/03/2020,New York,56,30677,6757,580094,36061,56
7656,08/04/2020,New York,57,30734,6803,586897,36061,59
7657,08/05/2020,New York,65,30799,7634,594531,36061,60
7658,08/06/2020,New York,60,30859,7423,601954,36061,62
7659,08/07/2020,New York,62,30921,7852,609806,36061,55
7660,08/08/2020,New York,43,30964,7178,616984,36061,52
7661,08/09/2020,New York,52,31016,6513,623497,36061,50
7662,08/10/2020,New York,55,31071,6639,630136,36061,61
7663,08/11/2020,New York,76,31147,11421,641557,36061,67
7664,08/12/2020,New York,70,31217,10009,651566,36061,69
7665,08/13/2020,New York,62,31279,9097,660663,36061,65
7666,08/14/2020,New York,63,31342,10048,670711,36061,60
7667,08/15/2020,New York,56,31398,8885,679596,36061,54
7668,08/16/2020,New York,43,31441,6499,686095,36061,54
7669,08/17/2020,New York,64,31505,6304,692399,36061,47
7670,08/18/2020,New York,36,31541,7227,699626,36061,54
7671,08/19/2020,New York,62,31603,8868,708494,36061,52
7672,08/20/2020,New York,58,31661,13086,721580,36061,55
7673,08/21/2020,New York,47,31708,10873,732453,36061,49
7674,08/22/2020,New York,44,31752,8758,741211,36061,45
7675,08/23/2020,New York,44,31796,7076,748287,36061,43
7676,08/24/2020,New York,41,31837,6310,754597,36061,44
7677,08/25/2020,New York,48,31885,6958,761555,36061,46
7678,08/26/2020,New York,50,31935,8610,770165,36061,46
7679,08/27/2020,New York,42,31977,10799,780964,36061,42
7680,08/28/2020,New York,36,32013,10387,791351,36061,46
7681,08/29/2020,New York,62,32075,12710,804061,36061,47
7682,08/30/2020,New York,44,32119,8524,812585,36061,50
7683,08/31/2020,New York,46,32165,8300,820885,36061,47
7684,09/01/2020,New York,53,32218,9626,830511,36061,44
7685,09/02/2020,New York,33,32251,10431,840942,36061,48
7686,09/03/2020,New York,59,32310,11922,852864,36061,51
7687,09/04/2020,New York,62,32372,11623,864487,36061,58
7688,09/05/2020,New York,54,32426,10016,874503,36061,44
7689,09/06/2020,New York,16,32442,5522,880025,36061,29
7690,09/07/2020,New York,19,32461,5232,885257,36061,24
7691,09/08/2020,New York,39,32500,6601,891858,36061,36
7692,09/09/2020,New York,51,32551,7682,899540,36061,47
7693,09/10/2020,New York,52,32603,10273,909813,36061,47
7694,09/11/2020,New York,40,32643,11620,921433,36061,42
7695,09/12/2020,New York,34,32677,7538,928971,36061,41
7696,09/13/2020,New York,51,32728,8093,937064,36061,43
7697,09/14/2020,New York,44,32772,6557,943621,36061,52
7698,09/15/2020,New York,63,32835,8840,952461,36061,54
7699,09/16/2020,New York,57,32892,8958,961419,36061,55
7700,09/17/2020,New York,46,32938,10383,971802,36061,58
7701,09/18/2020,New York,73,33011,11603,983405,36061,59
7702,09/19/2020,New York,59,33070,10763,994168,36061,55
7703,09/20/2020,New York,35,33105,7038,1001206,36061,45
7704,09/21/2020,New York,41,33146,8274,1009480,36061,39
7705,09/22/2020,New York,41,33187,6599,1016079,36061,44
7706,09/23/2020,New York,50,33237,8567,1024646,36061,47
7707,09/24/2020,New York,50,33287,9692,1034338,36061,49
7708,09/25/2020,New York,48,33335,10299,1044637,36061,44
7709,09/26/2020,New York,36,33371,9082,1053719,36061,43
7710,09/27/2020,New York,47,33418,5700,1059419,36061,54
7711,09/28/2020,New York,79,33497,10863,1070282,36061,63
7712,09/29/2020,New York,64,33561,11148,1081430,36061,69
7713,09/30/2020,New York,65,33626,9545,1090975,36061,67
7714,10/01/2020,New York,72,33698,10456,1101431,36061,76
7715,10/02/2020,New York,93,33791,13510,1114941,36061,79
7716,10/03/2020,New York,72,33863,10817,1125758,36061,79
7717,10/04/2020,New York,72,33935,10249,1136007,36061,71
7718,10/05/2020,New York,70,34005,9469,1145476,36061,62
7719,10/06/2020,New York,46,34051,8754,1154230,36061,69
7720,10/07/2020,New York,93,34144,12926,1167156,36061,70
7721,10/08/2020,New York,73,34217,14289,1181445,36061,81
7722,10/09/2020,New York,79,34296,13048,1194493,36061,66
7723,10/10/2020,New York,46,34342,11342,1205835,36061,63
7724,10/11/2020,New York,66,34408,10326,1216161,36061,68
7725,10/12/2020,New York,93,34501,10160,1226321,36061,75
7726,10/13/2020,New York,68,34569,9044,1235365,36061,76
7727,10/14/2020,New York,68,34637,12332,1247697,36061,78
7728,10/15/2020,New York,98,34735,13546,1261243,36061,100
7729,10/16/2020,New York,136,34871,18142,1279385,36061,118
7730,10/17/2020,New York,120,34991,18831,1298216,36061,106
7731,10/18/2020,New York,63,35054,8282,1306498,36061,84
7732,10/19/2020,New York,71,35125,7273,1313771,36061,86
7733,10/20/2020,New York,124,35249,13942,1327713,36061,97
7734,10/21/2020,New York,96,35345,11839,1339552,36061,111
7735,10/22/2020,New York,114,35459,13307,1352859,36061,120
7736,10/23/2020,New York,151,35610,15257,1368116,36061,126
7737,10/24/2020,New York,113,35723,12193,1380309,36061,110
7738,10/25/2020,New York,66,35789,7380,1387689,36061,95
7739,10/26/2020,New York,108,35897,9720,1397409,36061,117
7740,10/27/2020,New York,179,36076,13877,1411286,36061,145
7741,10/28/2020,New York,148,36224,20355,1431641,36061,167
7742,10/29/2020,New York,176,36400,15072,1446713,36061,146
7743,10/30/2020,New York,115,36515,14447,1461160,36061,162
7744,10/31/2020,New York,197,36712,22188,1483348,36061,138
7745,11/01/2020,New York,102,36814,11785,1495133,36061,155
7746,11/02/2020,New York,166,36980,15443,1510576,36061,129
7747,11/03/2020,New York,120,37100,13877,1524453,36061,154
7748,11/04/2020,New York,178,37278,15464,1539917,36061,150
7749,11/05/2020,New York,152,37430,15129,1555046,36061,110
7750,03/01/2020,Niagara,0,0,0,0,36063,0
7751,03/02/2020,Niagara,0,0,0,0,36063,0
7752,03/03/2020,Niagara,0,0,0,0,36063,0
7753,03/04/2020,Niagara,0,0,0,0,36063,0
7754,03/05/2020,Niagara,0,0,0,0,36063,0
7755,03/06/2020,Niagara,0,0,0,0,36063,0
7756,03/07/2020,Niagara,0,0,0,0,36063,0
7757,03/08/2020,Niagara,0,0,1,1,36063,0
7758,03/09/2020,Niagara,0,0,0,1,36063,0
7759,03/10/2020,Niagara,0,0,0,1,36063,0
7760,03/11/2020,Niagara,0,0,1,2,36063,0
7761,03/12/2020,Niagara,0,0,1,3,36063,0
7762,03/13/2020,Niagara,0,0,0,3,36063,0
7763,03/14/2020,Niagara,0,0,1,4,36063,0
7764,03/15/2020,Niagara,0,0,0,4,36063,0
7765,03/16/2020,Niagara,0,0,1,5,36063,0
7766,03/17/2020,Niagara,0,0,1,6,36063,0
7767,03/18/2020,Niagara,1,1,10,16,36063,1
7768,03/19/2020,Niagara,2,3,4,20,36063,1
7769,03/20/2020,Niagara,1,4,6,26,36063,1
7770,03/21/2020,Niagara,2,6,9,35,36063,2
7771,03/22/2020,Niagara,4,10,38,73,36063,2
7772,03/23/2020,Niagara,1,11,15,88,36063,2
7773,03/24/2020,Niagara,1,12,16,104,36063,1
7774,03/25/2020,Niagara,2,14,10,114,36063,4
7775,03/26/2020,Niagara,9,23,55,169,36063,7
7776,03/27/2020,Niagara,10,33,57,226,36063,8
7777,03/28/2020,Niagara,5,38,18,244,36063,6
7778,03/29/2020,Niagara,3,41,6,250,36063,3
7779,03/30/2020,Niagara,1,42,15,265,36063,2
7780,03/31/2020,Niagara,4,46,13,278,36063,11
7781,04/01/2020,Niagara,30,76,89,367,36063,17
7782,04/02/2020,Niagara,18,94,61,428,36063,18
7783,04/03/2020,Niagara,7,101,47,475,36063,13
7784,04/04/2020,Niagara,15,116,54,529,36063,8
7785,04/05/2020,Niagara,4,120,44,573,36063,8
7786,04/06/2020,Niagara,6,126,44,617,36063,6
7787,04/07/2020,Niagara,8,134,39,656,36063,8
7788,04/08/2020,Niagara,12,146,53,709,36063,10
7789,04/09/2020,Niagara,10,156,79,788,36063,11
7790,04/10/2020,Niagara,11,167,46,834,36063,12
7791,04/11/2020,Niagara,16,183,62,896,36063,11
7792,04/12/2020,Niagara,6,189,29,925,36063,10
7793,04/13/2020,Niagara,8,197,48,973,36063,7
7794,04/14/2020,Niagara,7,204,57,1030,36063,9
7795,04/15/2020,Niagara,12,216,82,1112,36063,10
7796,04/16/2020,Niagara,11,227,56,1168,36063,10
7797,04/17/2020,Niagara,7,234,53,1221,36063,10
7798,04/18/2020,Niagara,12,246,69,1290,36063,9
7799,04/19/2020,Niagara,9,255,48,1338,36063,8
7800,04/20/2020,Niagara,5,260,53,1391,36063,7
7801,04/21/2020,Niagara,8,268,49,1440,36063,13
7802,04/22/2020,Niagara,27,295,195,1635,36063,24
7803,04/23/2020,Niagara,37,332,192,1827,36063,25
7804,04/24/2020,Niagara,12,344,107,1934,36063,24
7805,04/25/2020,Niagara,24,368,142,2076,36063,15
7806,04/26/2020,Niagara,10,378,95,2171,36063,14
7807,04/27/2020,Niagara,8,386,89,2260,36063,11
7808,04/28/2020,Niagara,15,401,130,2390,36063,14
7809,04/29/2020,Niagara,19,420,154,2544,36063,18
7810,04/30/2020,Niagara,20,440,239,2783,36063,18
7811,05/01/2020,Niagara,17,457,269,3052,36063,18
7812,05/02/2020,Niagara,17,474,184,3236,36063,17
7813,05/03/2020,Niagara,19,493,318,3554,36063,17
7814,05/04/2020,Niagara,15,508,198,3752,36063,25
7815,05/05/2020,Niagara,41,549,353,4105,36063,31
7816,05/06/2020,Niagara,39,588,282,4387,36063,32
7817,05/07/2020,Niagara,17,605,257,4644,36063,26
7818,05/08/2020,Niagara,22,627,273,4917,36063,18
7819,05/09/2020,Niagara,16,643,359,5276,36063,16
7820,05/10/2020,Niagara,12,655,176,5452,36063,14
7821,05/11/2020,Niagara,16,671,186,5638,36063,15
7822,05/12/2020,Niagara,19,690,343,5981,36063,18
7823,05/13/2020,Niagara,20,710,330,6311,36063,24
7824,05/14/2020,Niagara,33,743,530,6841,36063,26
7825,05/15/2020,Niagara,27,770,383,7224,36063,27
7826,05/16/2020,Niagara,22,792,421,7645,36063,25
7827,05/17/2020,Niagara,26,818,325,7970,36063,25
7828,05/18/2020,Niagara,27,845,271,8241,36063,22
7829,05/19/2020,Niagara,13,858,370,8611,36063,20
7830,05/20/2020,Niagara,22,880,540,9151,36063,17
7831,05/21/2020,Niagara,17,897,655,9806,36063,23
7832,05/22/2020,Niagara,30,927,501,10307,36063,20
7833,05/23/2020,Niagara,14,941,355,10662,36063,19
7834,05/24/2020,Niagara,14,955,501,11163,36063,12
7835,05/25/2020,Niagara,10,965,366,11529,36063,10
7836,05/26/2020,Niagara,7,972,247,11776,36063,9
7837,05/27/2020,Niagara,12,984,502,12278,36063,14
7838,05/28/2020,Niagara,24,1008,583,12861,36063,16
7839,05/29/2020,Niagara,12,1020,447,13308,36063,17
7840,05/30/2020,Niagara,17,1037,495,13803,36063,12
7841,05/31/2020,Niagara,9,1046,420,14223,36063,9
7842,06/01/2020,Niagara,2,1048,485,14708,36063,10
7843,06/02/2020,Niagara,19,1067,655,15363,36063,13
7844,06/03/2020,Niagara,18,1085,739,16102,36063,17
7845,06/04/2020,Niagara,14,1099,726,16828,36063,14
7846,06/05/2020,Niagara,10,1109,999,17827,36063,9
7847,06/06/2020,Niagara,3,1112,521,18348,36063,5
7848,06/07/2020,Niagara,4,1116,419,18767,36063,5
7849,06/08/2020,Niagara,9,1125,942,19709,36063,5
7850,06/09/2020,Niagara,4,1129,510,20219,36063,6
7851,06/10/2020,Niagara,7,1136,623,20842,36063,6
7852,06/11/2020,Niagara,7,1143,718,21560,36063,8
7853,06/12/2020,Niagara,11,1154,630,22190,36063,10
7854,06/13/2020,Niagara,12,1166,745,22935,36063,8
7855,06/14/2020,Niagara,3,1169,464,23399,36063,5
7856,06/15/2020,Niagara,2,1171,424,23823,36063,3
7857,06/16/2020,Niagara,6,1177,505,24328,36063,4
7858,06/17/2020,Niagara,6,1183,850,25178,36063,4
7859,06/18/2020,Niagara,2,1185,977,26155,36063,3
7860,06/19/2020,Niagara,3,1188,621,26776,36063,3
7861,06/20/2020,Niagara,4,1192,531,27307,36063,2
7862,06/21/2020,Niagara,1,1193,402,27709,36063,2
7863,06/22/2020,Niagara,2,1195,371,28080,36063,2
7864,06/23/2020,Niagara,4,1199,803,28883,36063,3
7865,06/24/2020,Niagara,4,1203,963,29846,36063,6
7866,06/25/2020,Niagara,10,1213,606,30452,36063,8
7867,06/26/2020,Niagara,10,1223,820,31272,36063,7
7868,06/27/2020,Niagara,3,1226,513,31785,36063,5
7869,06/28/2020,Niagara,2,1228,385,32170,36063,3
7870,06/29/2020,Niagara,6,1234,622,32792,36063,3
7871,06/30/2020,Niagara,3,1237,517,33309,36063,6
7872,07/01/2020,Niagara,11,1248,987,34296,36063,9
7873,07/02/2020,Niagara,14,1262,763,35059,36063,13
7874,07/03/2020,Niagara,15,1277,683,35742,36063,12
7875,07/04/2020,Niagara,7,1284,476,36218,36063,9
7876,07/05/2020,Niagara,6,1290,360,36578,36063,6
7877,07/06/2020,Niagara,7,1297,442,37020,36063,7
7878,07/07/2020,Niagara,10,1307,718,37738,36063,8
7879,07/08/2020,Niagara,8,1315,826,38564,36063,10
7880,07/09/2020,Niagara,12,1327,835,39399,36063,9
7881,07/10/2020,Niagara,7,1334,533,39932,36063,8
7882,07/11/2020,Niagara,6,1340,720,40652,36063,5
7883,07/12/2020,Niagara,2,1342,266,40918,36063,5
7884,07/13/2020,Niagara,9,1351,685,41603,36063,5
7885,07/14/2020,Niagara,5,1356,665,42268,36063,7
7886,07/15/2020,Niagara,8,1364,930,43198,36063,6
7887,07/16/2020,Niagara,7,1371,933,44131,36063,6
7888,07/17/2020,Niagara,4,1375,419,44550,36063,6
7889,07/18/2020,Niagara,7,1382,509,45059,36063,4
7890,07/19/2020,Niagara,2,1384,209,45268,36063,4
7891,07/20/2020,Niagara,4,1388,640,45908,36063,4
7892,07/21/2020,Niagara,7,1395,736,46644,36063,7
7893,07/22/2020,Niagara,10,1405,586,47230,36063,6
7894,07/23/2020,Niagara,3,1408,707,47937,36063,8
7895,07/24/2020,Niagara,12,1420,1234,49171,36063,5
7896,07/25/2020,Niagara,2,1422,503,49674,36063,5
7897,07/26/2020,Niagara,2,1424,335,50009,36063,1
7898,07/27/2020,Niagara,0,1424,698,50707,36063,2
7899,07/28/2020,Niagara,6,1430,543,51250,36063,3
7900,07/29/2020,Niagara,4,1434,860,52110,36063,5
7901,07/30/2020,Niagara,6,1440,515,52625,36063,4
7902,07/31/2020,Niagara,4,1444,748,53373,36063,4
7903,08/01/2020,Niagara,2,1446,519,53892,36063,3
7904,08/02/2020,Niagara,3,1449,314,54206,36063,4
7905,08/03/2020,Niagara,9,1458,996,55202,36063,6
7906,08/04/2020,Niagara,8,1466,1332,56534,36063,7
7907,08/05/2020,Niagara,4,1470,639,57173,36063,11
7908,08/06/2020,Niagara,21,1491,646,57819,36063,9
7909,08/07/2020,Niagara,3,1494,997,58816,36063,9
7910,08/08/2020,Niagara,4,1498,462,59278,36063,3
7911,08/09/2020,Niagara,2,1500,283,59561,36063,6
7912,08/10/2020,Niagara,12,1512,925,60486,36063,5
7913,08/11/2020,Niagara,2,1514,652,61138,36063,6
7914,08/12/2020,Niagara,4,1518,551,61689,36063,4
7915,08/13/2020,Niagara,6,1524,821,62510,36063,5
7916,08/14/2020,Niagara,5,1529,597,63107,36063,4
7917,08/15/2020,Niagara,3,1532,573,63680,36063,2
7918,08/16/2020,Niagara,0,1532,319,63999,36063,2
7919,08/17/2020,Niagara,3,1535,459,64458,36063,4
7920,08/18/2020,Niagara,9,1544,590,65048,36063,5
7921,08/19/2020,Niagara,3,1547,757,65805,36063,7
7922,08/20/2020,Niagara,9,1556,768,66573,36063,7
7923,08/21/2020,Niagara,10,1566,683,67256,36063,9
7924,08/22/2020,Niagara,9,1575,646,67902,36063,6
7925,08/23/2020,Niagara,1,1576,286,68188,36063,6
7926,08/24/2020,Niagara,10,1586,591,68779,36063,5
7927,08/25/2020,Niagara,4,1590,520,69299,36063,6
7928,08/26/2020,Niagara,5,1595,913,70212,36063,4
7929,08/27/2020,Niagara,5,1600,734,70946,36063,5
7930,08/28/2020,Niagara,5,1605,605,71551,36063,5
7931,08/29/2020,Niagara,7,1612,957,72508,36063,6
7932,08/30/2020,Niagara,6,1618,532,73040,36063,7
7933,08/31/2020,Niagara,8,1626,856,73896,36063,6
7934,09/01/2020,Niagara,6,1632,895,74791,36063,5
7935,09/02/2020,Niagara,3,1635,789,75580,36063,4
7936,09/03/2020,Niagara,3,1638,767,76347,36063,3
7937,09/04/2020,Niagara,5,1643,806,77153,36063,5
7938,09/05/2020,Niagara,7,1650,503,77656,36063,5
7939,09/06/2020,Niagara,4,1654,394,78050,36063,5
7940,09/07/2020,Niagara,5,1659,547,78597,36063,4
7941,09/08/2020,Niagara,4,1663,502,79099,36063,4
7942,09/09/2020,Niagara,3,1666,637,79736,36063,4
7943,09/10/2020,Niagara,5,1671,724,80460,36063,5
7944,09/11/2020,Niagara,7,1678,743,81203,36063,6
7945,09/12/2020,Niagara,7,1685,585,81788,36063,6
7946,09/13/2020,Niagara,4,1689,420,82208,36063,5
7947,09/14/2020,Niagara,4,1693,679,82887,36063,3
7948,09/15/2020,Niagara,1,1694,445,83332,36063,4
7949,09/16/2020,Niagara,9,1703,1145,84477,36063,4
7950,09/17/2020,Niagara,4,1707,486,84963,36063,6
7951,09/18/2020,Niagara,7,1714,772,85735,36063,7
7952,09/19/2020,Niagara,10,1724,1161,86896,36063,7
7953,09/20/2020,Niagara,4,1728,444,87340,36063,6
7954,09/21/2020,Niagara,5,1733,564,87904,36063,5
7955,09/22/2020,Niagara,8,1741,711,88615,36063,9
7956,09/23/2020,Niagara,15,1756,884,89499,36063,11
7957,09/24/2020,Niagara,10,1766,981,90480,36063,10
7958,09/25/2020,Niagara,7,1773,609,91089,36063,7
7959,09/26/2020,Niagara,4,1777,990,92079,36063,4
7960,09/27/2020,Niagara,3,1780,548,92627,36063,3
7961,09/28/2020,Niagara,3,1783,1727,94354,36063,3
7962,09/29/2020,Niagara,5,1788,1119,95473,36063,6
7963,09/30/2020,Niagara,11,1799,1127,96600,36063,8
7964,10/01/2020,Niagara,10,1809,1480,98080,36063,8
7965,10/02/2020,Niagara,4,1813,1139,99219,36063,9
7966,10/03/2020,Niagara,15,1828,1260,100479,36063,8
7967,10/04/2020,Niagara,6,1834,738,101217,36063,9
7968,10/05/2020,Niagara,6,1840,906,102123,36063,4
7969,10/06/2020,Niagara,2,1842,640,102763,36063,7
7970,10/07/2020,Niagara,13,1855,1305,104068,36063,10
7971,10/08/2020,Niagara,17,1872,1448,105516,36063,13
7972,10/09/2020,Niagara,10,1882,890,106406,36063,13
7973,10/10/2020,Niagara,13,1895,870,107276,36063,10
7974,10/11/2020,Niagara,7,1902,1159,108435,36063,8
7975,10/12/2020,Niagara,5,1907,495,108930,36063,5
7976,10/13/2020,Niagara,4,1911,899,109829,36063,8
7977,10/14/2020,Niagara,17,1928,1204,111033,36063,10
7978,10/15/2020,Niagara,10,1938,1440,112473,36063,11
7979,10/16/2020,Niagara,8,1946,1287,113760,36063,10
7980,10/17/2020,Niagara,12,1958,838,114598,36063,7
7981,10/18/2020,Niagara,3,1961,437,115035,36063,7
7982,10/19/2020,Niagara,7,1968,996,116031,36063,9
7983,10/20/2020,Niagara,18,1986,1095,117126,36063,12
7984,10/21/2020,Niagara,11,1997,1154,118280,36063,16
7985,10/22/2020,Niagara,19,2016,1220,119500,36063,15
7986,10/23/2020,Niagara,16,2032,1676,121176,36063,14
7987,10/24/2020,Niagara,9,2041,767,121943,36063,11
7988,10/25/2020,Niagara,9,2050,835,122778,36063,11
7989,10/26/2020,Niagara,15,2065,793,123571,36063,11
7990,10/27/2020,Niagara,10,2075,840,124411,36063,12
7991,10/28/2020,Niagara,13,2088,1043,125454,36063,14
7992,10/29/2020,Niagara,20,2108,1132,126586,36063,16
7993,10/30/2020,Niagara,16,2124,1223,127809,36063,16
7994,10/31/2020,Niagara,13,2137,882,128691,36063,15
7995,11/01/2020,Niagara,18,2155,690,129381,36063,14
7996,11/02/2020,Niagara,11,2166,1122,130503,36063,18
7997,11/03/2020,Niagara,25,2191,656,131159,36063,25
7998,11/04/2020,Niagara,40,2231,1301,132460,36063,36
7999,11/05/2020,Niagara,43,2274,1161,133621,36063,27
8000,03/01/2020,Oneida,0,0,0,0,36065,0
8001,03/02/2020,Oneida,0,0,0,0,36065,0
8002,03/03/2020,Oneida,0,0,0,0,36065,0
8003,03/04/2020,Oneida,0,0,2,2,36065,0
8004,03/05/2020,Oneida,0,0,0,2,36065,0
8005,03/06/2020,Oneida,0,0,0,2,36065,0
8006,03/07/2020,Oneida,0,0,0,2,36065,0
8007,03/08/2020,Oneida,0,0,0,2,36065,0
8008,03/09/2020,Oneida,0,0,0,2,36065,0
8009,03/10/2020,Oneida,0,0,0,2,36065,0
8010,03/11/2020,Oneida,0,0,1,3,36065,0
8011,03/12/2020,Oneida,0,0,1,4,36065,0
8012,03/13/2020,Oneida,0,0,1,5,36065,0
8013,03/14/2020,Oneida,0,0,1,6,36065,0
8014,03/15/2020,Oneida,0,0,3,9,36065,0
8015,03/16/2020,Oneida,0,0,1,10,36065,0
8016,03/17/2020,Oneida,0,0,4,14,36065,0
8017,03/18/2020,Oneida,2,2,14,28,36065,0
8018,03/19/2020,Oneida,0,2,7,35,36065,1
8019,03/20/2020,Oneida,2,4,59,94,36065,1
8020,03/21/2020,Oneida,1,5,30,124,36065,1
8021,03/22/2020,Oneida,2,7,36,160,36065,1
8022,03/23/2020,Oneida,1,8,24,184,36065,1
8023,03/24/2020,Oneida,1,9,48,232,36065,2
8024,03/25/2020,Oneida,4,13,22,254,36065,1
8025,03/26/2020,Oneida,0,13,41,295,36065,4
8026,03/27/2020,Oneida,10,23,43,338,36065,4
8027,03/28/2020,Oneida,3,26,26,364,36065,7
8028,03/29/2020,Oneida,8,34,26,390,36065,5
8029,03/30/2020,Oneida,6,40,57,447,36065,8
8030,03/31/2020,Oneida,10,50,58,505,36065,9
8031,04/01/2020,Oneida,11,61,82,587,36065,10
8032,04/02/2020,Oneida,10,71,77,664,36065,10
8033,04/03/2020,Oneida,9,80,58,722,36065,8
8034,04/04/2020,Oneida,7,87,55,777,36065,9
8035,04/05/2020,Oneida,13,100,87,864,36065,12
8036,04/06/2020,Oneida,18,118,90,954,36065,12
8037,04/07/2020,Oneida,7,125,59,1013,36065,19
8038,04/08/2020,Oneida,33,158,104,1117,36065,18
8039,04/09/2020,Oneida,14,172,85,1202,36065,18
8040,04/10/2020,Oneida,9,181,42,1244,36065,12
8041,04/11/2020,Oneida,14,195,83,1327,36065,11
8042,04/12/2020,Oneida,11,206,61,1388,36065,16
8043,04/13/2020,Oneida,23,229,100,1488,36065,17
8044,04/14/2020,Oneida,17,246,79,1567,36065,14
8045,04/15/2020,Oneida,3,249,32,1599,36065,10
8046,04/16/2020,Oneida,12,261,82,1681,36065,7
8047,04/17/2020,Oneida,7,268,85,1766,36065,8
8048,04/18/2020,Oneida,7,275,52,1818,36065,6
8049,04/19/2020,Oneida,4,279,75,1893,36065,5
8050,04/20/2020,Oneida,5,284,133,2026,36065,8
8051,04/21/2020,Oneida,17,301,117,2143,36065,12
8052,04/22/2020,Oneida,16,317,174,2317,36065,13
8053,04/23/2020,Oneida,6,323,67,2384,36065,21
8054,04/24/2020,Oneida,41,364,401,2785,36065,22
8055,04/25/2020,Oneida,20,384,112,2897,36065,24
8056,04/26/2020,Oneida,13,397,128,3025,36065,15
8057,04/27/2020,Oneida,14,411,132,3157,36065,12
8058,04/28/2020,Oneida,11,422,124,3281,36065,14
8059,04/29/2020,Oneida,17,439,145,3426,36065,13
8060,04/30/2020,Oneida,12,451,149,3575,36065,17
8061,05/01/2020,Oneida,23,474,185,3760,36065,16
8062,05/02/2020,Oneida,15,489,149,3909,36065,33
8063,05/03/2020,Oneida,61,550,241,4150,36065,33
8064,05/04/2020,Oneida,24,574,247,4397,36065,30
8065,05/05/2020,Oneida,5,579,234,4631,36065,19
8066,05/06/2020,Oneida,30,609,375,5006,36065,15
8067,05/07/2020,Oneida,11,620,323,5329,36065,19
8068,05/08/2020,Oneida,18,638,296,5625,36065,17
8069,05/09/2020,Oneida,22,660,329,5954,36065,16
8070,05/10/2020,Oneida,9,669,269,6223,36065,12
8071,05/11/2020,Oneida,7,676,161,6384,36065,8
8072,05/12/2020,Oneida,10,686,397,6781,36065,9
8073,05/13/2020,Oneida,12,698,376,7157,36065,12
8074,05/14/2020,Oneida,15,713,268,7425,36065,21
8075,05/15/2020,Oneida,38,751,342,7767,36065,20
8076,05/16/2020,Oneida,9,760,209,7976,36065,19
8077,05/17/2020,Oneida,12,772,318,8294,36065,11
8078,05/18/2020,Oneida,13,785,326,8620,36065,14
8079,05/19/2020,Oneida,17,802,775,9395,36065,15
8080,05/20/2020,Oneida,15,817,779,10174,36065,14
8081,05/21/2020,Oneida,11,828,815,10989,36065,20
8082,05/22/2020,Oneida,36,864,1305,12294,36065,20
8083,05/23/2020,Oneida,14,878,659,12953,36065,25
8084,05/24/2020,Oneida,27,905,930,13883,36065,17
8085,05/25/2020,Oneida,12,917,427,14310,36065,17
8086,05/26/2020,Oneida,12,929,488,14798,36065,18
8087,05/27/2020,Oneida,30,959,927,15725,36065,23
8088,05/28/2020,Oneida,29,988,1284,17009,36065,25
8089,05/29/2020,Oneida,18,1006,757,17766,36065,22
8090,05/30/2020,Oneida,21,1027,1108,18874,36065,16
8091,05/31/2020,Oneida,9,1036,677,19551,36065,14
8092,06/01/2020,Oneida,13,1049,613,20164,36065,10
8093,06/02/2020,Oneida,9,1058,1128,21292,36065,11
8094,06/03/2020,Oneida,11,1069,892,22184,36065,9
8095,06/04/2020,Oneida,8,1077,1050,23234,36065,23
8096,06/05/2020,Oneida,50,1127,1505,24739,36065,24
8097,06/06/2020,Oneida,16,1143,1276,26015,36065,31
8098,06/07/2020,Oneida,27,1170,1207,27222,36065,19
8099,06/08/2020,Oneida,15,1185,569,27791,36065,20
8100,06/09/2020,Oneida,18,1203,806,28597,36065,15
8101,06/10/2020,Oneida,13,1216,970,29567,36065,17
8102,06/11/2020,Oneida,21,1237,1900,31467,36065,16
8103,06/12/2020,Oneida,16,1253,1048,32515,36065,19
8104,06/13/2020,Oneida,20,1273,978,33493,36065,14
8105,06/14/2020,Oneida,7,1280,517,34010,36065,16
8106,06/15/2020,Oneida,21,1301,719,34729,36065,11
8107,06/16/2020,Oneida,6,1307,675,35404,36065,17
8108,06/17/2020,Oneida,25,1332,1218,36622,36065,18
8109,06/18/2020,Oneida,25,1357,1010,37632,36065,23
8110,06/19/2020,Oneida,21,1378,786,38418,36065,20
8111,06/20/2020,Oneida,15,1393,679,39097,36065,19
8112,06/21/2020,Oneida,23,1416,1126,40223,36065,14
8113,06/22/2020,Oneida,5,1421,558,40781,36065,17
8114,06/23/2020,Oneida,24,1445,802,41583,36065,21
8115,06/24/2020,Oneida,34,1479,1082,42665,36065,33
8116,06/25/2020,Oneida,41,1520,2025,44690,36065,34
8117,06/26/2020,Oneida,27,1547,664,45354,36065,35
8118,06/27/2020,Oneida,39,1586,926,46280,36065,32
8119,06/28/2020,Oneida,30,1616,748,47028,36065,26
8120,06/29/2020,Oneida,11,1627,626,47654,36065,18
8121,06/30/2020,Oneida,15,1642,746,48400,36065,18
8122,07/01/2020,Oneida,30,1672,1005,49405,36065,27
8123,07/02/2020,Oneida,36,1708,894,50299,36065,27
8124,07/03/2020,Oneida,17,1725,855,51154,36065,23
8125,07/04/2020,Oneida,17,1742,790,51944,36065,13
8126,07/05/2020,Oneida,7,1749,544,52488,36065,11
8127,07/06/2020,Oneida,11,1760,593,53081,36065,11
8128,07/07/2020,Oneida,16,1776,1015,54096,36065,14
8129,07/08/2020,Oneida,15,1791,1323,55419,36065,15
8130,07/09/2020,Oneida,15,1806,1226,56645,36065,14
8131,07/10/2020,Oneida,12,1818,1388,58033,36065,10
8132,07/11/2020,Oneida,5,1823,635,58668,36065,8
8133,07/12/2020,Oneida,7,1830,559,59227,36065,9
8134,07/13/2020,Oneida,17,1847,947,60174,36065,12
8135,07/14/2020,Oneida,13,1860,862,61036,36065,12
8136,07/15/2020,Oneida,8,1868,833,61869,36065,20
8137,07/16/2020,Oneida,41,1909,1177,63046,36065,25
8138,07/17/2020,Oneida,28,1937,1086,64132,36065,24
8139,07/18/2020,Oneida,3,1940,274,64406,36065,11
8140,07/19/2020,Oneida,2,1942,309,64715,36065,8
8141,07/20/2020,Oneida,20,1962,942,65657,36065,11
8142,07/21/2020,Oneida,13,1975,1016,66673,36065,12
8143,07/22/2020,Oneida,5,1980,903,67576,36065,9
8144,07/23/2020,Oneida,10,1990,1110,68686,36065,8
8145,07/24/2020,Oneida,10,2000,980,69666,36065,6
8146,07/25/2020,Oneida,0,2000,526,70192,36065,6
8147,07/26/2020,Oneida,10,2010,772,70964,36065,9
8148,07/27/2020,Oneida,18,2028,830,71794,36065,17
8149,07/28/2020,Oneida,25,2053,990,72784,36065,17
8150,07/29/2020,Oneida,9,2062,1033,73817,36065,14
8151,07/30/2020,Oneida,8,2070,609,74426,36065,9
8152,07/31/2020,Oneida,11,2081,1031,75457,36065,8
8153,08/01/2020,Oneida,6,2087,523,75980,36065,6
8154,08/02/2020,Oneida,3,2090,642,76622,36065,7
8155,08/03/2020,Oneida,13,2103,816,77438,36065,9
8156,08/04/2020,Oneida,11,2114,725,78163,36065,9
8157,08/05/2020,Oneida,3,2117,721,78884,36065,8
8158,08/06/2020,Oneida,12,2129,894,79778,36065,9
8159,08/07/2020,Oneida,13,2142,681,80459,36065,9
8160,08/08/2020,Oneida,4,2146,750,81209,36065,7
8161,08/09/2020,Oneida,4,2150,455,81664,36065,11
8162,08/10/2020,Oneida,25,2175,1194,82858,36065,11
8163,08/11/2020,Oneida,5,2180,824,83682,36065,11
8164,08/12/2020,Oneida,3,2183,960,84642,36065,4
8165,08/13/2020,Oneida,6,2189,1079,85721,36065,5
8166,08/14/2020,Oneida,6,2195,1271,86992,36065,5
8167,08/15/2020,Oneida,3,2198,978,87970,36065,4
8168,08/16/2020,Oneida,3,2201,514,88484,36065,6
8169,08/17/2020,Oneida,12,2213,746,89230,36065,6
8170,08/18/2020,Oneida,5,2218,1326,90556,36065,7
8171,08/19/2020,Oneida,4,2222,1421,91977,36065,6
8172,08/20/2020,Oneida,11,2233,1688,93665,36065,8
8173,08/21/2020,Oneida,9,2242,1667,95332,36065,7
8174,08/22/2020,Oneida,2,2244,1184,96516,36065,4
8175,08/23/2020,Oneida,1,2245,1051,97567,36065,4
8176,08/24/2020,Oneida,11,2256,915,98482,36065,5
8177,08/25/2020,Oneida,3,2259,1621,100103,36065,6
8178,08/26/2020,Oneida,5,2264,1067,101170,36065,3
8179,08/27/2020,Oneida,1,2265,2058,103228,36065,3
8180,08/28/2020,Oneida,3,2268,1563,104791,36065,2
8181,08/29/2020,Oneida,4,2272,1878,106669,36065,3
8182,08/30/2020,Oneida,2,2274,1730,108399,36065,4
8183,08/31/2020,Oneida,7,2281,1095,109494,36065,3
8184,09/01/2020,Oneida,2,2283,1486,110980,36065,4
8185,09/02/2020,Oneida,3,2286,1878,112858,36065,4
8186,09/03/2020,Oneida,9,2295,1298,114156,36065,5
8187,09/04/2020,Oneida,3,2298,1822,115978,36065,5
8188,09/05/2020,Oneida,4,2302,1716,117694,36065,3
8189,09/06/2020,Oneida,3,2305,750,118444,36065,3
8190,09/07/2020,Oneida,4,2309,610,119054,36065,4
8191,09/08/2020,Oneida,7,2316,1582,120636,36065,5
8192,09/09/2020,Oneida,6,2322,1166,121802,36065,8
8193,09/10/2020,Oneida,11,2333,1588,123390,36065,8
8194,09/11/2020,Oneida,8,2341,2315,125705,36065,8
8195,09/12/2020,Oneida,6,2347,1718,127423,36065,5
8196,09/13/2020,Oneida,1,2348,899,128322,36065,5
8197,09/14/2020,Oneida,8,2356,658,128980,36065,4
8198,09/15/2020,Oneida,3,2359,1661,130641,36065,5
8199,09/16/2020,Oneida,4,2363,1889,132530,36065,4
8200,09/17/2020,Oneida,6,2369,1428,133958,36065,4
8201,09/18/2020,Oneida,4,2373,1812,135770,36065,4
8202,09/19/2020,Oneida,2,2375,2221,137991,36065,3
8203,09/20/2020,Oneida,3,2378,591,138582,36065,1
8204,09/21/2020,Oneida,0,2378,799,139381,36065,4
8205,09/22/2020,Oneida,9,2387,1886,141267,36065,3
8206,09/23/2020,Oneida,1,2388,1980,143247,36065,7
8207,09/24/2020,Oneida,12,2400,1178,144425,36065,6
8208,09/25/2020,Oneida,7,2407,1826,146251,36065,8
8209,09/26/2020,Oneida,5,2412,3062,149313,36065,6
8210,09/27/2020,Oneida,8,2420,554,149867,36065,8
8211,09/28/2020,Oneida,12,2432,1073,150940,36065,8
8212,09/29/2020,Oneida,4,2436,1740,152680,36065,13
8213,09/30/2020,Oneida,24,2460,2195,154875,36065,10
8214,10/01/2020,Oneida,2,2462,1887,156762,36065,10
8215,10/02/2020,Oneida,6,2468,2510,159272,36065,6
8216,10/03/2020,Oneida,10,2478,3099,162371,36065,6
8217,10/04/2020,Oneida,2,2480,578,162949,36065,5
8218,10/05/2020,Oneida,3,2483,975,163924,36065,4
8219,10/06/2020,Oneida,7,2490,1675,165599,36065,7
8220,10/07/2020,Oneida,13,2503,2883,168482,36065,9
8221,10/08/2020,Oneida,9,2512,2181,170663,36065,13
8222,10/09/2020,Oneida,17,2529,2407,173070,36065,12
8223,10/10/2020,Oneida,10,2539,4138,177208,36065,12
8224,10/11/2020,Oneida,10,2549,1725,178933,36065,8
8225,10/12/2020,Oneida,5,2554,1182,180115,36065,6
8226,10/13/2020,Oneida,4,2558,1751,181866,36065,6
8227,10/14/2020,Oneida,9,2567,2504,184370,36065,6
8228,10/15/2020,Oneida,7,2574,2221,186591,36065,9
8229,10/16/2020,Oneida,12,2586,4309,190900,36065,8
8230,10/17/2020,Oneida,7,2593,2664,193564,36065,6
8231,10/18/2020,Oneida,1,2594,599,194163,36065,4
8232,10/19/2020,Oneida,5,2599,991,195154,36065,8
8233,10/20/2020,Oneida,18,2617,2776,197930,36065,10
8234,10/21/2020,Oneida,8,2625,2142,200072,36065,15
8235,10/22/2020,Oneida,19,2644,2277,202349,36065,17
8236,10/23/2020,Oneida,26,2670,2508,204857,36065,18
8237,10/24/2020,Oneida,11,2681,1954,206811,36065,14
8238,10/25/2020,Oneida,5,2686,721,207532,36065,13
8239,10/26/2020,Oneida,23,2709,2031,209563,36065,21
8240,10/27/2020,Oneida,37,2746,2877,212440,36065,27
8241,10/28/2020,Oneida,23,2769,2354,214794,36065,25
8242,10/29/2020,Oneida,15,2784,4087,218881,36065,28
8243,10/30/2020,Oneida,47,2831,3100,221981,36065,27
8244,10/31/2020,Oneida,20,2851,3017,224998,36065,27
8245,11/01/2020,Oneida,16,2867,821,225819,36065,21
8246,11/02/2020,Oneida,29,2896,1615,227434,36065,22
8247,11/03/2020,Oneida,21,2917,4314,231748,36065,26
8248,11/04/2020,Oneida,29,2946,2922,234670,36065,32
8249,11/05/2020,Oneida,47,2993,4378,239048,36065,25
8250,03/01/2020,Onondaga,0,0,0,0,36067,0
8251,03/02/2020,Onondaga,0,0,0,0,36067,0
8252,03/03/2020,Onondaga,0,0,0,0,36067,0
8253,03/04/2020,Onondaga,0,0,0,0,36067,0
8254,03/05/2020,Onondaga,0,0,0,0,36067,0
8255,03/06/2020,Onondaga,0,0,0,0,36067,0
8256,03/07/2020,Onondaga,0,0,0,0,36067,0
8257,03/08/2020,Onondaga,0,0,0,0,36067,0
8258,03/09/2020,Onondaga,0,0,1,1,36067,0
8259,03/10/2020,Onondaga,0,0,0,1,36067,0
8260,03/11/2020,Onondaga,0,0,3,4,36067,0
8261,03/12/2020,Onondaga,0,0,1,5,36067,0
8262,03/13/2020,Onondaga,0,0,9,14,36067,0
8263,03/14/2020,Onondaga,0,0,18,32,36067,0
8264,03/15/2020,Onondaga,1,1,27,59,36067,0
8265,03/16/2020,Onondaga,1,2,55,114,36067,0
8266,03/17/2020,Onondaga,0,2,15,129,36067,1
8267,03/18/2020,Onondaga,3,5,98,227,36067,2
8268,03/19/2020,Onondaga,3,8,60,287,36067,5
8269,03/20/2020,Onondaga,9,17,133,420,36067,8
8270,03/21/2020,Onondaga,12,29,157,577,36067,14
8271,03/22/2020,Onondaga,23,52,538,1115,36067,14
8272,03/23/2020,Onondaga,8,60,129,1244,36067,12
8273,03/24/2020,Onondaga,5,65,124,1368,36067,10
8274,03/25/2020,Onondaga,18,83,266,1634,36067,18
8275,03/26/2020,Onondaga,32,115,444,2078,36067,21
8276,03/27/2020,Onondaga,14,129,352,2430,36067,23
8277,03/28/2020,Onondaga,23,152,487,2917,36067,21
8278,03/29/2020,Onondaga,28,180,206,3123,36067,21
8279,03/30/2020,Onondaga,14,194,139,3262,36067,21
8280,03/31/2020,Onondaga,23,217,163,3425,36067,18
8281,04/01/2020,Onondaga,17,234,191,3616,36067,19
8282,04/02/2020,Onondaga,18,252,195,3811,36067,15
8283,04/03/2020,Onondaga,10,262,221,4032,36067,11
8284,04/04/2020,Onondaga,6,268,131,4163,36067,6
8285,04/05/2020,Onondaga,3,271,89,4252,36067,24
8286,04/06/2020,Onondaga,64,335,689,4941,36067,26
8287,04/07/2020,Onondaga,12,347,126,5067,36067,29
8288,04/08/2020,Onondaga,11,358,245,5312,36067,11
8289,04/09/2020,Onondaga,11,369,148,5460,36067,11
8290,04/10/2020,Onondaga,11,380,116,5576,36067,13
8291,04/11/2020,Onondaga,17,397,169,5745,36067,15
8292,04/12/2020,Onondaga,19,416,142,5887,36067,17
8293,04/13/2020,Onondaga,15,431,120,6007,36067,17
8294,04/14/2020,Onondaga,18,449,219,6226,36067,15
8295,04/15/2020,Onondaga,13,462,134,6360,36067,17
8296,04/16/2020,Onondaga,21,483,181,6541,36067,14
8297,04/17/2020,Onondaga,9,492,152,6693,36067,12
8298,04/18/2020,Onondaga,6,498,118,6811,36067,8
8299,04/19/2020,Onondaga,11,509,113,6924,36067,7
8300,04/20/2020,Onondaga,5,514,101,7025,36067,9
8301,04/21/2020,Onondaga,12,526,152,7177,36067,30
8302,04/22/2020,Onondaga,74,600,705,7882,36067,41
8303,04/23/2020,Onondaga,39,639,722,8604,36067,46
8304,04/24/2020,Onondaga,25,664,530,9134,36067,30
8305,04/25/2020,Onondaga,28,692,280,9414,36067,29
8306,04/26/2020,Onondaga,34,726,256,9670,36067,26
8307,04/27/2020,Onondaga,16,742,268,9938,36067,30
8308,04/28/2020,Onondaga,40,782,386,10324,36067,35
8309,04/29/2020,Onondaga,50,832,343,10667,36067,39
8310,04/30/2020,Onondaga,28,860,334,11001,36067,40
8311,05/01/2020,Onondaga,43,903,433,11434,36067,40
8312,05/02/2020,Onondaga,49,952,593,12027,36067,37
8313,05/03/2020,Onondaga,19,971,436,12463,36067,33
8314,05/04/2020,Onondaga,31,1002,176,12639,36067,34
8315,05/05/2020,Onondaga,54,1056,731,13370,36067,48
8316,05/06/2020,Onondaga,59,1115,534,13904,36067,55
8317,05/07/2020,Onondaga,54,1169,407,14311,36067,54
8318,05/08/2020,Onondaga,49,1218,464,14775,36067,50
8319,05/09/2020,Onondaga,47,1265,507,15282,36067,39
8320,05/10/2020,Onondaga,22,1287,240,15522,36067,30
8321,05/11/2020,Onondaga,21,1308,329,15851,36067,43
8322,05/12/2020,Onondaga,87,1395,1066,16917,36067,45
8323,05/13/2020,Onondaga,28,1423,683,17600,36067,44
8324,05/14/2020,Onondaga,17,1440,385,17985,36067,24
8325,05/15/2020,Onondaga,29,1469,1088,19073,36067,26
8326,05/16/2020,Onondaga,32,1501,648,19721,36067,26
8327,05/17/2020,Onondaga,19,1520,483,20204,36067,65
8328,05/18/2020,Onondaga,145,1665,1578,21782,36067,72
8329,05/19/2020,Onondaga,53,1718,1844,23626,36067,83
8330,05/20/2020,Onondaga,53,1771,1137,24763,36067,54
8331,05/21/2020,Onondaga,57,1828,1344,26107,36067,62
8332,05/22/2020,Onondaga,76,1904,2502,28609,36067,60
8333,05/23/2020,Onondaga,49,1953,1352,29961,36067,51
8334,05/24/2020,Onondaga,28,1981,1175,31136,36067,36
8335,05/25/2020,Onondaga,31,2012,1129,32265,36067,26
8336,05/26/2020,Onondaga,21,2033,676,32941,36067,24
8337,05/27/2020,Onondaga,21,2054,817,33758,36067,26
8338,05/28/2020,Onondaga,38,2092,1731,35489,36067,33
8339,05/29/2020,Onondaga,41,2133,2101,37590,36067,38
8340,05/30/2020,Onondaga,37,2170,1829,39419,36067,35
8341,05/31/2020,Onondaga,27,2197,1074,40493,36067,31
8342,06/01/2020,Onondaga,31,2228,1035,41528,36067,28
8343,06/02/2020,Onondaga,28,2256,1522,43050,36067,32
8344,06/03/2020,Onondaga,39,2295,2189,45239,36067,33
8345,06/04/2020,Onondaga,34,2329,1601,46840,36067,39
8346,06/05/2020,Onondaga,46,2375,2186,49026,36067,32
8347,06/06/2020,Onondaga,17,2392,1345,50371,36067,26
8348,06/07/2020,Onondaga,16,2408,2040,52411,36067,17
8349,06/08/2020,Onondaga,19,2427,1004,53415,36067,13
8350,06/09/2020,Onondaga,6,2433,2197,55612,36067,15
8351,06/10/2020,Onondaga,21,2454,1222,56834,36067,15
8352,06/11/2020,Onondaga,20,2474,2072,58906,36067,21
8353,06/12/2020,Onondaga,24,2498,1498,60404,36067,21
8354,06/13/2020,Onondaga,21,2519,2756,63160,36067,19
8355,06/14/2020,Onondaga,12,2531,847,64007,36067,15
8356,06/15/2020,Onondaga,14,2545,1345,65352,36067,13
8357,06/16/2020,Onondaga,13,2558,870,66222,36067,28
8358,06/17/2020,Onondaga,57,2615,1440,67662,36067,29
8359,06/18/2020,Onondaga,19,2634,1694,69356,36067,28
8360,06/19/2020,Onondaga,10,2644,1270,70626,36067,17
8361,06/20/2020,Onondaga,22,2666,2328,72954,36067,13
8362,06/21/2020,Onondaga,9,2675,954,73908,36067,19
8363,06/22/2020,Onondaga,27,2702,1060,74968,36067,22
8364,06/23/2020,Onondaga,32,2734,1234,76202,36067,25
8365,06/24/2020,Onondaga,17,2751,1183,77385,36067,26
8366,06/25/2020,Onondaga,31,2782,1402,78787,36067,19
8367,06/26/2020,Onondaga,9,2791,1517,80304,36067,21
8368,06/27/2020,Onondaga,25,2816,1721,82025,36067,13
8369,06/28/2020,Onondaga,6,2822,1257,83282,36067,17
8370,06/29/2020,Onondaga,20,2842,1288,84570,36067,15
8371,06/30/2020,Onondaga,21,2863,1368,85938,36067,25
8372,07/01/2020,Onondaga,34,2897,1909,87847,36067,22
8373,07/02/2020,Onondaga,12,2909,968,88815,36067,21
8374,07/03/2020,Onondaga,19,2928,843,89658,36067,17
8375,07/04/2020,Onondaga,21,2949,856,90514,36067,18
8376,07/05/2020,Onondaga,14,2963,651,91165,36067,23
8377,07/06/2020,Onondaga,34,2997,1455,92620,36067,26
8378,07/07/2020,Onondaga,32,3029,1911,94531,36067,29
8379,07/08/2020,Onondaga,21,3050,2070,96601,36067,27
8380,07/09/2020,Onondaga,28,3078,1155,97756,36067,23
8381,07/10/2020,Onondaga,22,3100,1161,98917,36067,24
8382,07/11/2020,Onondaga,24,3124,1344,100261,36067,21
8383,07/12/2020,Onondaga,18,3142,1288,101549,36067,26
8384,07/13/2020,Onondaga,37,3179,2118,103667,36067,26
8385,07/14/2020,Onondaga,24,3203,1227,104894,36067,27
8386,07/15/2020,Onondaga,22,3225,1697,106591,36067,20
8387,07/16/2020,Onondaga,15,3240,2153,108744,36067,19
8388,07/17/2020,Onondaga,22,3262,1912,110656,36067,17
8389,07/18/2020,Onondaga,16,3278,1100,111756,36067,16
8390,07/19/2020,Onondaga,12,3290,1758,113514,36067,16
8391,07/20/2020,Onondaga,22,3312,1918,115432,36067,16
8392,07/21/2020,Onondaga,14,3326,1844,117276,36067,18
8393,07/22/2020,Onondaga,18,3344,1965,119241,36067,16
8394,07/23/2020,Onondaga,16,3360,2174,121415,36067,17
8395,07/24/2020,Onondaga,18,3378,1868,123283,36067,15
8396,07/25/2020,Onondaga,11,3389,2415,125698,36067,12
8397,07/26/2020,Onondaga,9,3398,1790,127488,36067,13
8398,07/27/2020,Onondaga,21,3419,1744,129232,36067,16
8399,07/28/2020,Onondaga,18,3437,1664,130896,36067,20
8400,07/29/2020,Onondaga,22,3459,1408,132304,36067,15
8401,07/30/2020,Onondaga,5,3464,1481,133785,36067,13
8402,07/31/2020,Onondaga,13,3477,1678,135463,36067,8
8403,08/01/2020,Onondaga,8,3485,1274,136737,36067,8
8404,08/02/2020,Onondaga,5,3490,689,137426,36067,12
8405,08/03/2020,Onondaga,25,3515,3057,140483,36067,13
8406,08/04/2020,Onondaga,10,3525,2030,142513,36067,15
8407,08/05/2020,Onondaga,10,3535,1499,144012,36067,13
8408,08/06/2020,Onondaga,21,3556,2037,146049,36067,13
8409,08/07/2020,Onondaga,9,3565,1799,147848,36067,13
8410,08/08/2020,Onondaga,11,3576,1052,148900,36067,9
8411,08/09/2020,Onondaga,9,3585,806,149706,36067,12
8412,08/10/2020,Onondaga,17,3602,4122,153828,36067,12
8413,08/11/2020,Onondaga,11,3613,1526,155354,36067,14
8414,08/12/2020,Onondaga,14,3627,1208,156562,36067,14
8415,08/13/2020,Onondaga,19,3646,1784,158346,36067,16
8416,08/14/2020,Onondaga,17,3663,1984,160330,36067,15
8417,08/15/2020,Onondaga,11,3674,1102,161432,36067,11
8418,08/16/2020,Onondaga,6,3680,1956,163388,36067,11
8419,08/17/2020,Onondaga,16,3696,1933,165321,36067,12
8420,08/18/2020,Onondaga,16,3712,1885,167206,36067,13
8421,08/19/2020,Onondaga,7,3719,2150,169356,36067,15
8422,08/20/2020,Onondaga,24,3743,2297,171653,36067,14
8423,08/21/2020,Onondaga,13,3756,2177,173830,36067,13
8424,08/22/2020,Onondaga,2,3758,1402,175232,36067,8
8425,08/23/2020,Onondaga,10,3768,844,176076,36067,12
8426,08/24/2020,Onondaga,24,3792,3288,179364,36067,14
8427,08/25/2020,Onondaga,9,3801,1168,180532,36067,21
8428,08/26/2020,Onondaga,31,3832,1590,182122,36067,18
8429,08/27/2020,Onondaga,15,3847,1959,184081,36067,21
8430,08/28/2020,Onondaga,19,3866,3709,187790,36067,17
8431,08/29/2020,Onondaga,17,3883,1813,189603,36067,15
8432,08/30/2020,Onondaga,9,3892,820,190423,36067,15
8433,08/31/2020,Onondaga,20,3912,1531,191954,36067,13
8434,09/01/2020,Onondaga,10,3922,1352,193306,36067,15
8435,09/02/2020,Onondaga,15,3937,1535,194841,36067,11
8436,09/03/2020,Onondaga,10,3947,1606,196447,36067,14
8437,09/04/2020,Onondaga,17,3964,2611,199058,36067,15
8438,09/05/2020,Onondaga,19,3983,1554,200612,36067,15
8439,09/06/2020,Onondaga,10,3993,853,201465,36067,12
8440,09/07/2020,Onondaga,9,4002,1305,202770,36067,9
8441,09/08/2020,Onondaga,10,4012,652,203422,36067,10
8442,09/09/2020,Onondaga,11,4023,859,204281,36067,13
8443,09/10/2020,Onondaga,20,4043,2201,206482,36067,16
8444,09/11/2020,Onondaga,17,4060,3386,209868,36067,19
8445,09/12/2020,Onondaga,21,4081,1703,211571,36067,17
8446,09/13/2020,Onondaga,15,4096,862,212433,36067,18
8447,09/14/2020,Onondaga,18,4114,1186,213619,36067,17
8448,09/15/2020,Onondaga,19,4133,1471,215090,36067,20
8449,09/16/2020,Onondaga,25,4158,1673,216763,36067,23
8450,09/17/2020,Onondaga,27,4185,1588,218351,36067,22
8451,09/18/2020,Onondaga,16,4201,3815,222166,36067,20
8452,09/19/2020,Onondaga,19,4220,2717,224883,36067,15
8453,09/20/2020,Onondaga,11,4231,1149,226032,36067,17
8454,09/21/2020,Onondaga,22,4253,1394,227426,36067,16
8455,09/22/2020,Onondaga,17,4270,1376,228802,36067,23
8456,09/23/2020,Onondaga,30,4300,1853,230655,36067,22
8457,09/24/2020,Onondaga,21,4321,2429,233084,36067,24
8458,09/25/2020,Onondaga,21,4342,2876,235960,36067,21
8459,09/26/2020,Onondaga,23,4365,2225,238185,36067,19
8460,09/27/2020,Onondaga,14,4379,1240,239425,36067,22
8461,09/28/2020,Onondaga,30,4409,1882,241307,36067,19
8462,09/29/2020,Onondaga,15,4424,3423,244730,36067,25
8463,09/30/2020,Onondaga,32,4456,2579,247309,36067,28
8464,10/01/2020,Onondaga,38,4494,5101,252410,36067,34
8465,10/02/2020,Onondaga,34,4528,4586,256996,36067,27
8466,10/03/2020,Onondaga,9,4537,2564,259560,36067,20
8467,10/04/2020,Onondaga,19,4556,1620,261180,36067,21
8468,10/05/2020,Onondaga,37,4593,2081,263261,36067,33
8469,10/06/2020,Onondaga,43,4636,3538,266799,36067,37
8470,10/07/2020,Onondaga,33,4669,4536,271335,36067,33
8471,10/08/2020,Onondaga,24,4693,3498,274833,36067,37
8472,10/09/2020,Onondaga,54,4747,5423,280256,36067,36
8473,10/10/2020,Onondaga,32,4779,3349,283605,36067,38
8474,10/11/2020,Onondaga,28,4807,1836,285441,36067,32
8475,10/12/2020,Onondaga,36,4843,1698,287139,36067,33
8476,10/13/2020,Onondaga,37,4880,3261,290400,36067,33
8477,10/14/2020,Onondaga,28,4908,4032,294432,36067,34
8478,10/15/2020,Onondaga,38,4946,3429,297861,36067,32
8479,10/16/2020,Onondaga,31,4977,4669,302530,36067,34
8480,10/17/2020,Onondaga,34,5011,2541,305071,36067,25
8481,10/18/2020,Onondaga,10,5021,1370,306441,36067,25
8482,10/19/2020,Onondaga,31,5052,1783,308224,36067,36
8483,10/20/2020,Onondaga,69,5121,3662,311886,36067,49
8484,10/21/2020,Onondaga,49,5170,6432,318318,36067,56
8485,10/22/2020,Onondaga,52,5222,5719,324037,36067,52
8486,10/23/2020,Onondaga,55,5277,6258,330295,36067,46
8487,10/24/2020,Onondaga,32,5309,3528,333823,36067,38
8488,10/25/2020,Onondaga,28,5337,1876,335699,36067,40
8489,10/26/2020,Onondaga,62,5399,2764,338463,36067,48
8490,10/27/2020,Onondaga,55,5454,5376,343839,36067,53
8491,10/28/2020,Onondaga,44,5498,5268,349107,36067,68
8492,10/29/2020,Onondaga,105,5603,4415,353522,36067,80
8493,10/30/2020,Onondaga,93,5696,4191,357713,36067,88
8494,10/31/2020,Onondaga,66,5762,4241,361954,36067,64
8495,11/01/2020,Onondaga,33,5795,1471,363425,36067,61
8496,11/02/2020,Onondaga,86,5881,3064,366489,36067,79
8497,11/03/2020,Onondaga,120,6001,4008,370497,36067,109
8498,11/04/2020,Onondaga,121,6122,5230,375727,36067,125
8499,11/05/2020,Onondaga,135,6257,4978,380705,36067,85
8500,03/01/2020,Ontario,0,0,0,0,36069,0
8501,03/02/2020,Ontario,0,0,0,0,36069,0
8502,03/03/2020,Ontario,0,0,0,0,36069,0
8503,03/04/2020,Ontario,0,0,0,0,36069,0
8504,03/05/2020,Ontario,0,0,0,0,36069,0
8505,03/06/2020,Ontario,0,0,0,0,36069,0
8506,03/07/2020,Ontario,0,0,0,0,36069,0
8507,03/08/2020,Ontario,0,0,0,0,36069,0
8508,03/09/2020,Ontario,0,0,0,0,36069,0
8509,03/10/2020,Ontario,0,0,0,0,36069,0
8510,03/11/2020,Ontario,0,0,0,0,36069,0
8511,03/12/2020,Ontario,0,0,2,2,36069,0
8512,03/13/2020,Ontario,0,0,4,6,36069,0
8513,03/14/2020,Ontario,0,0,3,9,36069,0
8514,03/15/2020,Ontario,1,1,5,14,36069,0
8515,03/16/2020,Ontario,0,1,1,15,36069,0
8516,03/17/2020,Ontario,0,1,3,18,36069,0
8517,03/18/2020,Ontario,0,1,8,26,36069,0
8518,03/19/2020,Ontario,2,3,15,41,36069,1
8519,03/20/2020,Ontario,1,4,25,66,36069,1
8520,03/21/2020,Ontario,2,6,25,91,36069,1
8521,03/22/2020,Ontario,0,6,5,96,36069,1
8522,03/23/2020,Ontario,1,7,13,109,36069,1
8523,03/24/2020,Ontario,2,9,19,128,36069,1
8524,03/25/2020,Ontario,2,11,21,149,36069,2
8525,03/26/2020,Ontario,3,14,29,178,36069,2
8526,03/27/2020,Ontario,2,16,34,212,36069,2
8527,03/28/2020,Ontario,2,18,26,238,36069,2
8528,03/29/2020,Ontario,2,20,16,254,36069,2
8529,03/30/2020,Ontario,2,22,26,280,36069,2
8530,03/31/2020,Ontario,2,24,37,317,36069,2
8531,04/01/2020,Ontario,2,26,29,346,36069,2
8532,04/02/2020,Ontario,2,28,29,375,36069,2
8533,04/03/2020,Ontario,3,31,36,411,36069,2
8534,04/04/2020,Ontario,1,32,33,444,36069,1
8535,04/05/2020,Ontario,0,32,26,470,36069,0
8536,04/06/2020,Ontario,1,33,32,502,36069,2
8537,04/07/2020,Ontario,6,39,50,552,36069,3
8538,04/08/2020,Ontario,4,43,38,590,36069,6
8539,04/09/2020,Ontario,8,51,50,640,36069,5
8540,04/10/2020,Ontario,5,56,39,679,36069,4
8541,04/11/2020,Ontario,1,57,27,706,36069,2
8542,04/12/2020,Ontario,0,57,12,718,36069,1
8543,04/13/2020,Ontario,4,61,48,766,36069,1
8544,04/14/2020,Ontario,1,62,25,791,36069,2
8545,04/15/2020,Ontario,3,65,31,822,36069,2
8546,04/16/2020,Ontario,2,67,34,856,36069,2
8547,04/17/2020,Ontario,2,69,33,889,36069,1
8548,04/18/2020,Ontario,1,70,24,913,36069,1
8549,04/19/2020,Ontario,1,71,20,933,36069,1
8550,04/20/2020,Ontario,1,72,43,976,36069,1
8551,04/21/2020,Ontario,1,73,66,1042,36069,0
8552,04/22/2020,Ontario,0,73,31,1073,36069,0
8553,04/23/2020,Ontario,0,73,37,1110,36069,3
8554,04/24/2020,Ontario,9,82,239,1349,36069,3
8555,04/25/2020,Ontario,2,84,34,1383,36069,4
8556,04/26/2020,Ontario,2,86,40,1423,36069,2
8557,04/27/2020,Ontario,4,90,50,1473,36069,2
8558,04/28/2020,Ontario,0,90,60,1533,36069,1
8559,04/29/2020,Ontario,0,90,78,1611,36069,0
8560,04/30/2020,Ontario,1,91,91,1702,36069,0
8561,05/01/2020,Ontario,1,92,62,1764,36069,1
8562,05/02/2020,Ontario,3,95,90,1854,36069,1
8563,05/03/2020,Ontario,1,96,81,1935,36069,1
8564,05/04/2020,Ontario,1,97,86,2021,36069,1
8565,05/05/2020,Ontario,2,99,105,2126,36069,1
8566,05/06/2020,Ontario,2,101,121,2247,36069,2
8567,05/07/2020,Ontario,3,104,108,2355,36069,1
8568,05/08/2020,Ontario,0,104,69,2424,36069,1
8569,05/09/2020,Ontario,2,106,109,2533,36069,1
8570,05/10/2020,Ontario,1,107,92,2625,36069,1
8571,05/11/2020,Ontario,0,107,74,2699,36069,1
8572,05/12/2020,Ontario,2,109,140,2839,36069,7
8573,05/13/2020,Ontario,20,129,334,3173,36069,8
8574,05/14/2020,Ontario,4,133,135,3308,36069,10
8575,05/15/2020,Ontario,6,139,136,3444,36069,5
8576,05/16/2020,Ontario,7,146,160,3604,36069,5
8577,05/17/2020,Ontario,2,148,96,3700,36069,4
8578,05/18/2020,Ontario,4,152,157,3857,36069,8
8579,05/19/2020,Ontario,18,170,351,4208,36069,9
8580,05/20/2020,Ontario,6,176,264,4472,36069,9
8581,05/21/2020,Ontario,4,180,191,4663,36069,4
8582,05/22/2020,Ontario,2,182,125,4788,36069,2
8583,05/23/2020,Ontario,2,184,201,4989,36069,1
8584,05/24/2020,Ontario,1,185,99,5088,36069,4
8585,05/25/2020,Ontario,10,195,218,5306,36069,4
8586,05/26/2020,Ontario,3,198,182,5488,36069,5
8587,05/27/2020,Ontario,3,201,246,5734,36069,3
8588,05/28/2020,Ontario,4,205,209,5943,36069,2
8589,05/29/2020,Ontario,1,206,126,6069,36069,2
8590,05/30/2020,Ontario,1,207,328,6397,36069,1
8591,05/31/2020,Ontario,1,208,188,6585,36069,1
8592,06/01/2020,Ontario,1,209,206,6791,36069,2
8593,06/02/2020,Ontario,6,215,485,7276,36069,3
8594,06/03/2020,Ontario,3,218,421,7697,36069,3
8595,06/04/2020,Ontario,1,219,379,8076,36069,1
8596,06/05/2020,Ontario,1,220,505,8581,36069,1
8597,06/06/2020,Ontario,1,221,236,8817,36069,0
8598,06/07/2020,Ontario,0,221,293,9110,36069,0
8599,06/08/2020,Ontario,1,222,238,9348,36069,0
8600,06/09/2020,Ontario,0,222,403,9751,36069,2
8601,06/10/2020,Ontario,7,229,520,10271,36069,2
8602,06/11/2020,Ontario,1,230,392,10663,36069,2
8603,06/12/2020,Ontario,0,230,337,11000,36069,1
8604,06/13/2020,Ontario,3,233,420,11420,36069,1
8605,06/14/2020,Ontario,0,233,240,11660,36069,1
8606,06/15/2020,Ontario,1,234,338,11998,36069,0
8607,06/16/2020,Ontario,0,234,319,12317,36069,0
8608,06/17/2020,Ontario,1,235,214,12531,36069,1
8609,06/18/2020,Ontario,4,239,327,12858,36069,1
8610,06/19/2020,Ontario,0,239,354,13212,36069,1
8611,06/20/2020,Ontario,1,240,271,13483,36069,1
8612,06/21/2020,Ontario,2,242,271,13754,36069,1
8613,06/22/2020,Ontario,0,242,207,13961,36069,2
8614,06/23/2020,Ontario,4,246,293,14254,36069,2
8615,06/24/2020,Ontario,2,248,261,14515,36069,3
8616,06/25/2020,Ontario,4,252,285,14800,36069,2
8617,06/26/2020,Ontario,2,254,408,15208,36069,2
8618,06/27/2020,Ontario,2,256,226,15434,36069,1
8619,06/28/2020,Ontario,1,257,302,15736,36069,1
8620,06/29/2020,Ontario,2,259,252,15988,36069,3
8621,06/30/2020,Ontario,6,265,268,16256,36069,3
8622,07/01/2020,Ontario,3,268,288,16544,36069,5
8623,07/02/2020,Ontario,7,275,301,16845,36069,4
8624,07/03/2020,Ontario,3,278,385,17230,36069,4
8625,07/04/2020,Ontario,2,280,241,17471,36069,2
8626,07/05/2020,Ontario,2,282,223,17694,36069,1
8627,07/06/2020,Ontario,1,283,406,18100,36069,2
8628,07/07/2020,Ontario,3,286,321,18421,36069,2
8629,07/08/2020,Ontario,4,290,370,18791,36069,3
8630,07/09/2020,Ontario,3,293,296,19087,36069,3
8631,07/10/2020,Ontario,3,296,474,19561,36069,3
8632,07/11/2020,Ontario,4,300,324,19885,36069,3
8633,07/12/2020,Ontario,2,302,241,20126,36069,3
8634,07/13/2020,Ontario,5,307,359,20485,36069,4
8635,07/14/2020,Ontario,5,312,386,20871,36069,5
8636,07/15/2020,Ontario,5,317,423,21294,36069,4
8637,07/16/2020,Ontario,2,319,393,21687,36069,4
8638,07/17/2020,Ontario,5,324,437,22124,36069,2
8639,07/18/2020,Ontario,0,324,200,22324,36069,2
8640,07/19/2020,Ontario,2,326,262,22586,36069,1
8641,07/20/2020,Ontario,3,329,391,22977,36069,3
8642,07/21/2020,Ontario,4,333,377,23354,36069,2
8643,07/22/2020,Ontario,1,334,427,23781,36069,2
8644,07/23/2020,Ontario,3,337,433,24214,36069,1
8645,07/24/2020,Ontario,1,338,450,24664,36069,2
8646,07/25/2020,Ontario,3,341,329,24993,36069,2
8647,07/26/2020,Ontario,2,343,210,25203,36069,2
8648,07/27/2020,Ontario,2,345,295,25498,36069,2
8649,07/28/2020,Ontario,2,347,373,25871,36069,2
8650,07/29/2020,Ontario,2,349,397,26268,36069,1
8651,07/30/2020,Ontario,0,349,579,26847,36069,0
8652,07/31/2020,Ontario,0,349,393,27240,36069,0
8653,08/01/2020,Ontario,0,349,273,27513,36069,0
8654,08/02/2020,Ontario,2,351,221,27734,36069,1
8655,08/03/2020,Ontario,1,352,255,27989,36069,1
8656,08/04/2020,Ontario,0,352,370,28359,36069,1
8657,08/05/2020,Ontario,3,355,414,28773,36069,1
8658,08/06/2020,Ontario,2,357,453,29226,36069,1
8659,08/07/2020,Ontario,0,357,273,29499,36069,1
8660,08/08/2020,Ontario,3,360,365,29864,36069,1
8661,08/09/2020,Ontario,1,361,231,30095,36069,1
8662,08/10/2020,Ontario,1,362,346,30441,36069,1
8663,08/11/2020,Ontario,1,363,441,30882,36069,1
8664,08/12/2020,Ontario,2,365,471,31353,36069,1
8665,08/13/2020,Ontario,1,366,587,31940,36069,1
8666,08/14/2020,Ontario,1,367,417,32357,36069,1
8667,08/15/2020,Ontario,1,368,414,32771,36069,1
8668,08/16/2020,Ontario,1,369,306,33077,36069,1
8669,08/17/2020,Ontario,2,371,416,33493,36069,1
8670,08/18/2020,Ontario,0,371,499,33992,36069,1
8671,08/19/2020,Ontario,2,373,535,34527,36069,0
8672,08/20/2020,Ontario,0,373,720,35247,36069,2
8673,08/21/2020,Ontario,5,378,600,35847,36069,2
8674,08/22/2020,Ontario,3,381,466,36313,36069,2
8675,08/23/2020,Ontario,0,381,439,36752,36069,1
8676,08/24/2020,Ontario,0,381,382,37134,36069,0
8677,08/25/2020,Ontario,0,381,386,37520,36069,1
8678,08/26/2020,Ontario,3,384,339,37859,36069,1
8679,08/27/2020,Ontario,1,385,456,38315,36069,1
8680,08/28/2020,Ontario,1,386,396,38711,36069,1
8681,08/29/2020,Ontario,3,389,394,39105,36069,2
8682,08/30/2020,Ontario,2,391,292,39397,36069,2
8683,08/31/2020,Ontario,2,393,218,39615,36069,1
8684,09/01/2020,Ontario,0,393,332,39947,36069,1
8685,09/02/2020,Ontario,3,396,369,40316,36069,1
8686,09/03/2020,Ontario,2,398,626,40942,36069,2
8687,09/04/2020,Ontario,3,401,400,41342,36069,3
8688,09/05/2020,Ontario,4,405,450,41792,36069,3
8689,09/06/2020,Ontario,3,408,178,41970,36069,4
8690,09/07/2020,Ontario,5,413,211,42181,36069,5
8691,09/08/2020,Ontario,8,421,452,42633,36069,5
8692,09/09/2020,Ontario,2,423,268,42901,36069,4
8693,09/10/2020,Ontario,4,427,311,43212,36069,4
8694,09/11/2020,Ontario,8,435,1003,44215,36069,5
8695,09/12/2020,Ontario,4,439,284,44499,36069,5
8696,09/13/2020,Ontario,4,443,396,44895,36069,3
8697,09/14/2020,Ontario,1,444,311,45206,36069,3
8698,09/15/2020,Ontario,5,449,438,45644,36069,3
8699,09/16/2020,Ontario,3,452,373,46017,36069,3
8700,09/17/2020,Ontario,2,454,673,46690,36069,2
8701,09/18/2020,Ontario,2,456,520,47210,36069,3
8702,09/19/2020,Ontario,5,461,443,47653,36069,3
8703,09/20/2020,Ontario,3,464,266,47919,36069,3
8704,09/21/2020,Ontario,1,465,346,48265,36069,1
8705,09/22/2020,Ontario,1,466,414,48679,36069,1
8706,09/23/2020,Ontario,1,467,466,49145,36069,1
8707,09/24/2020,Ontario,2,469,562,49707,36069,1
8708,09/25/2020,Ontario,2,471,677,50384,36069,2
8709,09/26/2020,Ontario,2,473,542,50926,36069,1
8710,09/27/2020,Ontario,1,474,294,51220,36069,1
8711,09/28/2020,Ontario,1,475,299,51519,36069,0
8712,09/29/2020,Ontario,0,475,453,51972,36069,2
8713,09/30/2020,Ontario,6,481,798,52770,36069,3
8714,10/01/2020,Ontario,3,484,554,53324,36069,3
8715,10/02/2020,Ontario,2,486,551,53875,36069,2
8716,10/03/2020,Ontario,3,489,518,54393,36069,2
8717,10/04/2020,Ontario,2,491,195,54588,36069,4
8718,10/05/2020,Ontario,9,500,467,55055,36069,4
8719,10/06/2020,Ontario,2,502,449,55504,36069,4
8720,10/07/2020,Ontario,3,505,440,55944,36069,3
8721,10/08/2020,Ontario,6,511,1130,57074,36069,3
8722,10/09/2020,Ontario,1,512,521,57595,36069,3
8723,10/10/2020,Ontario,4,516,932,58527,36069,2
8724,10/11/2020,Ontario,3,519,417,58944,36069,5
8725,10/12/2020,Ontario,8,527,442,59386,36069,5
8726,10/13/2020,Ontario,5,532,421,59807,36069,6
8727,10/14/2020,Ontario,5,537,795,60602,36069,7
8728,10/15/2020,Ontario,12,549,598,61200,36069,9
8729,10/16/2020,Ontario,10,559,721,61921,36069,13
8730,10/17/2020,Ontario,17,576,436,62357,36069,12
8731,10/18/2020,Ontario,10,586,504,62861,36069,13
8732,10/19/2020,Ontario,12,598,421,63282,36069,9
8733,10/20/2020,Ontario,5,603,496,63778,36069,10
8734,10/21/2020,Ontario,14,617,471,64249,36069,10
8735,10/22/2020,Ontario,12,629,751,65000,36069,10
8736,10/23/2020,Ontario,6,635,549,65549,36069,9
8737,10/24/2020,Ontario,9,644,427,65976,36069,7
8738,10/25/2020,Ontario,6,650,422,66398,36069,9
8739,10/26/2020,Ontario,13,663,511,66909,36069,8
8740,10/27/2020,Ontario,6,669,424,67333,36069,9
8741,10/28/2020,Ontario,10,679,643,67976,36069,11
8742,10/29/2020,Ontario,18,697,676,68652,36069,10
8743,10/30/2020,Ontario,4,701,627,69279,36069,10
8744,10/31/2020,Ontario,9,710,464,69743,36069,8
8745,11/01/2020,Ontario,11,721,470,70213,36069,11
8746,11/02/2020,Ontario,15,736,549,70762,36069,11
8747,11/03/2020,Ontario,9,745,455,71217,36069,12
8748,11/04/2020,Ontario,13,758,826,72043,36069,14
8749,11/05/2020,Ontario,20,778,608,72651,36069,11
8750,03/01/2020,Orange,0,0,0,0,36071,0
8751,03/02/2020,Orange,0,0,0,0,36071,0
8752,03/03/2020,Orange,0,0,0,0,36071,0
8753,03/04/2020,Orange,0,0,0,0,36071,0
8754,03/05/2020,Orange,0,0,0,0,36071,0
8755,03/06/2020,Orange,0,0,0,0,36071,0
8756,03/07/2020,Orange,0,0,0,0,36071,0
8757,03/08/2020,Orange,0,0,0,0,36071,0
8758,03/09/2020,Orange,0,0,1,1,36071,0
8759,03/10/2020,Orange,0,0,0,1,36071,0
8760,03/11/2020,Orange,1,1,4,5,36071,0
8761,03/12/2020,Orange,0,1,12,17,36071,2
8762,03/13/2020,Orange,5,6,22,39,36071,1
8763,03/14/2020,Orange,0,6,12,51,36071,3
8764,03/15/2020,Orange,5,11,36,87,36071,3
8765,03/16/2020,Orange,4,15,36,123,36071,8
8766,03/17/2020,Orange,17,32,83,206,36071,13
8767,03/18/2020,Orange,19,51,94,300,36071,23
8768,03/19/2020,Orange,33,84,180,480,36071,43
8769,03/20/2020,Orange,79,163,377,857,36071,65
8770,03/21/2020,Orange,84,247,393,1250,36071,101
8771,03/22/2020,Orange,142,389,472,1722,36071,111
8772,03/23/2020,Orange,109,498,340,2062,36071,130
8773,03/24/2020,Orange,140,638,298,2360,36071,120
8774,03/25/2020,Orange,113,751,322,2682,36071,137
8775,03/26/2020,Orange,160,911,394,3076,36071,154
8776,03/27/2020,Orange,190,1101,498,3574,36071,165
8777,03/28/2020,Orange,146,1247,373,3947,36071,174
8778,03/29/2020,Orange,188,1435,394,4341,36071,151
8779,03/30/2020,Orange,121,1556,306,4647,36071,169
8780,03/31/2020,Orange,200,1756,477,5124,36071,186
8781,04/01/2020,Orange,237,1993,628,5752,36071,280
8782,04/02/2020,Orange,404,2397,1114,6866,36071,328
8783,04/03/2020,Orange,344,2741,1046,7912,36071,369
8784,04/04/2020,Orange,361,3102,1077,8989,36071,333
8785,04/05/2020,Orange,295,3397,827,9816,36071,286
8786,04/06/2020,Orange,202,3599,604,10420,36071,254
8787,04/07/2020,Orange,266,3865,711,11131,36071,231
8788,04/08/2020,Orange,225,4090,578,11709,36071,311
8789,04/09/2020,Orange,442,4532,1335,13044,36071,327
8790,04/10/2020,Orange,315,4847,879,13923,36071,312
8791,04/11/2020,Orange,180,5027,563,14486,36071,216
8792,04/12/2020,Orange,155,5182,492,14978,36071,243
8793,04/13/2020,Orange,396,5578,1161,16139,36071,229
8794,04/14/2020,Orange,138,5716,341,16480,36071,235
8795,04/15/2020,Orange,172,5888,521,17001,36071,168
8796,04/16/2020,Orange,196,6084,512,17513,36071,183
8797,04/17/2020,Orange,182,6266,575,18088,36071,163
8798,04/18/2020,Orange,113,6379,411,18499,36071,132
8799,04/19/2020,Orange,103,6482,278,18777,36071,98
8800,04/20/2020,Orange,79,6561,298,19075,36071,103
8801,04/21/2020,Orange,129,6690,430,19505,36071,111
8802,04/22/2020,Orange,126,6816,399,19904,36071,198
8803,04/23/2020,Orange,339,7155,1213,21117,36071,427
8804,04/24/2020,Orange,818,7973,2748,23865,36071,430
8805,04/25/2020,Orange,133,8106,643,24508,36071,361
8806,04/26/2020,Orange,132,8238,587,25095,36071,133
8807,04/27/2020,Orange,136,8374,645,25740,36071,127
8808,04/28/2020,Orange,114,8488,602,26342,36071,137
8809,04/29/2020,Orange,162,8650,880,27222,36071,125
8810,04/30/2020,Orange,101,8751,787,28009,36071,140
8811,05/01/2020,Orange,159,8910,839,28848,36071,105
8812,05/02/2020,Orange,57,8967,510,29358,36071,88
8813,05/03/2020,Orange,48,9015,421,29779,36071,78
8814,05/04/2020,Orange,129,9144,869,30648,36071,82
8815,05/05/2020,Orange,71,9215,509,31157,36071,104
8816,05/06/2020,Orange,113,9328,1181,32338,36071,86
8817,05/07/2020,Orange,74,9402,842,33180,36071,90
8818,05/08/2020,Orange,84,9486,690,33870,36071,71
8819,05/09/2020,Orange,57,9543,535,34405,36071,60
8820,05/10/2020,Orange,41,9584,402,34807,36071,48
8821,05/11/2020,Orange,48,9632,516,35323,36071,50
8822,05/12/2020,Orange,61,9693,614,35937,36071,62
8823,05/13/2020,Orange,78,9771,939,36876,36071,64
8824,05/14/2020,Orange,54,9825,766,37642,36071,62
8825,05/15/2020,Orange,54,9879,715,38357,36071,57
8826,05/16/2020,Orange,64,9943,662,39019,36071,46
8827,05/17/2020,Orange,22,9965,367,39386,36071,36
8828,05/18/2020,Orange,23,9988,362,39748,36071,33
8829,05/19/2020,Orange,55,10043,819,40567,36071,42
8830,05/20/2020,Orange,49,10092,919,41486,36071,51
8831,05/21/2020,Orange,50,10142,753,42239,36071,51
8832,05/22/2020,Orange,55,10197,764,43003,36071,44
8833,05/23/2020,Orange,28,10225,638,43641,36071,34
8834,05/24/2020,Orange,19,10244,478,44119,36071,26
8835,05/25/2020,Orange,33,10277,617,44736,36071,22
8836,05/26/2020,Orange,15,10292,528,45264,36071,27
8837,05/27/2020,Orange,33,10325,1013,46277,36071,28
8838,05/28/2020,Orange,36,10361,868,47145,36071,32
8839,05/29/2020,Orange,28,10389,776,47921,36071,27
8840,05/30/2020,Orange,17,10406,683,48604,36071,20
8841,05/31/2020,Orange,16,10422,713,49317,36071,20
8842,06/01/2020,Orange,27,10449,1027,50344,36071,18
8843,06/02/2020,Orange,11,10460,842,51186,36071,16
8844,06/03/2020,Orange,11,10471,941,52127,36071,11
8845,06/04/2020,Orange,13,10484,978,53105,36071,16
8846,06/05/2020,Orange,24,10508,1157,54262,36071,14
8847,06/06/2020,Orange,6,10514,847,55109,36071,13
8848,06/07/2020,Orange,9,10523,827,55936,36071,8
8849,06/08/2020,Orange,10,10533,957,56893,36071,9
8850,06/09/2020,Orange,8,10541,937,57830,36071,9
8851,06/10/2020,Orange,9,10550,1056,58886,36071,8
8852,06/11/2020,Orange,8,10558,1048,59934,36071,7
8853,06/12/2020,Orange,5,10563,967,60901,36071,7
8854,06/13/2020,Orange,8,10571,655,61556,36071,5
8855,06/14/2020,Orange,2,10573,810,62366,36071,5
8856,06/15/2020,Orange,7,10580,758,63124,36071,9
8857,06/16/2020,Orange,19,10599,744,63868,36071,10
8858,06/17/2020,Orange,5,10604,793,64661,36071,13
8859,06/18/2020,Orange,16,10620,1197,65858,36071,13
8860,06/19/2020,Orange,18,10638,646,66504,36071,14
8861,06/20/2020,Orange,10,10648,698,67202,36071,11
8862,06/21/2020,Orange,6,10654,577,67779,36071,9
8863,06/22/2020,Orange,12,10666,1239,69018,36071,7
8864,06/23/2020,Orange,3,10669,502,69520,36071,8
8865,06/24/2020,Orange,10,10679,912,70432,36071,10
8866,06/25/2020,Orange,19,10698,887,71319,36071,13
8867,06/26/2020,Orange,12,10710,1012,72331,36071,11
8868,06/27/2020,Orange,3,10713,508,72839,36071,6
8869,06/28/2020,Orange,3,10716,459,73298,36071,4
8870,06/29/2020,Orange,7,10723,734,74032,36071,5
8871,06/30/2020,Orange,7,10730,638,74670,36071,9
8872,07/01/2020,Orange,14,10744,702,75372,36071,12
8873,07/02/2020,Orange,15,10759,1204,76576,36071,12
8874,07/03/2020,Orange,7,10766,923,77499,36071,10
8875,07/04/2020,Orange,9,10775,885,78384,36071,7
8876,07/05/2020,Orange,6,10781,622,79006,36071,10
8877,07/06/2020,Orange,17,10798,642,79648,36071,10
8878,07/07/2020,Orange,8,10806,734,80382,36071,9
8879,07/08/2020,Orange,4,10810,866,81248,36071,7
8880,07/09/2020,Orange,10,10820,959,82207,36071,8
8881,07/10/2020,Orange,10,10830,1007,83214,36071,8
8882,07/11/2020,Orange,5,10835,847,84061,36071,7
8883,07/12/2020,Orange,6,10841,605,84666,36071,6
8884,07/13/2020,Orange,9,10850,914,85580,36071,14
8885,07/14/2020,Orange,28,10878,947,86527,36071,18
8886,07/15/2020,Orange,17,10895,796,87323,36071,19
8887,07/16/2020,Orange,13,10908,1081,88404,36071,14
8888,07/17/2020,Orange,13,10921,796,89200,36071,12
8889,07/18/2020,Orange,10,10931,596,89796,36071,10
8890,07/19/2020,Orange,7,10938,417,90213,36071,10
8891,07/20/2020,Orange,15,10953,864,91077,36071,9
8892,07/21/2020,Orange,7,10960,670,91747,36071,10
8893,07/22/2020,Orange,8,10968,831,92578,36071,7
8894,07/23/2020,Orange,8,10976,974,93552,36071,11
8895,07/24/2020,Orange,18,10994,972,94524,36071,10
8896,07/25/2020,Orange,4,10998,418,94942,36071,11
8897,07/26/2020,Orange,12,11010,634,95576,36071,10
8898,07/27/2020,Orange,14,11024,792,96368,36071,12
8899,07/28/2020,Orange,10,11034,648,97016,36071,20
8900,07/29/2020,Orange,38,11072,2123,99139,36071,19
8901,07/30/2020,Orange,10,11082,712,99851,36071,18
8902,07/31/2020,Orange,6,11088,986,100837,36071,7
8903,08/01/2020,Orange,5,11093,585,101422,36071,4
8904,08/02/2020,Orange,3,11096,583,102005,36071,5
8905,08/03/2020,Orange,9,11105,1050,103055,36071,6
8906,08/04/2020,Orange,8,11113,659,103714,36071,10
8907,08/05/2020,Orange,14,11127,848,104562,36071,8
8908,08/06/2020,Orange,2,11129,734,105296,36071,14
8909,08/07/2020,Orange,27,11156,1153,106449,36071,10
8910,08/08/2020,Orange,3,11159,644,107093,36071,13
8911,08/09/2020,Orange,9,11168,543,107636,36071,8
8912,08/10/2020,Orange,12,11180,1202,108838,36071,10
8913,08/11/2020,Orange,11,11191,990,109828,36071,14
8914,08/12/2020,Orange,19,11210,904,110732,36071,12
8915,08/13/2020,Orange,7,11217,1055,111787,36071,12
8916,08/14/2020,Orange,12,11229,1349,113136,36071,14
8917,08/15/2020,Orange,25,11254,858,113994,36071,13
8918,08/16/2020,Orange,2,11256,662,114656,36071,13
8919,08/17/2020,Orange,13,11269,942,115598,36071,9
8920,08/18/2020,Orange,13,11282,1068,116666,36071,12
8921,08/19/2020,Orange,10,11292,1080,117746,36071,15
8922,08/20/2020,Orange,24,11316,1128,118874,36071,15
8923,08/21/2020,Orange,12,11328,1315,120189,36071,14
8924,08/22/2020,Orange,6,11334,940,121129,36071,9
8925,08/23/2020,Orange,9,11343,587,121716,36071,8
8926,08/24/2020,Orange,11,11354,671,122387,36071,10
8927,08/25/2020,Orange,12,11366,798,123185,36071,13
8928,08/26/2020,Orange,16,11382,873,124058,36071,15
8929,08/27/2020,Orange,17,11399,1435,125493,36071,14
8930,08/28/2020,Orange,11,11410,1140,126633,36071,12
8931,08/29/2020,Orange,8,11418,1565,128198,36071,11
8932,08/30/2020,Orange,15,11433,668,128866,36071,11
8933,08/31/2020,Orange,12,11445,829,129695,36071,14
8934,09/01/2020,Orange,15,11460,1787,131482,36071,15
8935,09/02/2020,Orange,18,11478,1105,132587,36071,14
8936,09/03/2020,Orange,9,11487,1220,133807,36071,14
8937,09/04/2020,Orange,17,11504,1095,134902,36071,12
8938,09/05/2020,Orange,11,11515,944,135846,36071,12
8939,09/06/2020,Orange,10,11525,654,136500,36071,10
8940,09/07/2020,Orange,10,11535,651,137151,36071,12
8941,09/08/2020,Orange,17,11552,891,138042,36071,15
8942,09/09/2020,Orange,20,11572,973,139015,36071,19
8943,09/10/2020,Orange,22,11594,1354,140369,36071,19
8944,09/11/2020,Orange,17,11611,1222,141591,36071,21
8945,09/12/2020,Orange,24,11635,798,142389,36071,19
8946,09/13/2020,Orange,17,11652,759,143148,36071,21
8947,09/14/2020,Orange,24,11676,1534,144682,36071,25
8948,09/15/2020,Orange,35,11711,816,145498,36071,27
8949,09/16/2020,Orange,23,11734,1112,146610,36071,28
8950,09/17/2020,Orange,26,11760,1228,147838,36071,26
8951,09/18/2020,Orange,30,11790,1413,149251,36071,26
8952,09/19/2020,Orange,22,11812,916,150167,36071,20
8953,09/20/2020,Orange,10,11822,724,150891,36071,15
8954,09/21/2020,Orange,13,11835,1278,152169,36071,13
8955,09/22/2020,Orange,16,11851,845,153014,36071,22
8956,09/23/2020,Orange,39,11890,1507,154521,36071,40
8957,09/24/2020,Orange,65,11955,1592,156113,36071,54
8958,09/25/2020,Orange,59,12014,1462,157575,36071,48
8959,09/26/2020,Orange,22,12036,1205,158780,36071,35
8960,09/27/2020,Orange,26,12062,566,159346,36071,36
8961,09/28/2020,Orange,60,12122,1497,160843,36071,35
8962,09/29/2020,Orange,21,12143,1121,161964,36071,45
8963,09/30/2020,Orange,56,12199,1405,163369,36071,50
8964,10/01/2020,Orange,74,12273,1595,164964,36071,72
8965,10/02/2020,Orange,87,12360,1425,166389,36071,65
8966,10/03/2020,Orange,34,12394,875,167264,36071,55
8967,10/04/2020,Orange,44,12438,945,168209,36071,44
8968,10/05/2020,Orange,55,12493,1702,169911,36071,56
8969,10/06/2020,Orange,70,12563,1790,171701,36071,75
8970,10/07/2020,Orange,101,12664,2622,174323,36071,85
8971,10/08/2020,Orange,84,12748,2324,176647,36071,78
8972,10/09/2020,Orange,50,12798,2234,178881,36071,59
8973,10/10/2020,Orange,44,12842,1789,180670,36071,40
8974,10/11/2020,Orange,27,12869,1170,181840,36071,44
8975,10/12/2020,Orange,61,12930,2106,183946,36071,47
8976,10/13/2020,Orange,53,12983,1848,185794,36071,54
8977,10/14/2020,Orange,50,13033,1914,187708,36071,56
8978,10/15/2020,Orange,65,13098,2966,190674,36071,52
8979,10/16/2020,Orange,41,13139,1930,192604,36071,45
8980,10/17/2020,Orange,30,13169,2291,194895,36071,28
8981,10/18/2020,Orange,13,13182,1107,196002,36071,26
8982,10/19/2020,Orange,36,13218,1970,197972,36071,29
8983,10/20/2020,Orange,40,13258,2107,200079,36071,40
8984,10/21/2020,Orange,45,13303,2056,202135,36071,41
8985,10/22/2020,Orange,39,13342,2644,204779,36071,51
8986,10/23/2020,Orange,71,13413,2452,207231,36071,51
8987,10/24/2020,Orange,44,13457,2062,209293,36071,44
8988,10/25/2020,Orange,18,13475,1113,210406,36071,45
8989,10/26/2020,Orange,73,13548,2724,213130,36071,46
8990,10/27/2020,Orange,49,13597,2001,215131,36071,65
8991,10/28/2020,Orange,75,13672,2918,218049,36071,65
8992,10/29/2020,Orange,71,13743,2980,221029,36071,77
8993,10/30/2020,Orange,87,13830,2916,223945,36071,72
8994,10/31/2020,Orange,59,13889,1799,225744,36071,63
8995,11/01/2020,Orange,44,13933,1540,227284,36071,56
8996,11/02/2020,Orange,65,13998,2871,230155,36071,55
8997,11/03/2020,Orange,57,14055,1764,231919,36071,67
8998,11/04/2020,Orange,80,14135,2663,234582,36071,74
8999,11/05/2020,Orange,86,14221,2453,237035,36071,55
9000,03/01/2020,Orleans,0,0,0,0,36073,0
9001,03/02/2020,Orleans,0,0,0,0,36073,0
9002,03/03/2020,Orleans,0,0,0,0,36073,0
9003,03/04/2020,Orleans,0,0,0,0,36073,0
9004,03/05/2020,Orleans,0,0,0,0,36073,0
9005,03/06/2020,Orleans,0,0,0,0,36073,0
9006,03/07/2020,Orleans,0,0,0,0,36073,0
9007,03/08/2020,Orleans,0,0,0,0,36073,0
9008,03/09/2020,Orleans,0,0,0,0,36073,0
9009,03/10/2020,Orleans,0,0,0,0,36073,0
9010,03/11/2020,Orleans,0,0,0,0,36073,0
9011,03/12/2020,Orleans,0,0,0,0,36073,0
9012,03/13/2020,Orleans,0,0,1,1,36073,0
9013,03/14/2020,Orleans,0,0,0,1,36073,0
9014,03/15/2020,Orleans,0,0,0,1,36073,0
9015,03/16/2020,Orleans,0,0,5,6,36073,0
9016,03/17/2020,Orleans,0,0,5,11,36073,0
9017,03/18/2020,Orleans,0,0,3,14,36073,0
9018,03/19/2020,Orleans,0,0,6,20,36073,0
9019,03/20/2020,Orleans,0,0,5,25,36073,0
9020,03/21/2020,Orleans,0,0,7,32,36073,0
9021,03/22/2020,Orleans,0,0,4,36,36073,0
9022,03/23/2020,Orleans,2,2,9,45,36073,0
9023,03/24/2020,Orleans,0,2,7,52,36073,0
9024,03/25/2020,Orleans,0,2,11,63,36073,0
9025,03/26/2020,Orleans,1,3,11,74,36073,0
9026,03/27/2020,Orleans,0,3,8,82,36073,0
9027,03/28/2020,Orleans,0,3,3,85,36073,0
9028,03/29/2020,Orleans,1,4,11,96,36073,1
9029,03/30/2020,Orleans,2,6,14,110,36073,1
9030,03/31/2020,Orleans,0,6,6,116,36073,0
9031,04/01/2020,Orleans,0,6,11,127,36073,1
9032,04/02/2020,Orleans,3,9,13,140,36073,1
9033,04/03/2020,Orleans,1,10,11,151,36073,1
9034,04/04/2020,Orleans,1,11,9,160,36073,1
9035,04/05/2020,Orleans,2,13,16,176,36073,1
9036,04/06/2020,Orleans,2,15,17,193,36073,1
9037,04/07/2020,Orleans,1,16,14,207,36073,3
9038,04/08/2020,Orleans,6,22,27,234,36073,3
9039,04/09/2020,Orleans,2,24,14,248,36073,2
9040,04/10/2020,Orleans,0,24,3,251,36073,1
9041,04/11/2020,Orleans,1,25,7,258,36073,0
9042,04/12/2020,Orleans,1,26,6,264,36073,2
9043,04/13/2020,Orleans,5,31,18,282,36073,2
9044,04/14/2020,Orleans,2,33,8,290,36073,2
9045,04/15/2020,Orleans,1,34,5,295,36073,1
9046,04/16/2020,Orleans,0,34,4,299,36073,2
9047,04/17/2020,Orleans,7,41,14,313,36073,4
9048,04/18/2020,Orleans,5,46,35,348,36073,4
9049,04/19/2020,Orleans,0,46,3,351,36073,4
9050,04/20/2020,Orleans,7,53,33,384,36073,3
9051,04/21/2020,Orleans,3,56,11,395,36073,4
9052,04/22/2020,Orleans,3,59,11,406,36073,2
9053,04/23/2020,Orleans,1,60,13,419,36073,6
9054,04/24/2020,Orleans,15,75,98,517,36073,7
9055,04/25/2020,Orleans,5,80,28,545,36073,6
9056,04/26/2020,Orleans,0,80,14,559,36073,1
9057,04/27/2020,Orleans,0,80,8,567,36073,1
9058,04/28/2020,Orleans,5,85,26,593,36073,3
9059,04/29/2020,Orleans,4,89,35,628,36073,4
9060,04/30/2020,Orleans,3,92,23,651,36073,2
9061,05/01/2020,Orleans,1,93,29,680,36073,2
9062,05/02/2020,Orleans,4,97,22,702,36073,1
9063,05/03/2020,Orleans,0,97,21,723,36073,2
9064,05/04/2020,Orleans,2,99,15,738,36073,2
9065,05/05/2020,Orleans,4,103,36,774,36073,3
9066,05/06/2020,Orleans,5,108,33,807,36073,7
9067,05/07/2020,Orleans,13,121,62,869,36073,6
9068,05/08/2020,Orleans,1,122,29,898,36073,6
9069,05/09/2020,Orleans,4,126,41,939,36073,3
9070,05/10/2020,Orleans,4,130,40,979,36073,3
9071,05/11/2020,Orleans,3,133,31,1010,36073,5
9072,05/12/2020,Orleans,9,142,61,1071,36073,5
9073,05/13/2020,Orleans,3,145,57,1128,36073,4
9074,05/14/2020,Orleans,2,147,38,1166,36073,7
9075,05/15/2020,Orleans,16,163,102,1268,36073,7
9076,05/16/2020,Orleans,4,167,59,1327,36073,6
9077,05/17/2020,Orleans,0,167,42,1369,36073,1
9078,05/18/2020,Orleans,1,168,48,1417,36073,1
9079,05/19/2020,Orleans,3,171,60,1477,36073,2
9080,05/20/2020,Orleans,3,174,98,1575,36073,2
9081,05/21/2020,Orleans,1,175,50,1625,36073,8
9082,05/22/2020,Orleans,21,196,85,1710,36073,9
9083,05/23/2020,Orleans,6,202,129,1839,36073,10
9084,05/24/2020,Orleans,3,205,63,1902,36073,4
9085,05/25/2020,Orleans,3,208,49,1951,36073,2
9086,05/26/2020,Orleans,2,210,44,1995,36073,2
9087,05/27/2020,Orleans,2,212,117,2112,36073,2
9088,05/28/2020,Orleans,4,216,112,2224,36073,6
9089,05/29/2020,Orleans,12,228,83,2307,36073,5
9090,05/30/2020,Orleans,1,229,101,2408,36073,6
9091,05/31/2020,Orleans,7,236,105,2513,36073,4
9092,06/01/2020,Orleans,5,241,89,2602,36073,5
9093,06/02/2020,Orleans,5,246,157,2759,36073,3
9094,06/03/2020,Orleans,1,247,81,2840,36073,2
9095,06/04/2020,Orleans,0,247,102,2942,36073,2
9096,06/05/2020,Orleans,7,254,183,3125,36073,2
9097,06/06/2020,Orleans,1,255,115,3240,36073,3
9098,06/07/2020,Orleans,1,256,69,3309,36073,1
9099,06/08/2020,Orleans,1,257,77,3386,36073,1
9100,06/09/2020,Orleans,2,259,117,3503,36073,1
9101,06/10/2020,Orleans,1,260,89,3592,36073,1
9102,06/11/2020,Orleans,0,260,89,3681,36073,0
9103,06/12/2020,Orleans,1,261,114,3795,36073,2
9104,06/13/2020,Orleans,6,267,92,3887,36073,2
9105,06/14/2020,Orleans,1,268,60,3947,36073,2
9106,06/15/2020,Orleans,0,268,117,4064,36073,1
9107,06/16/2020,Orleans,2,270,81,4145,36073,1
9108,06/17/2020,Orleans,1,271,121,4266,36073,2
9109,06/18/2020,Orleans,3,274,110,4376,36073,1
9110,06/19/2020,Orleans,1,275,89,4465,36073,1
9111,06/20/2020,Orleans,1,276,97,4562,36073,0
9112,06/21/2020,Orleans,0,276,111,4673,36073,0
9113,06/22/2020,Orleans,1,277,98,4771,36073,0
9114,06/23/2020,Orleans,0,277,53,4824,36073,1
9115,06/24/2020,Orleans,2,279,85,4909,36073,0
9116,06/25/2020,Orleans,0,279,37,4946,36073,1
9117,06/26/2020,Orleans,1,280,128,5074,36073,0
9118,06/27/2020,Orleans,1,281,98,5172,36073,0
9119,06/28/2020,Orleans,0,281,121,5293,36073,0
9120,06/29/2020,Orleans,0,281,70,5363,36073,0
9121,06/30/2020,Orleans,0,281,84,5447,36073,0
9122,07/01/2020,Orleans,1,282,68,5515,36073,0
9123,07/02/2020,Orleans,0,282,78,5593,36073,0
9124,07/03/2020,Orleans,0,282,152,5745,36073,0
9125,07/04/2020,Orleans,0,282,138,5883,36073,0
9126,07/05/2020,Orleans,2,284,95,5978,36073,1
9127,07/06/2020,Orleans,1,285,98,6076,36073,1
9128,07/07/2020,Orleans,1,286,115,6191,36073,0
9129,07/08/2020,Orleans,0,286,41,6232,36073,0
9130,07/09/2020,Orleans,1,287,140,6372,36073,0
9131,07/10/2020,Orleans,0,287,105,6477,36073,0
9132,07/11/2020,Orleans,0,287,144,6621,36073,0
9133,07/12/2020,Orleans,0,287,66,6687,36073,0
9134,07/13/2020,Orleans,1,288,65,6752,36073,0
9135,07/14/2020,Orleans,0,288,81,6833,36073,0
9136,07/15/2020,Orleans,0,288,147,6980,36073,0
9137,07/16/2020,Orleans,0,288,73,7053,36073,0
9138,07/17/2020,Orleans,0,288,114,7167,36073,0
9139,07/18/2020,Orleans,0,288,48,7215,36073,0
9140,07/19/2020,Orleans,0,288,64,7279,36073,0
9141,07/20/2020,Orleans,0,288,90,7369,36073,0
9142,07/21/2020,Orleans,0,288,72,7441,36073,0
9143,07/22/2020,Orleans,0,288,78,7519,36073,0
9144,07/23/2020,Orleans,1,289,85,7604,36073,0
9145,07/24/2020,Orleans,0,289,71,7675,36073,0
9146,07/25/2020,Orleans,1,290,70,7745,36073,0
9147,07/26/2020,Orleans,0,290,75,7820,36073,0
9148,07/27/2020,Orleans,0,290,74,7894,36073,0
9149,07/28/2020,Orleans,1,291,111,8005,36073,0
9150,07/29/2020,Orleans,0,291,80,8085,36073,1
9151,07/30/2020,Orleans,2,293,100,8185,36073,1
9152,07/31/2020,Orleans,2,295,170,8355,36073,1
9153,08/01/2020,Orleans,0,295,81,8436,36073,0
9154,08/02/2020,Orleans,0,295,61,8497,36073,0
9155,08/03/2020,Orleans,0,295,123,8620,36073,0
9156,08/04/2020,Orleans,2,297,162,8782,36073,0
9157,08/05/2020,Orleans,0,297,66,8848,36073,0
9158,08/06/2020,Orleans,0,297,111,8959,36073,0
9159,08/07/2020,Orleans,1,298,199,9158,36073,0
9160,08/08/2020,Orleans,0,298,89,9247,36073,0
9161,08/09/2020,Orleans,0,298,65,9312,36073,0
9162,08/10/2020,Orleans,0,298,110,9422,36073,0
9163,08/11/2020,Orleans,0,298,110,9532,36073,0
9164,08/12/2020,Orleans,1,299,166,9698,36073,0
9165,08/13/2020,Orleans,0,299,113,9811,36073,0
9166,08/14/2020,Orleans,1,300,104,9915,36073,0
9167,08/15/2020,Orleans,1,301,174,10089,36073,1
9168,08/16/2020,Orleans,1,302,75,10164,36073,0
9169,08/17/2020,Orleans,0,302,96,10260,36073,0
9170,08/18/2020,Orleans,1,303,134,10394,36073,0
9171,08/19/2020,Orleans,0,303,95,10489,36073,0
9172,08/20/2020,Orleans,0,303,94,10583,36073,0
9173,08/21/2020,Orleans,1,304,130,10713,36073,0
9174,08/22/2020,Orleans,0,304,111,10824,36073,0
9175,08/23/2020,Orleans,0,304,99,10923,36073,0
9176,08/24/2020,Orleans,0,304,67,10990,36073,0
9177,08/25/2020,Orleans,1,305,143,11133,36073,0
9178,08/26/2020,Orleans,0,305,105,11238,36073,0
9179,08/27/2020,Orleans,1,306,97,11335,36073,0
9180,08/28/2020,Orleans,0,306,147,11482,36073,0
9181,08/29/2020,Orleans,0,306,114,11596,36073,0
9182,08/30/2020,Orleans,0,306,118,11714,36073,0
9183,08/31/2020,Orleans,0,306,71,11785,36073,0
9184,09/01/2020,Orleans,0,306,112,11897,36073,0
9185,09/02/2020,Orleans,0,306,184,12081,36073,0
9186,09/03/2020,Orleans,1,307,225,12306,36073,1
9187,09/04/2020,Orleans,3,310,161,12467,36073,2
9188,09/05/2020,Orleans,4,314,347,12814,36073,2
9189,09/06/2020,Orleans,1,315,66,12880,36073,2
9190,09/07/2020,Orleans,2,317,130,13010,36073,1
9191,09/08/2020,Orleans,0,317,86,13096,36073,1
9192,09/09/2020,Orleans,1,318,99,13195,36073,1
9193,09/10/2020,Orleans,2,320,195,13390,36073,1
9194,09/11/2020,Orleans,1,321,123,13513,36073,1
9195,09/12/2020,Orleans,0,321,132,13645,36073,0
9196,09/13/2020,Orleans,0,321,81,13726,36073,0
9197,09/14/2020,Orleans,1,322,57,13783,36073,0
9198,09/15/2020,Orleans,0,322,165,13948,36073,0
9199,09/16/2020,Orleans,0,322,251,14199,36073,0
9200,09/17/2020,Orleans,0,322,160,14359,36073,0
9201,09/18/2020,Orleans,1,323,240,14599,36073,0
9202,09/19/2020,Orleans,0,323,171,14770,36073,0
9203,09/20/2020,Orleans,1,324,62,14832,36073,0
9204,09/21/2020,Orleans,1,325,278,15110,36073,0
9205,09/22/2020,Orleans,0,325,144,15254,36073,1
9206,09/23/2020,Orleans,2,327,256,15510,36073,1
9207,09/24/2020,Orleans,3,330,164,15674,36073,2
9208,09/25/2020,Orleans,2,332,149,15823,36073,2
9209,09/26/2020,Orleans,3,335,162,15985,36073,1
9210,09/27/2020,Orleans,0,335,80,16065,36073,1
9211,09/28/2020,Orleans,0,335,131,16196,36073,0
9212,09/29/2020,Orleans,1,336,135,16331,36073,0
9213,09/30/2020,Orleans,0,336,192,16523,36073,0
9214,10/01/2020,Orleans,0,336,118,16641,36073,0
9215,10/02/2020,Orleans,1,337,164,16805,36073,0
9216,10/03/2020,Orleans,0,337,130,16935,36073,0
9217,10/04/2020,Orleans,0,337,47,16982,36073,0
9218,10/05/2020,Orleans,1,338,89,17071,36073,1
9219,10/06/2020,Orleans,2,340,148,17219,36073,1
9220,10/07/2020,Orleans,2,342,190,17409,36073,1
9221,10/08/2020,Orleans,1,343,163,17572,36073,1
9222,10/09/2020,Orleans,1,344,178,17750,36073,2
9223,10/10/2020,Orleans,6,350,170,17920,36073,3
9224,10/11/2020,Orleans,2,352,81,18001,36073,3
9225,10/12/2020,Orleans,2,354,133,18134,36073,1
9226,10/13/2020,Orleans,1,355,97,18231,36073,1
9227,10/14/2020,Orleans,1,356,175,18406,36073,1
9228,10/15/2020,Orleans,3,359,176,18582,36073,1
9229,10/16/2020,Orleans,1,360,161,18743,36073,2
9230,10/17/2020,Orleans,2,362,105,18848,36073,1
9231,10/18/2020,Orleans,1,363,133,18981,36073,2
9232,10/19/2020,Orleans,5,368,105,19086,36073,4
9233,10/20/2020,Orleans,8,376,114,19200,36073,5
9234,10/21/2020,Orleans,2,378,190,19390,36073,3
9235,10/22/2020,Orleans,1,379,174,19564,36073,3
9236,10/23/2020,Orleans,6,385,228,19792,36073,5
9237,10/24/2020,Orleans,8,393,137,19929,36073,6
9238,10/25/2020,Orleans,6,399,167,20096,36073,5
9239,10/26/2020,Orleans,2,401,146,20242,36073,4
9240,10/27/2020,Orleans,5,406,106,20348,36073,4
9241,10/28/2020,Orleans,6,412,205,20553,36073,4
9242,10/29/2020,Orleans,1,413,158,20711,36073,2
9243,10/30/2020,Orleans,0,413,149,20860,36073,0
9244,10/31/2020,Orleans,0,413,157,21017,36073,0
9245,11/01/2020,Orleans,2,415,196,21213,36073,1
9246,11/02/2020,Orleans,3,418,132,21345,36073,2
9247,11/03/2020,Orleans,3,421,96,21441,36073,2
9248,11/04/2020,Orleans,1,422,182,21623,36073,3
9249,11/05/2020,Orleans,7,429,191,21814,36073,2
9250,03/01/2020,Oswego,0,0,0,0,36075,0
9251,03/02/2020,Oswego,0,0,0,0,36075,0
9252,03/03/2020,Oswego,0,0,0,0,36075,0
9253,03/04/2020,Oswego,0,0,0,0,36075,0
9254,03/05/2020,Oswego,0,0,0,0,36075,0
9255,03/06/2020,Oswego,0,0,0,0,36075,0
9256,03/07/2020,Oswego,0,0,0,0,36075,0
9257,03/08/2020,Oswego,0,0,0,0,36075,0
9258,03/09/2020,Oswego,0,0,0,0,36075,0
9259,03/10/2020,Oswego,0,0,1,1,36075,0
9260,03/11/2020,Oswego,0,0,0,1,36075,0
9261,03/12/2020,Oswego,0,0,0,1,36075,0
9262,03/13/2020,Oswego,0,0,2,3,36075,0
9263,03/14/2020,Oswego,0,0,2,5,36075,0
9264,03/15/2020,Oswego,0,0,0,5,36075,0
9265,03/16/2020,Oswego,0,0,4,9,36075,0
9266,03/17/2020,Oswego,0,0,3,12,36075,0
9267,03/18/2020,Oswego,0,0,8,20,36075,0
9268,03/19/2020,Oswego,0,0,3,23,36075,0
9269,03/20/2020,Oswego,0,0,11,34,36075,0
9270,03/21/2020,Oswego,0,0,19,53,36075,0
9271,03/22/2020,Oswego,1,1,23,76,36075,0
9272,03/23/2020,Oswego,1,2,28,104,36075,0
9273,03/24/2020,Oswego,0,2,13,117,36075,1
9274,03/25/2020,Oswego,2,4,25,142,36075,0
9275,03/26/2020,Oswego,0,4,18,160,36075,1
9276,03/27/2020,Oswego,3,7,38,198,36075,1
9277,03/28/2020,Oswego,1,8,35,233,36075,3
9278,03/29/2020,Oswego,6,14,53,286,36075,2
9279,03/30/2020,Oswego,1,15,30,316,36075,3
9280,03/31/2020,Oswego,2,17,27,343,36075,2
9281,04/01/2020,Oswego,5,22,80,423,36075,3
9282,04/02/2020,Oswego,4,26,82,505,36075,3
9283,04/03/2020,Oswego,0,26,31,536,36075,2
9284,04/04/2020,Oswego,2,28,26,562,36075,1
9285,04/05/2020,Oswego,1,29,39,601,36075,1
9286,04/06/2020,Oswego,2,31,70,671,36075,1
9287,04/07/2020,Oswego,2,33,27,698,36075,2
9288,04/08/2020,Oswego,3,36,61,759,36075,1
9289,04/09/2020,Oswego,0,36,32,791,36075,1
9290,04/10/2020,Oswego,1,37,12,803,36075,0
9291,04/11/2020,Oswego,1,38,15,818,36075,0
9292,04/12/2020,Oswego,0,38,10,828,36075,1
9293,04/13/2020,Oswego,3,41,74,902,36075,1
9294,04/14/2020,Oswego,1,42,17,919,36075,2
9295,04/15/2020,Oswego,2,44,18,937,36075,1
9296,04/16/2020,Oswego,1,45,28,965,36075,1
9297,04/17/2020,Oswego,0,45,14,979,36075,1
9298,04/18/2020,Oswego,2,47,18,997,36075,1
9299,04/19/2020,Oswego,1,48,18,1015,36075,1
9300,04/20/2020,Oswego,1,49,12,1027,36075,0
9301,04/21/2020,Oswego,0,49,4,1031,36075,0
9302,04/22/2020,Oswego,0,49,21,1052,36075,0
9303,04/23/2020,Oswego,2,51,18,1070,36075,2
9304,04/24/2020,Oswego,6,57,298,1368,36075,4
9305,04/25/2020,Oswego,4,61,67,1435,36075,3
9306,04/26/2020,Oswego,0,61,33,1468,36075,2
9307,04/27/2020,Oswego,2,63,40,1508,36075,0
9308,04/28/2020,Oswego,0,63,39,1547,36075,0
9309,04/29/2020,Oswego,0,63,45,1592,36075,0
9310,04/30/2020,Oswego,1,64,36,1628,36075,1
9311,05/01/2020,Oswego,2,66,30,1658,36075,1
9312,05/02/2020,Oswego,0,66,37,1695,36075,1
9313,05/03/2020,Oswego,1,67,44,1739,36075,0
9314,05/04/2020,Oswego,1,68,40,1779,36075,1
9315,05/05/2020,Oswego,2,70,41,1820,36075,1
9316,05/06/2020,Oswego,0,70,48,1868,36075,1
9317,05/07/2020,Oswego,2,72,54,1922,36075,1
9318,05/08/2020,Oswego,3,75,52,1974,36075,1
9319,05/09/2020,Oswego,0,75,59,2033,36075,1
9320,05/10/2020,Oswego,0,75,49,2082,36075,0
9321,05/11/2020,Oswego,1,76,53,2135,36075,0
9322,05/12/2020,Oswego,0,76,59,2194,36075,1
9323,05/13/2020,Oswego,2,78,64,2258,36075,1
9324,05/14/2020,Oswego,2,80,110,2368,36075,2
9325,05/15/2020,Oswego,3,83,241,2609,36075,2
9326,05/16/2020,Oswego,1,84,81,2690,36075,1
9327,05/17/2020,Oswego,0,84,197,2887,36075,2
9328,05/18/2020,Oswego,5,89,95,2982,36075,2
9329,05/19/2020,Oswego,1,90,129,3111,36075,2
9330,05/20/2020,Oswego,2,92,300,3411,36075,2
9331,05/21/2020,Oswego,4,96,215,3626,36075,3
9332,05/22/2020,Oswego,3,99,302,3928,36075,2
9333,05/23/2020,Oswego,1,100,479,4407,36075,2
9334,05/24/2020,Oswego,4,104,131,4538,36075,1
9335,05/25/2020,Oswego,0,104,175,4713,36075,1
9336,05/26/2020,Oswego,1,105,337,5050,36075,1
9337,05/27/2020,Oswego,2,107,260,5310,36075,1
9338,05/28/2020,Oswego,1,108,252,5562,36075,1
9339,05/29/2020,Oswego,0,108,317,5879,36075,0
9340,05/30/2020,Oswego,1,109,443,6322,36075,0
9341,05/31/2020,Oswego,1,110,138,6460,36075,0
9342,06/01/2020,Oswego,0,110,308,6768,36075,1
9343,06/02/2020,Oswego,2,112,409,7177,36075,0
9344,06/03/2020,Oswego,0,112,185,7362,36075,0
9345,06/04/2020,Oswego,0,112,609,7971,36075,0
9346,06/05/2020,Oswego,2,114,475,8446,36075,1
9347,06/06/2020,Oswego,1,115,272,8718,36075,1
9348,06/07/2020,Oswego,0,115,414,9132,36075,0
9349,06/08/2020,Oswego,0,115,149,9281,36075,0
9350,06/09/2020,Oswego,0,115,489,9770,36075,1
9351,06/10/2020,Oswego,4,119,297,10067,36075,1
9352,06/11/2020,Oswego,1,120,614,10681,36075,2
9353,06/12/2020,Oswego,2,122,246,10927,36075,1
9354,06/13/2020,Oswego,0,122,274,11201,36075,2
9355,06/14/2020,Oswego,4,126,199,11400,36075,5
9356,06/15/2020,Oswego,13,139,197,11597,36075,5
9357,06/16/2020,Oswego,0,139,117,11714,36075,6
9358,06/17/2020,Oswego,5,144,417,12131,36075,9
9359,06/18/2020,Oswego,23,167,771,12902,36075,10
9360,06/19/2020,Oswego,2,169,351,13253,36075,9
9361,06/20/2020,Oswego,4,173,191,13444,36075,2
9362,06/21/2020,Oswego,0,173,258,13702,36075,3
9363,06/22/2020,Oswego,6,179,176,13878,36075,5
9364,06/23/2020,Oswego,9,188,191,14069,36075,6
9365,06/24/2020,Oswego,3,191,343,14412,36075,4
9366,06/25/2020,Oswego,1,192,363,14775,36075,2
9367,06/26/2020,Oswego,2,194,401,15176,36075,1
9368,06/27/2020,Oswego,1,195,127,15303,36075,1
9369,06/28/2020,Oswego,1,196,272,15575,36075,1
9370,06/29/2020,Oswego,1,197,145,15720,36075,2
9371,06/30/2020,Oswego,4,201,233,15953,36075,3
9372,07/01/2020,Oswego,5,206,218,16171,36075,3
9373,07/02/2020,Oswego,0,206,286,16457,36075,1
9374,07/03/2020,Oswego,0,206,200,16657,36075,0
9375,07/04/2020,Oswego,0,206,221,16878,36075,0
9376,07/05/2020,Oswego,0,206,186,17064,36075,0
9377,07/06/2020,Oswego,1,207,308,17372,36075,1
9378,07/07/2020,Oswego,3,210,367,17739,36075,1
9379,07/08/2020,Oswego,1,211,358,18097,36075,3
9380,07/09/2020,Oswego,5,216,248,18345,36075,3
9381,07/10/2020,Oswego,3,219,208,18553,36075,3
9382,07/11/2020,Oswego,1,220,139,18692,36075,2
9383,07/12/2020,Oswego,2,222,322,19014,36075,2
9384,07/13/2020,Oswego,3,225,367,19381,36075,2
9385,07/14/2020,Oswego,1,226,349,19730,36075,1
9386,07/15/2020,Oswego,1,227,269,19999,36075,0
9387,07/16/2020,Oswego,0,227,510,20509,36075,1
9388,07/17/2020,Oswego,2,229,391,20900,36075,0
9389,07/18/2020,Oswego,0,229,223,21123,36075,0
9390,07/19/2020,Oswego,0,229,213,21336,36075,0
9391,07/20/2020,Oswego,2,231,398,21734,36075,1
9392,07/21/2020,Oswego,1,232,640,22374,36075,1
9393,07/22/2020,Oswego,2,234,402,22776,36075,1
9394,07/23/2020,Oswego,0,234,402,23178,36075,1
9395,07/24/2020,Oswego,2,236,422,23600,36075,1
9396,07/25/2020,Oswego,2,238,512,24112,36075,1
9397,07/26/2020,Oswego,1,239,349,24461,36075,1
9398,07/27/2020,Oswego,0,239,311,24772,36075,0
9399,07/28/2020,Oswego,0,239,254,25026,36075,0
9400,07/29/2020,Oswego,1,240,341,25367,36075,0
9401,07/30/2020,Oswego,1,241,253,25620,36075,1
9402,07/31/2020,Oswego,3,244,413,26033,36075,2
9403,08/01/2020,Oswego,2,246,307,26340,36075,2
9404,08/02/2020,Oswego,2,248,199,26539,36075,1
9405,08/03/2020,Oswego,1,249,459,26998,36075,1
9406,08/04/2020,Oswego,1,250,231,27229,36075,1
9407,08/05/2020,Oswego,1,251,372,27601,36075,0
9408,08/06/2020,Oswego,0,251,328,27929,36075,1
9409,08/07/2020,Oswego,2,253,492,28421,36075,0
9410,08/08/2020,Oswego,0,253,218,28639,36075,0
9411,08/09/2020,Oswego,0,253,236,28875,36075,0
9412,08/10/2020,Oswego,2,255,540,29415,36075,1
9413,08/11/2020,Oswego,2,257,193,29608,36075,1
9414,08/12/2020,Oswego,1,258,330,29938,36075,3
9415,08/13/2020,Oswego,6,264,612,30550,36075,4
9416,08/14/2020,Oswego,7,271,350,30900,36075,4
9417,08/15/2020,Oswego,0,271,259,31159,36075,2
9418,08/16/2020,Oswego,1,272,276,31435,36075,0
9419,08/17/2020,Oswego,0,272,317,31752,36075,1
9420,08/18/2020,Oswego,2,274,353,32105,36075,1
9421,08/19/2020,Oswego,2,276,368,32473,36075,2
9422,08/20/2020,Oswego,3,279,410,32883,36075,2
9423,08/21/2020,Oswego,2,281,710,33593,36075,2
9424,08/22/2020,Oswego,1,282,186,33779,36075,1
9425,08/23/2020,Oswego,0,282,180,33959,36075,1
9426,08/24/2020,Oswego,3,285,354,34313,36075,1
9427,08/25/2020,Oswego,1,286,153,34466,36075,1
9428,08/26/2020,Oswego,1,287,203,34669,36075,1
9429,08/27/2020,Oswego,1,288,290,34959,36075,1
9430,08/28/2020,Oswego,3,291,489,35448,36075,2
9431,08/29/2020,Oswego,4,295,501,35949,36075,5
9432,08/30/2020,Oswego,8,303,215,36164,36075,4
9433,08/31/2020,Oswego,1,304,482,36646,36075,4
9434,09/01/2020,Oswego,3,307,203,36849,36075,2
9435,09/02/2020,Oswego,4,311,351,37200,36075,3
9436,09/03/2020,Oswego,3,314,294,37494,36075,6
9437,09/04/2020,Oswego,11,325,708,38202,36075,4
9438,09/05/2020,Oswego,0,325,416,38618,36075,5
9439,09/06/2020,Oswego,4,329,240,38858,36075,2
9440,09/07/2020,Oswego,2,331,280,39138,36075,2
9441,09/08/2020,Oswego,0,331,149,39287,36075,1
9442,09/09/2020,Oswego,2,333,135,39422,36075,8
9443,09/10/2020,Oswego,24,357,498,39920,36075,10
9444,09/11/2020,Oswego,5,362,735,40655,36075,18
9445,09/12/2020,Oswego,26,388,508,41163,36075,11
9446,09/13/2020,Oswego,2,390,293,41456,36075,13
9447,09/14/2020,Oswego,12,402,398,41854,36075,7
9448,09/15/2020,Oswego,7,409,226,42080,36075,7
9449,09/16/2020,Oswego,3,412,320,42400,36075,5
9450,09/17/2020,Oswego,6,418,416,42816,36075,5
9451,09/18/2020,Oswego,6,424,543,43359,36075,11
9452,09/19/2020,Oswego,23,447,477,43836,36075,12
9453,09/20/2020,Oswego,9,456,348,44184,36075,13
9454,09/21/2020,Oswego,8,464,331,44515,36075,7
9455,09/22/2020,Oswego,4,468,287,44802,36075,4
9456,09/23/2020,Oswego,2,470,326,45128,36075,5
9457,09/24/2020,Oswego,9,479,457,45585,36075,5
9458,09/25/2020,Oswego,4,483,520,46105,36075,7
9459,09/26/2020,Oswego,10,493,440,46545,36075,4
9460,09/27/2020,Oswego,0,493,297,46842,36075,5
9461,09/28/2020,Oswego,6,499,482,47324,36075,3
9462,09/29/2020,Oswego,4,503,564,47888,36075,4
9463,09/30/2020,Oswego,3,506,466,48354,36075,5
9464,10/01/2020,Oswego,8,514,1026,49380,36075,5
9465,10/02/2020,Oswego,4,518,676,50056,36075,5
9466,10/03/2020,Oswego,3,521,733,50789,36075,3
9467,10/04/2020,Oswego,2,523,440,51229,36075,3
9468,10/05/2020,Oswego,6,529,389,51618,36075,3
9469,10/06/2020,Oswego,2,531,684,52302,36075,4
9470,10/07/2020,Oswego,5,536,363,52665,36075,4
9471,10/08/2020,Oswego,6,542,824,53489,36075,5
9472,10/09/2020,Oswego,5,547,923,54412,36075,4
9473,10/10/2020,Oswego,3,550,749,55161,36075,3
9474,10/11/2020,Oswego,2,552,581,55742,36075,3
9475,10/12/2020,Oswego,5,557,275,56017,36075,5
9476,10/13/2020,Oswego,9,566,779,56796,36075,5
9477,10/14/2020,Oswego,2,568,738,57534,36075,7
9478,10/15/2020,Oswego,11,579,1138,58672,36075,5
9479,10/16/2020,Oswego,3,582,820,59492,36075,5
9480,10/17/2020,Oswego,2,584,366,59858,36075,2
9481,10/18/2020,Oswego,3,587,804,60662,36075,4
9482,10/19/2020,Oswego,7,594,326,60988,36075,5
9483,10/20/2020,Oswego,5,599,633,61621,36075,6
9484,10/21/2020,Oswego,7,606,586,62207,36075,4
9485,10/22/2020,Oswego,1,607,573,62780,36075,3
9486,10/23/2020,Oswego,2,609,998,63778,36075,3
9487,10/24/2020,Oswego,7,616,388,64166,36075,4
9488,10/25/2020,Oswego,4,620,480,64646,36075,4
9489,10/26/2020,Oswego,3,623,369,65015,36075,3
9490,10/27/2020,Oswego,4,627,755,65770,36075,3
9491,10/28/2020,Oswego,4,631,591,66361,36075,5
9492,10/29/2020,Oswego,8,639,566,66927,36075,5
9493,10/30/2020,Oswego,5,644,822,67749,36075,5
9494,10/31/2020,Oswego,4,648,644,68393,36075,7
9495,11/01/2020,Oswego,13,661,366,68759,36075,8
9496,11/02/2020,Oswego,8,669,350,69109,36075,10
9497,11/03/2020,Oswego,9,678,409,69518,36075,9
9498,11/04/2020,Oswego,11,689,756,70274,36075,14
9499,11/05/2020,Oswego,22,711,1125,71399,36075,11
9500,03/01/2020,Otsego,0,0,0,0,36077,0
9501,03/02/2020,Otsego,0,0,0,0,36077,0
9502,03/03/2020,Otsego,0,0,0,0,36077,0
9503,03/04/2020,Otsego,0,0,0,0,36077,0
9504,03/05/2020,Otsego,0,0,0,0,36077,0
9505,03/06/2020,Otsego,0,0,0,0,36077,0
9506,03/07/2020,Otsego,0,0,1,1,36077,0
9507,03/08/2020,Otsego,0,0,1,2,36077,0
9508,03/09/2020,Otsego,0,0,0,2,36077,0
9509,03/10/2020,Otsego,0,0,0,2,36077,0
9510,03/11/2020,Otsego,0,0,0,2,36077,0
9511,03/12/2020,Otsego,0,0,0,2,36077,0
9512,03/13/2020,Otsego,0,0,1,3,36077,0
9513,03/14/2020,Otsego,0,0,2,5,36077,0
9514,03/15/2020,Otsego,0,0,1,6,36077,0
9515,03/16/2020,Otsego,0,0,0,6,36077,0
9516,03/17/2020,Otsego,0,0,1,7,36077,0
9517,03/18/2020,Otsego,0,0,2,9,36077,0
9518,03/19/2020,Otsego,0,0,10,19,36077,0
9519,03/20/2020,Otsego,0,0,20,39,36077,0
9520,03/21/2020,Otsego,0,0,11,50,36077,0
9521,03/22/2020,Otsego,1,1,10,60,36077,0
9522,03/23/2020,Otsego,0,1,11,71,36077,0
9523,03/24/2020,Otsego,1,2,5,76,36077,0
9524,03/25/2020,Otsego,1,3,6,82,36077,1
9525,03/26/2020,Otsego,2,5,12,94,36077,1
9526,03/27/2020,Otsego,2,7,19,113,36077,2
9527,03/28/2020,Otsego,3,10,21,134,36077,4
9528,03/29/2020,Otsego,7,17,16,150,36077,3
9529,03/30/2020,Otsego,1,18,8,158,36077,3
9530,03/31/2020,Otsego,1,19,19,177,36077,1
9531,04/01/2020,Otsego,2,21,17,194,36077,1
9532,04/02/2020,Otsego,0,21,12,206,36077,2
9533,04/03/2020,Otsego,5,26,53,259,36077,2
9534,04/04/2020,Otsego,3,29,25,284,36077,4
9535,04/05/2020,Otsego,5,34,41,325,36077,2
9536,04/06/2020,Otsego,0,34,43,368,36077,3
9537,04/07/2020,Otsego,4,38,31,399,36077,1
9538,04/08/2020,Otsego,1,39,42,441,36077,2
9539,04/09/2020,Otsego,2,41,40,481,36077,1
9540,04/10/2020,Otsego,2,43,34,515,36077,1
9541,04/11/2020,Otsego,0,43,15,530,36077,0
9542,04/12/2020,Otsego,0,43,35,565,36077,0
9543,04/13/2020,Otsego,1,44,90,655,36077,0
9544,04/14/2020,Otsego,0,44,14,669,36077,0
9545,04/15/2020,Otsego,0,44,15,684,36077,0
9546,04/16/2020,Otsego,0,44,9,693,36077,1
9547,04/17/2020,Otsego,3,47,18,711,36077,1
9548,04/18/2020,Otsego,1,48,18,729,36077,1
9549,04/19/2020,Otsego,1,49,10,739,36077,0
9550,04/20/2020,Otsego,0,49,10,749,36077,0
9551,04/21/2020,Otsego,0,49,15,764,36077,0
9552,04/22/2020,Otsego,1,50,22,786,36077,0
9553,04/23/2020,Otsego,0,50,18,804,36077,3
9554,04/24/2020,Otsego,10,60,249,1053,36077,3
9555,04/25/2020,Otsego,0,60,43,1096,36077,4
9556,04/26/2020,Otsego,2,62,38,1134,36077,1
9557,04/27/2020,Otsego,3,65,33,1167,36077,2
9558,04/28/2020,Otsego,1,66,34,1201,36077,1
9559,04/29/2020,Otsego,1,67,45,1246,36077,0
9560,04/30/2020,Otsego,0,67,40,1286,36077,0
9561,05/01/2020,Otsego,0,67,88,1374,36077,0
9562,05/02/2020,Otsego,0,67,42,1416,36077,0
9563,05/03/2020,Otsego,0,67,36,1452,36077,0
9564,05/04/2020,Otsego,0,67,87,1539,36077,0
9565,05/05/2020,Otsego,0,67,70,1609,36077,0
9566,05/06/2020,Otsego,0,67,43,1652,36077,0
9567,05/07/2020,Otsego,0,67,44,1696,36077,0
9568,05/08/2020,Otsego,0,67,39,1735,36077,0
9569,05/09/2020,Otsego,0,67,46,1781,36077,0
9570,05/10/2020,Otsego,0,67,40,1821,36077,0
9571,05/11/2020,Otsego,0,67,62,1883,36077,0
9572,05/12/2020,Otsego,0,67,82,1965,36077,0
9573,05/13/2020,Otsego,0,67,45,2010,36077,0
9574,05/14/2020,Otsego,0,67,27,2037,36077,0
9575,05/15/2020,Otsego,0,67,181,2218,36077,0
9576,05/16/2020,Otsego,0,67,50,2268,36077,0
9577,05/17/2020,Otsego,0,67,79,2347,36077,0
9578,05/18/2020,Otsego,0,67,129,2476,36077,0
9579,05/19/2020,Otsego,0,67,124,2600,36077,0
9580,05/20/2020,Otsego,0,67,65,2665,36077,0
9581,05/21/2020,Otsego,0,67,102,2767,36077,0
9582,05/22/2020,Otsego,1,68,90,2857,36077,0
9583,05/23/2020,Otsego,1,69,51,2908,36077,0
9584,05/24/2020,Otsego,0,69,38,2946,36077,0
9585,05/25/2020,Otsego,0,69,17,2963,36077,0
9586,05/26/2020,Otsego,0,69,243,3206,36077,0
9587,05/27/2020,Otsego,1,70,191,3397,36077,0
9588,05/28/2020,Otsego,1,71,128,3525,36077,0
9589,05/29/2020,Otsego,0,71,127,3652,36077,0
9590,05/30/2020,Otsego,1,72,184,3836,36077,0
9591,05/31/2020,Otsego,0,72,93,3929,36077,0
9592,06/01/2020,Otsego,1,73,189,4118,36077,0
9593,06/02/2020,Otsego,0,73,183,4301,36077,0
9594,06/03/2020,Otsego,0,73,112,4413,36077,0
9595,06/04/2020,Otsego,0,73,132,4545,36077,0
9596,06/05/2020,Otsego,1,74,265,4810,36077,0
9597,06/06/2020,Otsego,0,74,163,4973,36077,0
9598,06/07/2020,Otsego,1,75,144,5117,36077,0
9599,06/08/2020,Otsego,0,75,238,5355,36077,1
9600,06/09/2020,Otsego,2,77,144,5499,36077,1
9601,06/10/2020,Otsego,1,78,187,5686,36077,1
9602,06/11/2020,Otsego,0,78,148,5834,36077,1
9603,06/12/2020,Otsego,2,80,204,6038,36077,0
9604,06/13/2020,Otsego,0,80,54,6092,36077,0
9605,06/14/2020,Otsego,0,80,172,6264,36077,0
9606,06/15/2020,Otsego,1,81,260,6524,36077,0
9607,06/16/2020,Otsego,1,82,233,6757,36077,0
9608,06/17/2020,Otsego,0,82,165,6922,36077,0
9609,06/18/2020,Otsego,0,82,237,7159,36077,0
9610,06/19/2020,Otsego,0,82,122,7281,36077,0
9611,06/20/2020,Otsego,0,82,163,7444,36077,0
9612,06/21/2020,Otsego,1,83,138,7582,36077,0
9613,06/22/2020,Otsego,0,83,193,7775,36077,0
9614,06/23/2020,Otsego,0,83,86,7861,36077,0
9615,06/24/2020,Otsego,0,83,125,7986,36077,0
9616,06/25/2020,Otsego,0,83,128,8114,36077,0
9617,06/26/2020,Otsego,1,84,162,8276,36077,0
9618,06/27/2020,Otsego,0,84,141,8417,36077,0
9619,06/28/2020,Otsego,0,84,158,8575,36077,0
9620,06/29/2020,Otsego,0,84,155,8730,36077,0
9621,06/30/2020,Otsego,0,84,150,8880,36077,0
9622,07/01/2020,Otsego,0,84,120,9000,36077,0
9623,07/02/2020,Otsego,0,84,195,9195,36077,0
9624,07/03/2020,Otsego,2,86,112,9307,36077,0
9625,07/04/2020,Otsego,0,86,115,9422,36077,0
9626,07/05/2020,Otsego,0,86,99,9521,36077,0
9627,07/06/2020,Otsego,0,86,166,9687,36077,0
9628,07/07/2020,Otsego,0,86,68,9755,36077,0
9629,07/08/2020,Otsego,0,86,136,9891,36077,0
9630,07/09/2020,Otsego,2,88,127,10018,36077,0
9631,07/10/2020,Otsego,0,88,138,10156,36077,1
9632,07/11/2020,Otsego,1,89,139,10295,36077,0
9633,07/12/2020,Otsego,0,89,75,10370,36077,0
9634,07/13/2020,Otsego,1,90,175,10545,36077,0
9635,07/14/2020,Otsego,1,91,190,10735,36077,1
9636,07/15/2020,Otsego,1,92,171,10906,36077,1
9637,07/16/2020,Otsego,2,94,275,11181,36077,1
9638,07/17/2020,Otsego,0,94,255,11436,36077,2
9639,07/18/2020,Otsego,4,98,90,11526,36077,1
9640,07/19/2020,Otsego,0,98,125,11651,36077,2
9641,07/20/2020,Otsego,2,100,206,11857,36077,1
9642,07/21/2020,Otsego,1,101,126,11983,36077,1
9643,07/22/2020,Otsego,1,102,148,12131,36077,0
9644,07/23/2020,Otsego,0,102,112,12243,36077,0
9645,07/24/2020,Otsego,1,103,160,12403,36077,0
9646,07/25/2020,Otsego,0,103,104,12507,36077,0
9647,07/26/2020,Otsego,0,103,102,12609,36077,0
9648,07/27/2020,Otsego,2,105,171,12780,36077,1
9649,07/28/2020,Otsego,2,107,124,12904,36077,1
9650,07/29/2020,Otsego,0,107,175,13079,36077,2
9651,07/30/2020,Otsego,5,112,249,13328,36077,1
9652,07/31/2020,Otsego,0,112,152,13480,36077,1
9653,08/01/2020,Otsego,0,112,153,13633,36077,0
9654,08/02/2020,Otsego,2,114,135,13768,36077,1
9655,08/03/2020,Otsego,1,115,218,13986,36077,1
9656,08/04/2020,Otsego,0,115,193,14179,36077,0
9657,08/05/2020,Otsego,0,115,72,14251,36077,0
9658,08/06/2020,Otsego,1,116,189,14440,36077,0
9659,08/07/2020,Otsego,0,116,271,14711,36077,0
9660,08/08/2020,Otsego,0,116,141,14852,36077,0
9661,08/09/2020,Otsego,0,116,145,14997,36077,0
9662,08/10/2020,Otsego,2,118,432,15429,36077,0
9663,08/11/2020,Otsego,0,118,160,15589,36077,0
9664,08/12/2020,Otsego,0,118,276,15865,36077,0
9665,08/13/2020,Otsego,0,118,157,16022,36077,0
9666,08/14/2020,Otsego,0,118,183,16205,36077,0
9667,08/15/2020,Otsego,0,118,116,16321,36077,0
9668,08/16/2020,Otsego,0,118,92,16413,36077,0
9669,08/17/2020,Otsego,2,120,203,16616,36077,1
9670,08/18/2020,Otsego,2,122,151,16767,36077,1
9671,08/19/2020,Otsego,1,123,219,16986,36077,1
9672,08/20/2020,Otsego,1,124,162,17148,36077,0
9673,08/21/2020,Otsego,0,124,181,17329,36077,0
9674,08/22/2020,Otsego,0,124,277,17606,36077,0
9675,08/23/2020,Otsego,0,124,199,17805,36077,0
9676,08/24/2020,Otsego,0,124,113,17918,36077,0
9677,08/25/2020,Otsego,0,124,190,18108,36077,0
9678,08/26/2020,Otsego,0,124,283,18391,36077,0
9679,08/27/2020,Otsego,1,125,201,18592,36077,3
9680,08/28/2020,Otsego,9,134,272,18864,36077,6
9681,08/29/2020,Otsego,9,143,286,19150,36077,6
9682,08/30/2020,Otsego,1,144,103,19253,36077,15
9683,08/31/2020,Otsego,35,179,233,19486,36077,15
9684,09/01/2020,Otsego,10,189,240,19726,36077,21
9685,09/02/2020,Otsego,20,209,495,20221,36077,18
9686,09/03/2020,Otsego,26,235,568,20789,36077,20
9687,09/04/2020,Otsego,14,249,353,21142,36077,19
9688,09/05/2020,Otsego,19,268,495,21637,36077,16
9689,09/06/2020,Otsego,17,285,512,22149,36077,13
9690,09/07/2020,Otsego,3,288,183,22332,36077,7
9691,09/08/2020,Otsego,3,291,164,22496,36077,2
9692,09/09/2020,Otsego,0,291,125,22621,36077,2
9693,09/10/2020,Otsego,5,296,207,22828,36077,7
9694,09/11/2020,Otsego,16,312,248,23076,36077,7
9695,09/12/2020,Otsego,2,314,337,23413,36077,6
9696,09/13/2020,Otsego,0,314,107,23520,36077,1
9697,09/14/2020,Otsego,2,316,143,23663,36077,1
9698,09/15/2020,Otsego,2,318,172,23835,36077,2
9699,09/16/2020,Otsego,4,322,491,24326,36077,2
9700,09/17/2020,Otsego,2,324,178,24504,36077,2
9701,09/18/2020,Otsego,1,325,180,24684,36077,3
9702,09/19/2020,Otsego,7,332,199,24883,36077,2
9703,09/20/2020,Otsego,0,332,160,25043,36077,2
9704,09/21/2020,Otsego,0,332,193,25236,36077,0
9705,09/22/2020,Otsego,1,333,209,25445,36077,1
9706,09/23/2020,Otsego,2,335,301,25746,36077,1
9707,09/24/2020,Otsego,0,335,245,25991,36077,1
9708,09/25/2020,Otsego,3,338,285,26276,36077,1
9709,09/26/2020,Otsego,0,338,231,26507,36077,1
9710,09/27/2020,Otsego,2,340,152,26659,36077,0
9711,09/28/2020,Otsego,0,340,363,27022,36077,1
9712,09/29/2020,Otsego,1,341,454,27476,36077,0
9713,09/30/2020,Otsego,1,342,160,27636,36077,1
9714,10/01/2020,Otsego,2,344,216,27852,36077,1
9715,10/02/2020,Otsego,0,344,281,28133,36077,1
9716,10/03/2020,Otsego,2,346,206,28339,36077,1
9717,10/04/2020,Otsego,1,347,229,28568,36077,3
9718,10/05/2020,Otsego,6,353,621,29189,36077,2
9719,10/06/2020,Otsego,0,353,351,29540,36077,2
9720,10/07/2020,Otsego,1,354,296,29836,36077,1
9721,10/08/2020,Otsego,3,357,302,30138,36077,2
9722,10/09/2020,Otsego,2,359,233,30371,36077,2
9723,10/10/2020,Otsego,1,360,235,30606,36077,1
9724,10/11/2020,Otsego,0,360,148,30754,36077,1
9725,10/12/2020,Otsego,2,362,303,31057,36077,0
9726,10/13/2020,Otsego,0,362,671,31728,36077,0
9727,10/14/2020,Otsego,0,362,178,31906,36077,0
9728,10/15/2020,Otsego,0,362,178,32084,36077,0
9729,10/16/2020,Otsego,2,364,256,32340,36077,0
9730,10/17/2020,Otsego,0,364,190,32530,36077,1
9731,10/18/2020,Otsego,3,367,259,32789,36077,1
9732,10/19/2020,Otsego,1,368,775,33564,36077,1
9733,10/20/2020,Otsego,1,369,214,33778,36077,2
9734,10/21/2020,Otsego,5,374,185,33963,36077,3
9735,10/22/2020,Otsego,4,378,185,34148,36077,5
9736,10/23/2020,Otsego,6,384,228,34376,36077,5
9737,10/24/2020,Otsego,6,390,451,34827,36077,5
9738,10/25/2020,Otsego,3,393,268,35095,36077,4
9739,10/26/2020,Otsego,5,398,694,35789,36077,3
9740,10/27/2020,Otsego,2,400,470,36259,36077,3
9741,10/28/2020,Otsego,4,404,192,36451,36077,4
9742,10/29/2020,Otsego,6,410,250,36701,36077,5
9743,10/30/2020,Otsego,5,415,347,37048,36077,5
9744,10/31/2020,Otsego,6,421,216,37264,36077,4
9745,11/01/2020,Otsego,1,422,290,37554,36077,2
9746,11/02/2020,Otsego,0,422,214,37768,36077,4
9747,11/03/2020,Otsego,11,433,741,38509,36077,5
9748,11/04/2020,Otsego,4,437,594,39103,36077,6
9749,11/05/2020,Otsego,3,440,246,39349,36077,2
9750,03/01/2020,Putnam,0,0,0,0,36079,0
9751,03/02/2020,Putnam,0,0,0,0,36079,0
9752,03/03/2020,Putnam,0,0,0,0,36079,0
9753,03/04/2020,Putnam,0,0,0,0,36079,0
9754,03/05/2020,Putnam,0,0,1,1,36079,0
9755,03/06/2020,Putnam,0,0,0,1,36079,0
9756,03/07/2020,Putnam,0,0,1,2,36079,0
9757,03/08/2020,Putnam,0,0,0,2,36079,0
9758,03/09/2020,Putnam,0,0,1,3,36079,0
9759,03/10/2020,Putnam,0,0,0,3,36079,0
9760,03/11/2020,Putnam,0,0,7,10,36079,0
9761,03/12/2020,Putnam,0,0,1,11,36079,0
9762,03/13/2020,Putnam,0,0,14,25,36079,0
9763,03/14/2020,Putnam,0,0,3,28,36079,0
9764,03/15/2020,Putnam,2,2,10,38,36079,0
9765,03/16/2020,Putnam,0,2,5,43,36079,0
9766,03/17/2020,Putnam,0,2,7,50,36079,1
9767,03/18/2020,Putnam,3,5,32,82,36079,1
9768,03/19/2020,Putnam,2,7,35,117,36079,6
9769,03/20/2020,Putnam,15,22,79,196,36079,10
9770,03/21/2020,Putnam,15,37,75,271,36079,12
9771,03/22/2020,Putnam,8,45,47,318,36079,15
9772,03/23/2020,Putnam,22,67,70,388,36079,15
9773,03/24/2020,Putnam,16,83,51,439,36079,16
9774,03/25/2020,Putnam,11,94,75,514,36079,14
9775,03/26/2020,Putnam,17,111,47,561,36079,16
9776,03/27/2020,Putnam,20,131,84,645,36079,16
9777,03/28/2020,Putnam,13,144,41,686,36079,18
9778,03/29/2020,Putnam,23,167,63,749,36079,18
9779,03/30/2020,Putnam,19,186,71,820,36079,21
9780,03/31/2020,Putnam,21,207,57,877,36079,16
9781,04/01/2020,Putnam,9,216,46,923,36079,22
9782,04/02/2020,Putnam,36,252,90,1013,36079,25
9783,04/03/2020,Putnam,31,283,96,1109,36079,32
9784,04/04/2020,Putnam,31,314,78,1187,36079,31
9785,04/05/2020,Putnam,31,345,122,1309,36079,27
9786,04/06/2020,Putnam,21,366,72,1381,36079,29
9787,04/07/2020,Putnam,37,403,115,1496,36079,31
9788,04/08/2020,Putnam,35,438,158,1654,36079,40
9789,04/09/2020,Putnam,49,487,169,1823,36079,30
9790,04/10/2020,Putnam,7,494,18,1841,36079,19
9791,04/11/2020,Putnam,3,497,12,1853,36079,5
9792,04/12/2020,Putnam,5,502,8,1861,36079,21
9793,04/13/2020,Putnam,56,558,217,2078,36079,24
9794,04/14/2020,Putnam,13,571,43,2121,36079,23
9795,04/15/2020,Putnam,2,573,6,2127,36079,6
9796,04/16/2020,Putnam,5,578,11,2138,36079,3
9797,04/17/2020,Putnam,4,582,13,2151,36079,6
9798,04/18/2020,Putnam,10,592,37,2188,36079,7
9799,04/19/2020,Putnam,7,599,21,2209,36079,7
9800,04/20/2020,Putnam,6,605,30,2239,36079,6
9801,04/21/2020,Putnam,6,611,31,2270,36079,5
9802,04/22/2020,Putnam,4,615,19,2289,36079,4
9803,04/23/2020,Putnam,4,619,25,2314,36079,91
9804,04/24/2020,Putnam,266,885,1134,3448,36079,96
9805,04/25/2020,Putnam,19,904,112,3560,36079,102
9806,04/26/2020,Putnam,21,925,127,3687,36079,15
9807,04/27/2020,Putnam,7,932,82,3769,36079,14
9808,04/28/2020,Putnam,14,946,150,3919,36079,15
9809,04/29/2020,Putnam,24,970,251,4170,36079,19
9810,04/30/2020,Putnam,20,990,144,4314,36079,19
9811,05/01/2020,Putnam,13,1003,115,4429,36079,14
9812,05/02/2020,Putnam,10,1013,90,4519,36079,12
9813,05/03/2020,Putnam,13,1026,114,4633,36079,9
9814,05/04/2020,Putnam,5,1031,87,4720,36079,9
9815,05/05/2020,Putnam,9,1040,96,4816,36079,13
9816,05/06/2020,Putnam,26,1066,317,5133,36079,14
9817,05/07/2020,Putnam,8,1074,121,5254,36079,13
9818,05/08/2020,Putnam,6,1080,161,5415,36079,7
9819,05/09/2020,Putnam,9,1089,155,5570,36079,8
9820,05/10/2020,Putnam,9,1098,122,5692,36079,6
9821,05/11/2020,Putnam,0,1098,42,5734,36079,6
9822,05/12/2020,Putnam,10,1108,138,5872,36079,5
9823,05/13/2020,Putnam,7,1115,151,6023,36079,7
9824,05/14/2020,Putnam,6,1121,149,6172,36079,6
9825,05/15/2020,Putnam,6,1127,153,6325,36079,7
9826,05/16/2020,Putnam,9,1136,131,6456,36079,6
9827,05/17/2020,Putnam,5,1141,116,6572,36079,10
9828,05/18/2020,Putnam,18,1159,125,6697,36079,10
9829,05/19/2020,Putnam,9,1168,155,6852,36079,11
9830,05/20/2020,Putnam,7,1175,165,7017,36079,9
9831,05/21/2020,Putnam,12,1187,156,7173,36079,10
9832,05/22/2020,Putnam,13,1200,236,7409,36079,11
9833,05/23/2020,Putnam,8,1208,161,7570,36079,9
9834,05/24/2020,Putnam,6,1214,185,7755,36079,7
9835,05/25/2020,Putnam,8,1222,184,7939,36079,6
9836,05/26/2020,Putnam,5,1227,125,8064,36079,7
9837,05/27/2020,Putnam,9,1236,425,8489,36079,6
9838,05/28/2020,Putnam,5,1241,194,8683,36079,7
9839,05/29/2020,Putnam,7,1248,312,8995,36079,5
9840,05/30/2020,Putnam,4,1252,264,9259,36079,5
9841,05/31/2020,Putnam,5,1257,247,9506,36079,4
9842,06/01/2020,Putnam,5,1262,248,9754,36079,4
9843,06/02/2020,Putnam,2,1264,286,10040,36079,3
9844,06/03/2020,Putnam,4,1268,311,10351,36079,2
9845,06/04/2020,Putnam,2,1270,313,10664,36079,3
9846,06/05/2020,Putnam,4,1274,306,10970,36079,3
9847,06/06/2020,Putnam,3,1277,203,11173,36079,3
9848,06/07/2020,Putnam,2,1279,252,11425,36079,2
9849,06/08/2020,Putnam,1,1280,228,11653,36079,1
9850,06/09/2020,Putnam,2,1282,296,11949,36079,1
9851,06/10/2020,Putnam,0,1282,319,12268,36079,0
9852,06/11/2020,Putnam,0,1282,253,12521,36079,1
9853,06/12/2020,Putnam,3,1285,329,12850,36079,2
9854,06/13/2020,Putnam,3,1288,209,13059,36079,3
9855,06/14/2020,Putnam,3,1291,214,13273,36079,2
9856,06/15/2020,Putnam,1,1292,193,13466,36079,2
9857,06/16/2020,Putnam,2,1294,324,13790,36079,1
9858,06/17/2020,Putnam,1,1295,185,13975,36079,2
9859,06/18/2020,Putnam,4,1299,432,14407,36079,2
9860,06/19/2020,Putnam,2,1301,248,14655,36079,2
9861,06/20/2020,Putnam,0,1301,241,14896,36079,2
9862,06/21/2020,Putnam,4,1305,253,15149,36079,1
9863,06/22/2020,Putnam,0,1305,194,15343,36079,1
9864,06/23/2020,Putnam,1,1306,226,15569,36079,2
9865,06/24/2020,Putnam,5,1311,343,15912,36079,4
9866,06/25/2020,Putnam,6,1317,216,16128,36079,4
9867,06/26/2020,Putnam,2,1319,376,16504,36079,4
9868,06/27/2020,Putnam,4,1323,199,16703,36079,2
9869,06/28/2020,Putnam,2,1325,213,16916,36079,2
9870,06/29/2020,Putnam,1,1326,174,17090,36079,2
9871,06/30/2020,Putnam,3,1329,271,17361,36079,2
9872,07/01/2020,Putnam,3,1332,373,17734,36079,2
9873,07/02/2020,Putnam,1,1333,308,18042,36079,2
9874,07/03/2020,Putnam,2,1335,219,18261,36079,1
9875,07/04/2020,Putnam,1,1336,231,18492,36079,1
9876,07/05/2020,Putnam,1,1337,217,18709,36079,1
9877,07/06/2020,Putnam,3,1340,214,18923,36079,2
9878,07/07/2020,Putnam,4,1344,256,19179,36079,3
9879,07/08/2020,Putnam,4,1348,422,19601,36079,5
9880,07/09/2020,Putnam,7,1355,357,19958,36079,5
9881,07/10/2020,Putnam,6,1361,438,20396,36079,4
9882,07/11/2020,Putnam,0,1361,323,20719,36079,3
9883,07/12/2020,Putnam,4,1365,293,21012,36079,5
9884,07/13/2020,Putnam,11,1376,291,21303,36079,7
9885,07/14/2020,Putnam,6,1382,236,21539,36079,6
9886,07/15/2020,Putnam,3,1385,398,21937,36079,3
9887,07/16/2020,Putnam,1,1386,539,22476,36079,2
9888,07/17/2020,Putnam,4,1390,424,22900,36079,2
9889,07/18/2020,Putnam,1,1391,286,23186,36079,2
9890,07/19/2020,Putnam,1,1392,218,23404,36079,1
9891,07/20/2020,Putnam,1,1393,279,23683,36079,1
9892,07/21/2020,Putnam,1,1394,296,23979,36079,1
9893,07/22/2020,Putnam,3,1397,320,24299,36079,2
9894,07/23/2020,Putnam,2,1399,385,24684,36079,3
9895,07/24/2020,Putnam,4,1403,299,24983,36079,2
9896,07/25/2020,Putnam,1,1404,230,25213,36079,3
9897,07/26/2020,Putnam,4,1408,256,25469,36079,3
9898,07/27/2020,Putnam,4,1412,282,25751,36079,4
9899,07/28/2020,Putnam,4,1416,295,26046,36079,3
9900,07/29/2020,Putnam,2,1418,422,26468,36079,3
9901,07/30/2020,Putnam,3,1421,286,26754,36079,3
9902,07/31/2020,Putnam,4,1425,309,27063,36079,3
9903,08/01/2020,Putnam,3,1428,213,27276,36079,4
9904,08/02/2020,Putnam,5,1433,222,27498,36079,4
9905,08/03/2020,Putnam,4,1437,245,27743,36079,3
9906,08/04/2020,Putnam,2,1439,292,28035,36079,3
9907,08/05/2020,Putnam,5,1444,337,28372,36079,3
9908,08/06/2020,Putnam,2,1446,288,28660,36079,2
9909,08/07/2020,Putnam,1,1447,320,28980,36079,1
9910,08/08/2020,Putnam,2,1449,276,29256,36079,1
9911,08/09/2020,Putnam,0,1449,256,29512,36079,0
9912,08/10/2020,Putnam,0,1449,310,29822,36079,0
9913,08/11/2020,Putnam,1,1450,267,30089,36079,2
9914,08/12/2020,Putnam,5,1455,360,30449,36079,2
9915,08/13/2020,Putnam,2,1457,365,30814,36079,3
9916,08/14/2020,Putnam,2,1459,498,31312,36079,2
9917,08/15/2020,Putnam,2,1461,454,31766,36079,2
9918,08/16/2020,Putnam,2,1463,266,32032,36079,1
9919,08/17/2020,Putnam,0,1463,318,32350,36079,1
9920,08/18/2020,Putnam,3,1466,346,32696,36079,1
9921,08/19/2020,Putnam,2,1468,354,33050,36079,2
9922,08/20/2020,Putnam,2,1470,411,33461,36079,2
9923,08/21/2020,Putnam,3,1473,401,33862,36079,1
9924,08/22/2020,Putnam,0,1473,361,34223,36079,1
9925,08/23/2020,Putnam,2,1475,294,34517,36079,2
9926,08/24/2020,Putnam,5,1480,233,34750,36079,3
9927,08/25/2020,Putnam,2,1482,336,35086,36079,4
9928,08/26/2020,Putnam,5,1487,403,35489,36079,4
9929,08/27/2020,Putnam,5,1492,381,35870,36079,4
9930,08/28/2020,Putnam,2,1494,426,36296,36079,4
9931,08/29/2020,Putnam,6,1500,396,36692,36079,3
9932,08/30/2020,Putnam,1,1501,230,36922,36079,3
9933,08/31/2020,Putnam,4,1505,376,37298,36079,3
9934,09/01/2020,Putnam,5,1510,420,37718,36079,5
9935,09/02/2020,Putnam,8,1518,400,38118,36079,6
9936,09/03/2020,Putnam,5,1523,337,38455,36079,6
9937,09/04/2020,Putnam,5,1528,360,38815,36079,4
9938,09/05/2020,Putnam,3,1531,314,39129,36079,3
9939,09/06/2020,Putnam,3,1534,240,39369,36079,3
9940,09/07/2020,Putnam,5,1539,143,39512,36079,3
9941,09/08/2020,Putnam,2,1541,346,39858,36079,2
9942,09/09/2020,Putnam,0,1541,312,40170,36079,3
9943,09/10/2020,Putnam,9,1550,377,40547,36079,4
9944,09/11/2020,Putnam,4,1554,370,40917,36079,5
9945,09/12/2020,Putnam,3,1557,348,41265,36079,3
9946,09/13/2020,Putnam,4,1561,205,41470,36079,3
9947,09/14/2020,Putnam,3,1564,334,41804,36079,2
9948,09/15/2020,Putnam,1,1565,270,42074,36079,2
9949,09/16/2020,Putnam,2,1567,364,42438,36079,1
9950,09/17/2020,Putnam,2,1569,347,42785,36079,2
9951,09/18/2020,Putnam,4,1573,391,43176,36079,2
9952,09/19/2020,Putnam,1,1574,431,43607,36079,2
9953,09/20/2020,Putnam,3,1577,343,43950,36079,3
9954,09/21/2020,Putnam,6,1583,357,44307,36079,4
9955,09/22/2020,Putnam,4,1587,294,44601,36079,4
9956,09/23/2020,Putnam,2,1589,346,44947,36079,3
9957,09/24/2020,Putnam,5,1594,401,45348,36079,3
9958,09/25/2020,Putnam,3,1597,396,45744,36079,3
9959,09/26/2020,Putnam,2,1599,323,46067,36079,3
9960,09/27/2020,Putnam,5,1604,223,46290,36079,5
9961,09/28/2020,Putnam,8,1612,397,46687,36079,6
9962,09/29/2020,Putnam,5,1617,292,46979,36079,8
9963,09/30/2020,Putnam,12,1629,422,47401,36079,8
9964,10/01/2020,Putnam,8,1637,487,47888,36079,9
9965,10/02/2020,Putnam,9,1646,530,48418,36079,7
9966,10/03/2020,Putnam,4,1650,414,48832,36079,5
9967,10/04/2020,Putnam,2,1652,396,49228,36079,3
9968,10/05/2020,Putnam,4,1656,433,49661,36079,3
9969,10/06/2020,Putnam,5,1661,395,50056,36079,5
9970,10/07/2020,Putnam,8,1669,699,50755,36079,5
9971,10/08/2020,Putnam,4,1673,574,51329,36079,4
9972,10/09/2020,Putnam,2,1675,477,51806,36079,4
9973,10/10/2020,Putnam,8,1683,528,52334,36079,5
9974,10/11/2020,Putnam,6,1689,482,52816,36079,7
9975,10/12/2020,Putnam,9,1698,468,53284,36079,7
9976,10/13/2020,Putnam,7,1705,479,53763,36079,7
9977,10/14/2020,Putnam,5,1710,481,54244,36079,6
9978,10/15/2020,Putnam,6,1716,587,54831,36079,8
9979,10/16/2020,Putnam,15,1731,531,55362,36079,8
9980,10/17/2020,Putnam,5,1736,501,55863,36079,7
9981,10/18/2020,Putnam,3,1739,509,56372,36079,7
9982,10/19/2020,Putnam,13,1752,490,56862,36079,6
9983,10/20/2020,Putnam,3,1755,411,57273,36079,9
9984,10/21/2020,Putnam,13,1768,594,57867,36079,9
9985,10/22/2020,Putnam,12,1780,623,58490,36079,11
9986,10/23/2020,Putnam,8,1788,590,59080,36079,8
9987,10/24/2020,Putnam,6,1794,437,59517,36079,6
9988,10/25/2020,Putnam,6,1800,398,59915,36079,5
9989,10/26/2020,Putnam,5,1805,454,60369,36079,6
9990,10/27/2020,Putnam,7,1812,522,60891,36079,8
9991,10/28/2020,Putnam,13,1825,755,61646,36079,9
9992,10/29/2020,Putnam,8,1833,460,62106,36079,11
9993,10/30/2020,Putnam,12,1845,585,62691,36079,12
9994,10/31/2020,Putnam,16,1861,461,63152,36079,12
9995,11/01/2020,Putnam,8,1869,508,63660,36079,9
9996,11/02/2020,Putnam,5,1874,454,64114,36079,7
9997,11/03/2020,Putnam,9,1883,528,64642,36079,9
9998,11/04/2020,Putnam,13,1896,652,65294,36079,15
9999,11/05/2020,Putnam,25,1921,562,65856,36079,12
10000,03/01/2020,Queens,0,0,0,0,36081,0
10001,03/02/2020,Queens,0,0,0,0,36081,0
10002,03/03/2020,Queens,0,0,2,2,36081,0
10003,03/04/2020,Queens,0,0,0,2,36081,0
10004,03/05/2020,Queens,1,1,6,8,36081,0
10005,03/06/2020,Queens,1,2,10,18,36081,0
10006,03/07/2020,Queens,0,2,14,32,36081,0
10007,03/08/2020,Queens,1,3,13,45,36081,0
10008,03/09/2020,Queens,0,3,15,60,36081,1
10009,03/10/2020,Queens,4,7,18,78,36081,3
10010,03/11/2020,Queens,5,12,44,122,36081,8
10011,03/12/2020,Queens,15,27,74,196,36081,16
10012,03/13/2020,Queens,30,57,154,350,36081,21
10013,03/14/2020,Queens,18,75,110,460,36081,32
10014,03/15/2020,Queens,49,124,198,658,36081,35
10015,03/16/2020,Queens,38,162,136,794,36081,70
10016,03/17/2020,Queens,123,285,371,1165,36081,165
10017,03/18/2020,Queens,336,621,768,1933,36081,326
10018,03/19/2020,Queens,519,1140,1179,3112,36081,448
10019,03/20/2020,Queens,491,1631,1218,4330,36081,617
10020,03/21/2020,Queens,843,2474,1927,6257,36081,828
10021,03/22/2020,Queens,1152,3626,2048,8305,36081,944
10022,03/23/2020,Queens,839,4465,1518,9823,36081,1000
10023,03/24/2020,Queens,1010,5475,1736,11559,36081,1029
10024,03/25/2020,Queens,1238,6713,2110,13669,36081,1190
10025,03/26/2020,Queens,1324,8037,2115,15784,36081,1266
10026,03/27/2020,Queens,1238,9275,2055,17839,36081,1232
10027,03/28/2020,Queens,1136,10411,1845,19684,36081,1210
10028,03/29/2020,Queens,1258,11669,1915,21599,36081,1472
10029,03/30/2020,Queens,2022,13691,3325,24924,36081,1497
10030,03/31/2020,Queens,1211,14902,1871,26795,36081,1533
10031,04/01/2020,Queens,1366,16268,2157,28952,36081,1492
10032,04/02/2020,Queens,1899,18167,3048,32000,36081,1737
10033,04/03/2020,Queens,1947,20114,3407,35407,36081,1722
10034,04/04/2020,Queens,1322,21436,2255,37662,36081,1655
10035,04/05/2020,Queens,1697,23133,2730,40392,36081,1575
10036,04/06/2020,Queens,1707,24840,2864,43256,36081,1604
10037,04/07/2020,Queens,1408,26248,2884,46140,36081,1539
10038,04/08/2020,Queens,1504,27752,2831,48971,36081,1487
10039,04/09/2020,Queens,1551,29303,2941,51912,36081,1681
10040,04/10/2020,Queens,1988,31291,3803,55715,36081,1694
10041,04/11/2020,Queens,1544,32835,3219,58934,36081,1560
10042,04/12/2020,Queens,1150,33985,2481,61415,36081,1254
10043,04/13/2020,Queens,1068,35053,2430,63845,36081,1310
10044,04/14/2020,Queens,1712,36765,3674,67519,36081,1311
10045,04/15/2020,Queens,1153,37918,3144,70663,36081,1346
10046,04/16/2020,Queens,1173,39091,3056,73719,36081,1150
10047,04/17/2020,Queens,1125,40216,3347,77066,36081,1106
10048,04/18/2020,Queens,1021,41237,3338,80404,36081,977
10049,04/19/2020,Queens,786,42023,2428,82832,36081,868
10050,04/20/2020,Queens,799,42822,2498,85330,36081,825
10051,04/21/2020,Queens,891,43713,3058,88388,36081,960
10052,04/22/2020,Queens,1191,44904,4142,92530,36081,1188
10053,04/23/2020,Queens,1483,46387,5468,97998,36081,1382
10054,04/24/2020,Queens,1474,47861,5296,103294,36081,1280
10055,04/25/2020,Queens,884,48745,3676,106970,36081,1004
10056,04/26/2020,Queens,654,49399,2829,109799,36081,689
10057,04/27/2020,Queens,530,49929,2628,112427,36081,665
10058,04/28/2020,Queens,812,50741,4061,116488,36081,744
10059,04/29/2020,Queens,890,51631,4201,120689,36081,781
10060,04/30/2020,Queens,643,52274,3689,124378,36081,766
10061,05/01/2020,Queens,765,53039,4517,128895,36081,669
10062,05/02/2020,Queens,601,53640,3755,132650,36081,605
10063,05/03/2020,Queens,450,54090,2696,135346,36081,469
10064,05/04/2020,Queens,358,54448,2633,137979,36081,413
10065,05/05/2020,Queens,432,54880,3591,141570,36081,453
10066,05/06/2020,Queens,570,55450,4505,146075,36081,498
10067,05/07/2020,Queens,494,55944,3992,150067,36081,537
10068,05/08/2020,Queens,549,56493,4596,154663,36081,470
10069,05/09/2020,Queens,369,56862,3416,158079,36081,412
10070,05/10/2020,Queens,318,57180,2937,161016,36081,299
10071,05/11/2020,Queens,211,57391,2552,163568,36081,295
10072,05/12/2020,Queens,357,57748,3829,167397,36081,301
10073,05/13/2020,Queens,336,58084,4439,171836,36081,375
10074,05/14/2020,Queens,432,58516,4879,176715,36081,364
10075,05/15/2020,Queens,325,58841,4644,181359,36081,349
10076,05/16/2020,Queens,291,59132,4209,185568,36081,269
10077,05/17/2020,Queens,192,59324,3226,188794,36081,222
10078,05/18/2020,Queens,184,59508,3363,192157,36081,206
10079,05/19/2020,Queens,244,59752,4581,196738,36081,233
10080,05/20/2020,Queens,273,60025,5151,201889,36081,242
10081,05/21/2020,Queens,211,60236,5181,207070,36081,223
10082,05/22/2020,Queens,186,60422,5388,212458,36081,203
10083,05/23/2020,Queens,214,60636,5270,217728,36081,197
10084,05/24/2020,Queens,192,60828,4448,222176,36081,179
10085,05/25/2020,Queens,132,60960,3789,225965,36081,163
10086,05/26/2020,Queens,165,61125,4201,230166,36081,190
10087,05/27/2020,Queens,275,61400,9126,239292,36081,228
10088,05/28/2020,Queens,244,61644,8480,247772,36081,234
10089,05/29/2020,Queens,183,61827,7088,254860,36081,191
10090,05/30/2020,Queens,148,61975,6226,261086,36081,150
10091,05/31/2020,Queens,119,62094,5906,266992,36081,155
10092,06/01/2020,Queens,199,62293,7231,274223,36081,150
10093,06/02/2020,Queens,132,62425,6319,280542,36081,149
10094,06/03/2020,Queens,117,62542,6451,286993,36081,133
10095,06/04/2020,Queens,150,62692,6695,293688,36081,141
10096,06/05/2020,Queens,158,62850,7672,301360,36081,140
10097,06/06/2020,Queens,113,62963,6497,307857,36081,135
10098,06/07/2020,Queens,134,63097,6514,314371,36081,114
10099,06/08/2020,Queens,97,63194,5227,319598,36081,121
10100,06/09/2020,Queens,132,63326,7770,327368,36081,111
10101,06/10/2020,Queens,106,63432,6796,334164,36081,126
10102,06/11/2020,Queens,141,63573,7566,341730,36081,133
10103,06/12/2020,Queens,154,63727,7817,349547,36081,130
10104,06/13/2020,Queens,95,63822,6737,356284,36081,119
10105,06/14/2020,Queens,110,63932,7488,363772,36081,105
10106,06/15/2020,Queens,110,64042,7036,370808,36081,118
10107,06/16/2020,Queens,134,64176,8317,379125,36081,112
10108,06/17/2020,Queens,92,64268,8696,387821,36081,112
10109,06/18/2020,Queens,112,64380,9082,396903,36081,103
10110,06/19/2020,Queens,106,64486,9753,406656,36081,117
10111,06/20/2020,Queens,135,64621,9115,415771,36081,110
10112,06/21/2020,Queens,91,64712,8237,424008,36081,103
10113,06/22/2020,Queens,85,64797,6537,430545,36081,86
10114,06/23/2020,Queens,84,64881,6683,437228,36081,91
10115,06/24/2020,Queens,106,64987,7723,444951,36081,97
10116,06/25/2020,Queens,102,65089,6943,451894,36081,98
10117,06/26/2020,Queens,86,65175,9718,461612,36081,96
10118,06/27/2020,Queens,101,65276,7681,469293,36081,78
10119,06/28/2020,Queens,49,65325,4737,474030,36081,72
10120,06/29/2020,Queens,66,65391,5589,479619,36081,59
10121,06/30/2020,Queens,64,65455,6065,485684,36081,81
10122,07/01/2020,Queens,113,65568,8286,493970,36081,104
10123,07/02/2020,Queens,137,65705,8116,502086,36081,115
10124,07/03/2020,Queens,95,65800,7211,509297,36081,102
10125,07/04/2020,Queens,76,65876,7211,516508,36081,74
10126,07/05/2020,Queens,52,65928,5745,522253,36081,74
10127,07/06/2020,Queens,96,66024,6329,528582,36081,74
10128,07/07/2020,Queens,75,66099,6297,534879,36081,82
10129,07/08/2020,Queens,75,66174,7104,541983,36081,72
10130,07/09/2020,Queens,67,66241,7807,549790,36081,74
10131,07/10/2020,Queens,82,66323,7981,557771,36081,78
10132,07/11/2020,Queens,87,66410,6788,564559,36081,75
10133,07/12/2020,Queens,56,66466,5880,570439,36081,73
10134,07/13/2020,Queens,78,66544,5537,575976,36081,77
10135,07/14/2020,Queens,99,66643,7205,583181,36081,89
10136,07/15/2020,Queens,92,66735,8387,591568,36081,95
10137,07/16/2020,Queens,94,66829,8943,600511,36081,92
10138,07/17/2020,Queens,92,66921,6870,607381,36081,90
10139,07/18/2020,Queens,86,67007,5405,612786,36081,83
10140,07/19/2020,Queens,72,67079,5736,618522,36081,91
10141,07/20/2020,Queens,115,67194,7288,625810,36081,86
10142,07/21/2020,Queens,71,67265,7508,633318,36081,98
10143,07/22/2020,Queens,109,67374,7517,640835,36081,88
10144,07/23/2020,Queens,84,67458,8063,648898,36081,89
10145,07/24/2020,Queens,74,67532,7012,655910,36081,73
10146,07/25/2020,Queens,63,67595,4878,660788,36081,73
10147,07/26/2020,Queens,84,67679,6560,667348,36081,69
10148,07/27/2020,Queens,60,67739,5574,672922,36081,75
10149,07/28/2020,Queens,81,67820,7112,680034,36081,71
10150,07/29/2020,Queens,74,67894,6889,686923,36081,76
10151,07/30/2020,Queens,74,67968,7561,694484,36081,73
10152,07/31/2020,Queens,73,68041,9722,704206,36081,69
10153,08/01/2020,Queens,60,68101,6641,710847,36081,66
10154,08/02/2020,Queens,65,68166,6268,717115,36081,61
10155,08/03/2020,Queens,59,68225,7005,724120,36081,65
10156,08/04/2020,Queens,72,68297,7698,731818,36081,67
10157,08/05/2020,Queens,71,68368,7812,739630,36081,75
10158,08/06/2020,Queens,84,68452,7539,747169,36081,83
10159,08/07/2020,Queens,96,68548,9235,756404,36081,78
10160,08/08/2020,Queens,56,68604,7162,763566,36081,72
10161,08/09/2020,Queens,66,68670,6807,770373,36081,61
10162,08/10/2020,Queens,63,68733,7556,777929,36081,75
10163,08/11/2020,Queens,96,68829,11290,789219,36081,85
10164,08/12/2020,Queens,96,68925,10584,799803,36081,96
10165,08/13/2020,Queens,98,69023,9426,809229,36081,89
10166,08/14/2020,Queens,75,69098,9481,818710,36081,83
10167,08/15/2020,Queens,76,69174,8964,827674,36081,74
10168,08/16/2020,Queens,71,69245,6531,834205,36081,70
10169,08/17/2020,Queens,63,69308,7562,841767,36081,70
10170,08/18/2020,Queens,76,69384,8697,850464,36081,68
10171,08/19/2020,Queens,67,69451,7919,858383,36081,76
10172,08/20/2020,Queens,87,69538,9593,867976,36081,79
10173,08/21/2020,Queens,85,69623,9862,877838,36081,81
10174,08/22/2020,Queens,71,69694,8018,885856,36081,69
10175,08/23/2020,Queens,51,69745,6730,892586,36081,60
10176,08/24/2020,Queens,60,69805,7615,900201,36081,58
10177,08/25/2020,Queens,65,69870,7377,907578,36081,71
10178,08/26/2020,Queens,90,69960,9322,916900,36081,76
10179,08/27/2020,Queens,74,70034,10803,927703,36081,76
10180,08/28/2020,Queens,64,70098,9345,937048,36081,67
10181,08/29/2020,Queens,64,70162,9956,947004,36081,62
10182,08/30/2020,Queens,60,70222,7758,954762,36081,63
10183,08/31/2020,Queens,66,70288,7895,962657,36081,60
10184,09/01/2020,Queens,56,70344,8305,970962,36081,63
10185,09/02/2020,Queens,69,70413,8540,979502,36081,69
10186,09/03/2020,Queens,83,70496,10286,989788,36081,68
10187,09/04/2020,Queens,53,70549,9134,998922,36081,70
10188,09/05/2020,Queens,76,70625,10158,1009080,36081,59
10189,09/06/2020,Queens,50,70675,6321,1015401,36081,72
10190,09/07/2020,Queens,91,70766,6495,1021896,36081,66
10191,09/08/2020,Queens,58,70824,7078,1028974,36081,80
10192,09/09/2020,Queens,93,70917,8086,1037060,36081,70
10193,09/10/2020,Queens,61,70978,8437,1045497,36081,72
10194,09/11/2020,Queens,62,71040,10532,1056029,36081,64
10195,09/12/2020,Queens,71,71111,7349,1063378,36081,67
10196,09/13/2020,Queens,69,71180,6247,1069625,36081,71
10197,09/14/2020,Queens,74,71254,6868,1076493,36081,66
10198,09/15/2020,Queens,55,71309,6732,1083225,36081,70
10199,09/16/2020,Queens,83,71392,8034,1091259,36081,73
10200,09/17/2020,Queens,82,71474,9319,1100578,36081,89
10201,09/18/2020,Queens,103,71577,12199,1112777,36081,96
10202,09/19/2020,Queens,105,71682,11181,1123958,36081,92
10203,09/20/2020,Queens,70,71752,6174,1130132,36081,80
10204,09/21/2020,Queens,66,71818,8528,1138660,36081,66
10205,09/22/2020,Queens,63,71881,5881,1144541,36081,75
10206,09/23/2020,Queens,97,71978,9524,1154065,36081,77
10207,09/24/2020,Queens,73,72051,9253,1163318,36081,87
10208,09/25/2020,Queens,91,72142,9255,1172573,36081,85
10209,09/26/2020,Queens,91,72233,7316,1179889,36081,90
10210,09/27/2020,Queens,90,72323,5591,1185480,36081,107
10211,09/28/2020,Queens,142,72465,9734,1195214,36081,107
10212,09/29/2020,Queens,91,72556,7756,1202970,36081,123
10213,09/30/2020,Queens,136,72692,10673,1213643,36081,132
10214,10/01/2020,Queens,171,72863,9883,1223526,36081,152
10215,10/02/2020,Queens,149,73012,12449,1235975,36081,146
10216,10/03/2020,Queens,119,73131,8946,1244921,36081,127
10217,10/04/2020,Queens,114,73245,6926,1251847,36081,123
10218,10/05/2020,Queens,138,73383,10477,1262324,36081,135
10219,10/06/2020,Queens,154,73537,9125,1271449,36081,165
10220,10/07/2020,Queens,205,73742,16090,1287539,36081,168
10221,10/08/2020,Queens,147,73889,12861,1300400,36081,164
10222,10/09/2020,Queens,140,74029,11706,1312106,36081,136
10223,10/10/2020,Queens,121,74150,10479,1322585,36081,125
10224,10/11/2020,Queens,115,74265,8192,1330777,36081,125
10225,10/12/2020,Queens,139,74404,10358,1341135,36081,120
10226,10/13/2020,Queens,106,74510,9123,1350258,36081,122
10227,10/14/2020,Queens,122,74632,12286,1362544,36081,131
10228,10/15/2020,Queens,166,74798,14007,1376551,36081,162
10229,10/16/2020,Queens,200,74998,15397,1391948,36081,159
10230,10/17/2020,Queens,111,75109,12025,1403973,36081,146
10231,10/18/2020,Queens,127,75236,7700,1411673,36081,115
10232,10/19/2020,Queens,108,75344,7980,1419653,36081,144
10233,10/20/2020,Queens,199,75543,11487,1431140,36081,154
10234,10/21/2020,Queens,155,75698,11723,1442863,36081,169
10235,10/22/2020,Queens,155,75853,14182,1457045,36081,171
10236,10/23/2020,Queens,204,76057,14656,1471701,36081,174
10237,10/24/2020,Queens,163,76220,11488,1483189,36081,154
10238,10/25/2020,Queens,96,76316,7857,1491046,36081,155
10239,10/26/2020,Queens,207,76523,9832,1500878,36081,158
10240,10/27/2020,Queens,173,76696,11638,1512516,36081,221
10241,10/28/2020,Queens,284,76980,16839,1529355,36081,230
10242,10/29/2020,Queens,233,77213,14012,1543367,36081,237
10243,10/30/2020,Queens,194,77407,12985,1556352,36081,223
10244,10/31/2020,Queens,242,77649,14087,1570439,36081,207
10245,11/01/2020,Queens,185,77834,10316,1580755,36081,202
10246,11/02/2020,Queens,179,78013,11616,1592371,36081,179
10247,11/03/2020,Queens,174,78187,14754,1607125,36081,202
10248,11/04/2020,Queens,253,78440,16122,1623247,36081,241
10249,11/05/2020,Queens,297,78737,15147,1638394,36081,183
10250,03/01/2020,Rensselaer,0,0,0,0,36083,0
10251,03/02/2020,Rensselaer,0,0,0,0,36083,0
10252,03/03/2020,Rensselaer,0,0,0,0,36083,0
10253,03/04/2020,Rensselaer,0,0,2,2,36083,0
10254,03/05/2020,Rensselaer,0,0,0,2,36083,0
10255,03/06/2020,Rensselaer,0,0,0,2,36083,0
10256,03/07/2020,Rensselaer,0,0,2,4,36083,0
10257,03/08/2020,Rensselaer,0,0,0,4,36083,0
10258,03/09/2020,Rensselaer,0,0,1,5,36083,0
10259,03/10/2020,Rensselaer,0,0,1,6,36083,0
10260,03/11/2020,Rensselaer,0,0,1,7,36083,0
10261,03/12/2020,Rensselaer,0,0,2,9,36083,0
10262,03/13/2020,Rensselaer,0,0,11,20,36083,0
10263,03/14/2020,Rensselaer,0,0,40,60,36083,0
10264,03/15/2020,Rensselaer,0,0,50,110,36083,0
10265,03/16/2020,Rensselaer,1,1,39,149,36083,1
10266,03/17/2020,Rensselaer,3,4,70,219,36083,2
10267,03/18/2020,Rensselaer,2,6,136,355,36083,2
10268,03/19/2020,Rensselaer,2,8,156,511,36083,5
10269,03/20/2020,Rensselaer,12,20,166,677,36083,6
10270,03/21/2020,Rensselaer,6,26,173,850,36083,7
10271,03/22/2020,Rensselaer,3,29,78,928,36083,3
10272,03/23/2020,Rensselaer,1,30,47,975,36083,1
10273,03/24/2020,Rensselaer,1,31,26,1001,36083,1
10274,03/25/2020,Rensselaer,1,32,22,1023,36083,1
10275,03/26/2020,Rensselaer,3,35,26,1049,36083,2
10276,03/27/2020,Rensselaer,3,38,37,1086,36083,2
10277,03/28/2020,Rensselaer,1,39,12,1098,36083,1
10278,03/29/2020,Rensselaer,1,40,25,1123,36083,1
10279,03/30/2020,Rensselaer,1,41,20,1143,36083,1
10280,03/31/2020,Rensselaer,2,43,19,1162,36083,4
10281,04/01/2020,Rensselaer,10,53,42,1204,36083,5
10282,04/02/2020,Rensselaer,3,56,31,1235,36083,5
10283,04/03/2020,Rensselaer,2,58,18,1253,36083,2
10284,04/04/2020,Rensselaer,2,60,48,1301,36083,2
10285,04/05/2020,Rensselaer,2,62,29,1330,36083,3
10286,04/06/2020,Rensselaer,5,67,30,1360,36083,5
10287,04/07/2020,Rensselaer,8,75,53,1413,36083,5
10288,04/08/2020,Rensselaer,4,79,52,1465,36083,8
10289,04/09/2020,Rensselaer,12,91,101,1566,36083,7
10290,04/10/2020,Rensselaer,5,96,40,1606,36083,8
10291,04/11/2020,Rensselaer,9,105,65,1671,36083,7
10292,04/12/2020,Rensselaer,8,113,61,1732,36083,8
10293,04/13/2020,Rensselaer,7,120,79,1811,36083,6
10294,04/14/2020,Rensselaer,4,124,42,1853,36083,8
10295,04/15/2020,Rensselaer,13,137,106,1959,36083,10
10296,04/16/2020,Rensselaer,13,150,100,2059,36083,13
10297,04/17/2020,Rensselaer,14,164,135,2194,36083,12
10298,04/18/2020,Rensselaer,9,173,117,2311,36083,9
10299,04/19/2020,Rensselaer,4,177,51,2362,36083,6
10300,04/20/2020,Rensselaer,6,183,50,2412,36083,4
10301,04/21/2020,Rensselaer,3,186,49,2461,36083,4
10302,04/22/2020,Rensselaer,5,191,52,2513,36083,5
10303,04/23/2020,Rensselaer,7,198,80,2593,36083,11
10304,04/24/2020,Rensselaer,23,221,209,2802,36083,17
10305,04/25/2020,Rensselaer,21,242,151,2953,36083,16
10306,04/26/2020,Rensselaer,4,246,83,3036,36083,9
10307,04/27/2020,Rensselaer,4,250,39,3075,36083,6
10308,04/28/2020,Rensselaer,12,262,91,3166,36083,13
10309,04/29/2020,Rensselaer,25,287,142,3308,36083,16
10310,04/30/2020,Rensselaer,11,298,101,3409,36083,16
10311,05/01/2020,Rensselaer,13,311,112,3521,36083,11
10312,05/02/2020,Rensselaer,11,322,170,3691,36083,13
10313,05/03/2020,Rensselaer,15,337,148,3839,36083,9
10314,05/04/2020,Rensselaer,2,339,71,3910,36083,8
10315,05/05/2020,Rensselaer,8,347,126,4036,36083,10
10316,05/06/2020,Rensselaer,20,367,159,4195,36083,13
10317,05/07/2020,Rensselaer,13,380,194,4389,36083,20
10318,05/08/2020,Rensselaer,27,407,187,4576,36083,14
10319,05/09/2020,Rensselaer,2,409,248,4824,36083,10
10320,05/10/2020,Rensselaer,2,411,62,4886,36083,3
10321,05/11/2020,Rensselaer,5,416,91,4977,36083,3
10322,05/12/2020,Rensselaer,4,420,429,5406,36083,4
10323,05/13/2020,Rensselaer,3,423,278,5684,36083,4
10324,05/14/2020,Rensselaer,5,428,204,5888,36083,6
10325,05/15/2020,Rensselaer,10,438,225,6113,36083,5
10326,05/16/2020,Rensselaer,1,439,113,6226,36083,5
10327,05/17/2020,Rensselaer,5,444,198,6424,36083,2
10328,05/18/2020,Rensselaer,0,444,76,6500,36083,4
10329,05/19/2020,Rensselaer,9,453,292,6792,36083,4
10330,05/20/2020,Rensselaer,3,456,403,7195,36083,5
10331,05/21/2020,Rensselaer,4,460,379,7574,36083,3
10332,05/22/2020,Rensselaer,3,463,386,7960,36083,2
10333,05/23/2020,Rensselaer,0,463,363,8323,36083,1
10334,05/24/2020,Rensselaer,2,465,123,8446,36083,1
10335,05/25/2020,Rensselaer,1,466,158,8604,36083,1
10336,05/26/2020,Rensselaer,0,466,150,8754,36083,1
10337,05/27/2020,Rensselaer,3,469,405,9159,36083,4
10338,05/28/2020,Rensselaer,9,478,319,9478,36083,6
10339,05/29/2020,Rensselaer,8,486,337,9815,36083,7
10340,05/30/2020,Rensselaer,5,491,313,10128,36083,4
10341,05/31/2020,Rensselaer,1,492,274,10402,36083,2
10342,06/01/2020,Rensselaer,1,493,168,10570,36083,1
10343,06/02/2020,Rensselaer,2,495,426,10996,36083,1
10344,06/03/2020,Rensselaer,0,495,312,11308,36083,1
10345,06/04/2020,Rensselaer,2,497,592,11900,36083,1
10346,06/05/2020,Rensselaer,2,499,332,12232,36083,2
10347,06/06/2020,Rensselaer,3,502,421,12653,36083,2
10348,06/07/2020,Rensselaer,1,503,517,13170,36083,2
10349,06/08/2020,Rensselaer,2,505,182,13352,36083,1
10350,06/09/2020,Rensselaer,2,507,316,13668,36083,1
10351,06/10/2020,Rensselaer,1,508,299,13967,36083,1
10352,06/11/2020,Rensselaer,2,510,665,14632,36083,1
10353,06/12/2020,Rensselaer,1,511,261,14893,36083,1
10354,06/13/2020,Rensselaer,2,513,262,15155,36083,1
10355,06/14/2020,Rensselaer,1,514,309,15464,36083,1
10356,06/15/2020,Rensselaer,0,514,252,15716,36083,0
10357,06/16/2020,Rensselaer,1,515,199,15915,36083,0
10358,06/17/2020,Rensselaer,0,515,383,16298,36083,1
10359,06/18/2020,Rensselaer,4,519,413,16711,36083,2
10360,06/19/2020,Rensselaer,2,521,374,17085,36083,3
10361,06/20/2020,Rensselaer,3,524,401,17486,36083,3
10362,06/21/2020,Rensselaer,4,528,361,17847,36083,4
10363,06/22/2020,Rensselaer,5,533,197,18044,36083,3
10364,06/23/2020,Rensselaer,1,534,277,18321,36083,4
10365,06/24/2020,Rensselaer,7,541,450,18771,36083,5
10366,06/25/2020,Rensselaer,8,549,350,19121,36083,5
10367,06/26/2020,Rensselaer,1,550,468,19589,36083,3
10368,06/27/2020,Rensselaer,1,551,359,19948,36083,1
10369,06/28/2020,Rensselaer,2,553,375,20323,36083,1
10370,06/29/2020,Rensselaer,0,553,306,20629,36083,1
10371,06/30/2020,Rensselaer,2,555,195,20824,36083,1
10372,07/01/2020,Rensselaer,1,556,287,21111,36083,2
10373,07/02/2020,Rensselaer,3,559,425,21536,36083,2
10374,07/03/2020,Rensselaer,4,563,612,22148,36083,3
10375,07/04/2020,Rensselaer,2,565,475,22623,36083,3
10376,07/05/2020,Rensselaer,3,568,389,23012,36083,2
10377,07/06/2020,Rensselaer,3,571,162,23174,36083,5
10378,07/07/2020,Rensselaer,9,580,304,23478,36083,6
10379,07/08/2020,Rensselaer,6,586,399,23877,36083,5
10380,07/09/2020,Rensselaer,2,588,252,24129,36083,4
10381,07/10/2020,Rensselaer,5,593,331,24460,36083,10
10382,07/11/2020,Rensselaer,23,616,378,24838,36083,9
10383,07/12/2020,Rensselaer,1,617,317,25155,36083,10
10384,07/13/2020,Rensselaer,8,625,416,25571,36083,5
10385,07/14/2020,Rensselaer,7,632,409,25980,36083,7
10386,07/15/2020,Rensselaer,7,639,495,26475,36083,6
10387,07/16/2020,Rensselaer,4,643,442,26917,36083,6
10388,07/17/2020,Rensselaer,7,650,358,27275,36083,4
10389,07/18/2020,Rensselaer,1,651,225,27500,36083,3
10390,07/19/2020,Rensselaer,2,653,295,27795,36083,2
10391,07/20/2020,Rensselaer,5,658,476,28271,36083,5
10392,07/21/2020,Rensselaer,10,668,558,28829,36083,5
10393,07/22/2020,Rensselaer,1,669,486,29315,36083,6
10394,07/23/2020,Rensselaer,7,676,429,29744,36083,4
10395,07/24/2020,Rensselaer,5,681,396,30140,36083,5
10396,07/25/2020,Rensselaer,3,684,364,30504,36083,3
10397,07/26/2020,Rensselaer,3,687,624,31128,36083,3
10398,07/27/2020,Rensselaer,3,690,356,31484,36083,3
10399,07/28/2020,Rensselaer,4,694,345,31829,36083,10
10400,07/29/2020,Rensselaer,24,718,309,32138,36083,11
10401,07/30/2020,Rensselaer,6,724,413,32551,36083,13
10402,07/31/2020,Rensselaer,10,734,478,33029,36083,6
10403,08/01/2020,Rensselaer,2,736,265,33294,36083,5
10404,08/02/2020,Rensselaer,4,740,293,33587,36083,4
10405,08/03/2020,Rensselaer,8,748,491,34078,36083,6
10406,08/04/2020,Rensselaer,7,755,480,34558,36083,6
10407,08/05/2020,Rensselaer,3,758,431,34989,36083,3
10408,08/06/2020,Rensselaer,1,759,371,35360,36083,2
10409,08/07/2020,Rensselaer,2,761,241,35601,36083,2
10410,08/08/2020,Rensselaer,4,765,435,36036,36083,2
10411,08/09/2020,Rensselaer,1,766,282,36318,36083,3
10412,08/10/2020,Rensselaer,4,770,435,36753,36083,5
10413,08/11/2020,Rensselaer,10,780,608,37361,36083,5
10414,08/12/2020,Rensselaer,2,782,610,37971,36083,5
10415,08/13/2020,Rensselaer,3,785,520,38491,36083,3
10416,08/14/2020,Rensselaer,4,789,420,38911,36083,4
10417,08/15/2020,Rensselaer,6,795,637,39548,36083,3
10418,08/16/2020,Rensselaer,0,795,304,39852,36083,4
10419,08/17/2020,Rensselaer,6,801,422,40274,36083,3
10420,08/18/2020,Rensselaer,3,804,439,40713,36083,4
10421,08/19/2020,Rensselaer,5,809,475,41188,36083,3
10422,08/20/2020,Rensselaer,1,810,593,41781,36083,3
10423,08/21/2020,Rensselaer,3,813,498,42279,36083,2
10424,08/22/2020,Rensselaer,4,817,563,42842,36083,2
10425,08/23/2020,Rensselaer,1,818,310,43152,36083,2
10426,08/24/2020,Rensselaer,1,819,363,43515,36083,1
10427,08/25/2020,Rensselaer,3,822,392,43907,36083,1
10428,08/26/2020,Rensselaer,1,823,343,44250,36083,2
10429,08/27/2020,Rensselaer,3,826,564,44814,36083,2
10430,08/28/2020,Rensselaer,4,830,405,45219,36083,3
10431,08/29/2020,Rensselaer,3,833,708,45927,36083,4
10432,08/30/2020,Rensselaer,5,838,311,46238,36083,3
10433,08/31/2020,Rensselaer,3,841,309,46547,36083,3
10434,09/01/2020,Rensselaer,3,844,446,46993,36083,3
10435,09/02/2020,Rensselaer,4,848,501,47494,36083,4
10436,09/03/2020,Rensselaer,6,854,379,47873,36083,4
10437,09/04/2020,Rensselaer,4,858,540,48413,36083,3
10438,09/05/2020,Rensselaer,1,859,485,48898,36083,2
10439,09/06/2020,Rensselaer,1,860,217,49115,36083,2
10440,09/07/2020,Rensselaer,5,865,284,49399,36083,2
10441,09/08/2020,Rensselaer,1,866,262,49661,36083,2
10442,09/09/2020,Rensselaer,1,867,295,49956,36083,1
10443,09/10/2020,Rensselaer,3,870,600,50556,36083,3
10444,09/11/2020,Rensselaer,6,876,492,51048,36083,4
10445,09/12/2020,Rensselaer,3,879,407,51455,36083,3
10446,09/13/2020,Rensselaer,0,879,501,51956,36083,2
10447,09/14/2020,Rensselaer,5,884,498,52454,36083,2
10448,09/15/2020,Rensselaer,3,887,357,52811,36083,4
10449,09/16/2020,Rensselaer,5,892,260,53071,36083,3
10450,09/17/2020,Rensselaer,3,895,571,53642,36083,3
10451,09/18/2020,Rensselaer,1,896,397,54039,36083,2
10452,09/19/2020,Rensselaer,3,899,808,54847,36083,2
10453,09/20/2020,Rensselaer,2,901,309,55156,36083,1
10454,09/21/2020,Rensselaer,0,901,445,55601,36083,1
10455,09/22/2020,Rensselaer,1,902,286,55887,36083,0
10456,09/23/2020,Rensselaer,1,903,460,56347,36083,1
10457,09/24/2020,Rensselaer,2,905,505,56852,36083,2
10458,09/25/2020,Rensselaer,3,908,649,57501,36083,2
10459,09/26/2020,Rensselaer,3,911,585,58086,36083,2
10460,09/27/2020,Rensselaer,2,913,342,58428,36083,2
10461,09/28/2020,Rensselaer,3,916,369,58797,36083,2
10462,09/29/2020,Rensselaer,3,919,1882,60679,36083,3
10463,09/30/2020,Rensselaer,4,923,2239,62918,36083,5
10464,10/01/2020,Rensselaer,8,931,1480,64398,36083,6
10465,10/02/2020,Rensselaer,6,937,1930,66328,36083,7
10466,10/03/2020,Rensselaer,7,944,619,66947,36083,4
10467,10/04/2020,Rensselaer,1,945,215,67162,36083,5
10468,10/05/2020,Rensselaer,7,952,404,67566,36083,4
10469,10/06/2020,Rensselaer,5,957,2055,69621,36083,4
10470,10/07/2020,Rensselaer,1,958,2408,72029,36083,4
10471,10/08/2020,Rensselaer,6,964,1612,73641,36083,4
10472,10/09/2020,Rensselaer,6,970,2154,75795,36083,7
10473,10/10/2020,Rensselaer,10,980,692,76487,36083,7
10474,10/11/2020,Rensselaer,5,985,540,77027,36083,8
10475,10/12/2020,Rensselaer,9,994,440,77467,36083,7
10476,10/13/2020,Rensselaer,8,1002,1599,79066,36083,7
10477,10/14/2020,Rensselaer,5,1007,2540,81606,36083,8
10478,10/15/2020,Rensselaer,13,1020,1815,83421,36083,6
10479,10/16/2020,Rensselaer,1,1021,764,84185,36083,6
10480,10/17/2020,Rensselaer,6,1027,818,85003,36083,4
10481,10/18/2020,Rensselaer,7,1034,338,85341,36083,6
10482,10/19/2020,Rensselaer,6,1040,442,85783,36083,6
10483,10/20/2020,Rensselaer,7,1047,2034,87817,36083,8
10484,10/21/2020,Rensselaer,11,1058,2518,90335,36083,8
10485,10/22/2020,Rensselaer,6,1064,984,91319,36083,8
10486,10/23/2020,Rensselaer,9,1073,2668,93987,36083,7
10487,10/24/2020,Rensselaer,7,1080,4893,98880,36083,8
10488,10/25/2020,Rensselaer,8,1088,296,99176,36083,7
10489,10/26/2020,Rensselaer,6,1094,569,99745,36083,6
10490,10/27/2020,Rensselaer,5,1099,526,100271,36083,7
10491,10/28/2020,Rensselaer,11,1110,1019,101290,36083,5
10492,10/29/2020,Rensselaer,1,1111,1702,102992,36083,5
10493,10/30/2020,Rensselaer,5,1116,2365,105357,36083,4
10494,10/31/2020,Rensselaer,8,1124,2407,107764,36083,6
10495,11/01/2020,Rensselaer,7,1131,421,108185,36083,6
10496,11/02/2020,Rensselaer,4,1135,516,108701,36083,6
10497,11/03/2020,Rensselaer,7,1142,2052,110753,36083,10
10498,11/04/2020,Rensselaer,19,1161,868,111621,36083,13
10499,11/05/2020,Rensselaer,14,1175,1527,113148,36083,11
10500,03/01/2020,Richmond,0,0,0,0,36085,0
10501,03/02/2020,Richmond,0,0,0,0,36085,0
10502,03/03/2020,Richmond,0,0,0,0,36085,0
10503,03/04/2020,Richmond,0,0,0,0,36085,0
10504,03/05/2020,Richmond,0,0,0,0,36085,0
10505,03/06/2020,Richmond,0,0,3,3,36085,0
10506,03/07/2020,Richmond,0,0,2,5,36085,0
10507,03/08/2020,Richmond,0,0,0,5,36085,0
10508,03/09/2020,Richmond,0,0,6,11,36085,0
10509,03/10/2020,Richmond,1,1,5,16,36085,0
10510,03/11/2020,Richmond,1,2,5,21,36085,2
10511,03/12/2020,Richmond,4,6,16,37,36085,3
10512,03/13/2020,Richmond,5,11,34,71,36085,4
10513,03/14/2020,Richmond,3,14,29,100,36085,4
10514,03/15/2020,Richmond,6,20,27,127,36085,6
10515,03/16/2020,Richmond,11,31,35,162,36085,14
10516,03/17/2020,Richmond,26,57,61,223,36085,23
10517,03/18/2020,Richmond,33,90,110,333,36085,58
10518,03/19/2020,Richmond,116,206,272,605,36085,86
10519,03/20/2020,Richmond,109,315,334,939,36085,144
10520,03/21/2020,Richmond,207,522,645,1584,36085,169
10521,03/22/2020,Richmond,193,715,417,2001,36085,200
10522,03/23/2020,Richmond,200,915,487,2488,36085,167
10523,03/24/2020,Richmond,110,1025,223,2711,36085,158
10524,03/25/2020,Richmond,164,1189,293,3004,36085,165
10525,03/26/2020,Richmond,223,1412,413,3417,36085,267
10526,03/27/2020,Richmond,415,1827,847,4264,36085,346
10527,03/28/2020,Richmond,402,2229,878,5142,36085,384
10528,03/29/2020,Richmond,336,2565,711,5853,36085,354
10529,03/30/2020,Richmond,324,2889,691,6544,36085,319
10530,03/31/2020,Richmond,299,3188,616,7160,36085,300
10531,04/01/2020,Richmond,279,3467,559,7719,36085,288
10532,04/02/2020,Richmond,287,3754,563,8282,36085,295
10533,04/03/2020,Richmond,319,4073,679,8961,36085,274
10534,04/04/2020,Richmond,218,4291,513,9474,36085,275
10535,04/05/2020,Richmond,288,4579,600,10074,36085,241
10536,04/06/2020,Richmond,218,4797,605,10679,36085,350
10537,04/07/2020,Richmond,546,5343,1262,11941,36085,468
10538,04/08/2020,Richmond,641,5984,1528,13469,36085,562
10539,04/09/2020,Richmond,500,6484,1212,14681,36085,505
10540,04/10/2020,Richmond,376,6860,807,15488,36085,444
10541,04/11/2020,Richmond,456,7316,1030,16518,36085,394
10542,04/12/2020,Richmond,352,7668,887,17405,36085,366
10543,04/13/2020,Richmond,292,7960,725,18130,36085,327
10544,04/14/2020,Richmond,338,8298,743,18873,36085,338
10545,04/15/2020,Richmond,386,8684,1184,20057,36085,357
10546,04/16/2020,Richmond,347,9031,1084,21141,36085,345
10547,04/17/2020,Richmond,302,9333,1106,22247,36085,330
10548,04/18/2020,Richmond,341,9674,1288,23535,36085,294
10549,04/19/2020,Richmond,239,9913,874,24409,36085,262
10550,04/20/2020,Richmond,208,10121,882,25291,36085,223
10551,04/21/2020,Richmond,224,10345,998,26289,36085,225
10552,04/22/2020,Richmond,245,10590,1031,27320,36085,254
10553,04/23/2020,Richmond,293,10883,1272,28592,36085,261
10554,04/24/2020,Richmond,246,11129,1011,29603,36085,231
10555,04/25/2020,Richmond,154,11283,882,30485,36085,180
10556,04/26/2020,Richmond,140,11423,658,31143,36085,129
10557,04/27/2020,Richmond,93,11516,567,31710,36085,125
10558,04/28/2020,Richmond,144,11660,935,32645,36085,129
10559,04/29/2020,Richmond,151,11811,841,33486,36085,140
10560,04/30/2020,Richmond,126,11937,849,34335,36085,144
10561,05/01/2020,Richmond,157,12094,918,35253,36085,128
10562,05/02/2020,Richmond,101,12195,729,35982,36085,106
10563,05/03/2020,Richmond,60,12255,549,36531,36085,74
10564,05/04/2020,Richmond,62,12317,573,37104,36085,68
10565,05/05/2020,Richmond,84,12401,702,37806,36085,83
10566,05/06/2020,Richmond,105,12506,828,38634,36085,87
10567,05/07/2020,Richmond,72,12578,672,39306,36085,83
10568,05/08/2020,Richmond,72,12650,832,40138,36085,65
10569,05/09/2020,Richmond,52,12702,717,40855,36085,56
10570,05/10/2020,Richmond,45,12747,493,41348,36085,39
10571,05/11/2020,Richmond,22,12769,517,41865,36085,36
10572,05/12/2020,Richmond,41,12810,806,42671,36085,38
10573,05/13/2020,Richmond,51,12861,869,43540,36085,46
10574,05/14/2020,Richmond,48,12909,812,44352,36085,54
10575,05/15/2020,Richmond,65,12974,843,45195,36085,50
10576,05/16/2020,Richmond,37,13011,713,45908,36085,46
10577,05/17/2020,Richmond,36,13047,571,46479,36085,31
10578,05/18/2020,Richmond,22,13069,621,47100,36085,29
10579,05/19/2020,Richmond,31,13100,751,47851,36085,31
10580,05/20/2020,Richmond,40,13140,908,48759,36085,34
10581,05/21/2020,Richmond,31,13171,877,49636,36085,38
10582,05/22/2020,Richmond,44,13215,1232,50868,36085,42
10583,05/23/2020,Richmond,51,13266,1120,51988,36085,38
10584,05/24/2020,Richmond,21,13287,732,52720,36085,36
10585,05/25/2020,Richmond,38,13325,1047,53767,36085,27
10586,05/26/2020,Richmond,23,13348,720,54487,36085,39
10587,05/27/2020,Richmond,56,13404,1623,56110,36085,43
10588,05/28/2020,Richmond,51,13455,1731,57841,36085,52
10589,05/29/2020,Richmond,50,13505,1376,59217,36085,39
10590,05/30/2020,Richmond,17,13522,1214,60431,36085,27
10591,05/31/2020,Richmond,15,13537,1200,61631,36085,19
10592,06/01/2020,Richmond,25,13562,972,62603,36085,21
10593,06/02/2020,Richmond,23,13585,991,63594,36085,28
10594,06/03/2020,Richmond,36,13621,1784,65378,36085,33
10595,06/04/2020,Richmond,42,13663,1576,66954,36085,35
10596,06/05/2020,Richmond,28,13691,1886,68840,36085,32
10597,06/06/2020,Richmond,26,13717,1379,70219,36085,21
10598,06/07/2020,Richmond,10,13727,1182,71401,36085,18
10599,06/08/2020,Richmond,20,13747,896,72297,36085,14
10600,06/09/2020,Richmond,14,13761,1144,73441,36085,17
10601,06/10/2020,Richmond,19,13780,1290,74731,36085,17
10602,06/11/2020,Richmond,20,13800,1547,76278,36085,18
10603,06/12/2020,Richmond,17,13817,1596,77874,36085,25
10604,06/13/2020,Richmond,40,13857,1365,79239,36085,26
10605,06/14/2020,Richmond,21,13878,1391,80630,36085,23
10606,06/15/2020,Richmond,10,13888,2387,83017,36085,12
10607,06/16/2020,Richmond,5,13893,1328,84345,36085,7
10608,06/17/2020,Richmond,7,13900,1579,85924,36085,9
10609,06/18/2020,Richmond,17,13917,2306,88230,36085,17
10610,06/19/2020,Richmond,27,13944,1882,90112,36085,19
10611,06/20/2020,Richmond,14,13958,1749,91861,36085,18
10612,06/21/2020,Richmond,13,13971,1507,93368,36085,13
10613,06/22/2020,Richmond,12,13983,1121,94489,36085,12
10614,06/23/2020,Richmond,11,13994,1894,96383,36085,16
10615,06/24/2020,Richmond,26,14020,2032,98415,36085,18
10616,06/25/2020,Richmond,17,14037,1707,100122,36085,19
10617,06/26/2020,Richmond,15,14052,1697,101819,36085,17
10618,06/27/2020,Richmond,21,14073,1581,103400,36085,15
10619,06/28/2020,Richmond,9,14082,979,104379,36085,13
10620,06/29/2020,Richmond,11,14093,1749,106128,36085,12
10621,06/30/2020,Richmond,16,14109,1304,107432,36085,14
10622,07/01/2020,Richmond,16,14125,1787,109219,36085,23
10623,07/02/2020,Richmond,39,14164,1955,111174,36085,27
10624,07/03/2020,Richmond,26,14190,1613,112787,36085,25
10625,07/04/2020,Richmond,12,14202,1578,114365,36085,16
10626,07/05/2020,Richmond,11,14213,1362,115727,36085,11
10627,07/06/2020,Richmond,12,14225,1707,117434,36085,13
10628,07/07/2020,Richmond,18,14243,1406,118840,36085,16
10629,07/08/2020,Richmond,19,14262,1592,120432,36085,20
10630,07/09/2020,Richmond,23,14285,1874,122306,36085,21
10631,07/10/2020,Richmond,23,14308,1837,124143,36085,22
10632,07/11/2020,Richmond,21,14329,1681,125824,36085,18
10633,07/12/2020,Richmond,12,14341,1495,127319,36085,21
10634,07/13/2020,Richmond,31,14372,1891,129210,36085,20
10635,07/14/2020,Richmond,17,14389,1604,130814,36085,25
10636,07/15/2020,Richmond,28,14417,1878,132692,36085,22
10637,07/16/2020,Richmond,22,14439,2004,134696,36085,23
10638,07/17/2020,Richmond,20,14459,1566,136262,36085,21
10639,07/18/2020,Richmond,21,14480,1301,137563,36085,21
10640,07/19/2020,Richmond,23,14503,1213,138776,36085,26
10641,07/20/2020,Richmond,36,14539,2050,140826,36085,25
10642,07/21/2020,Richmond,18,14557,1252,142078,36085,28
10643,07/22/2020,Richmond,30,14587,1890,143968,36085,24
10644,07/23/2020,Richmond,26,14613,2065,146033,36085,25
10645,07/24/2020,Richmond,20,14633,1908,147941,36085,20
10646,07/25/2020,Richmond,16,14649,1116,149057,36085,22
10647,07/26/2020,Richmond,32,14681,1401,150458,36085,21
10648,07/27/2020,Richmond,17,14698,1571,152029,36085,26
10649,07/28/2020,Richmond,29,14727,1531,153560,36085,22
10650,07/29/2020,Richmond,21,14748,1720,155280,36085,22
10651,07/30/2020,Richmond,16,14764,1562,156842,36085,18
10652,07/31/2020,Richmond,17,14781,2229,159071,36085,19
10653,08/01/2020,Richmond,24,14805,1599,160670,36085,19
10654,08/02/2020,Richmond,17,14822,1421,162091,36085,19
10655,08/03/2020,Richmond,18,14840,1840,163931,36085,16
10656,08/04/2020,Richmond,14,14854,1492,165423,36085,18
10657,08/05/2020,Richmond,23,14877,1916,167339,36085,17
10658,08/06/2020,Richmond,14,14891,1679,169018,36085,18
10659,08/07/2020,Richmond,18,14909,2154,171172,36085,14
10660,08/08/2020,Richmond,12,14921,1395,172567,36085,14
10661,08/09/2020,Richmond,13,14934,1656,174223,36085,14
10662,08/10/2020,Richmond,19,14953,2137,176360,36085,17
10663,08/11/2020,Richmond,21,14974,2162,178522,36085,21
10664,08/12/2020,Richmond,24,14998,2896,181418,36085,21
10665,08/13/2020,Richmond,19,15017,2232,183650,36085,24
10666,08/14/2020,Richmond,29,15046,2189,185839,36085,22
10667,08/15/2020,Richmond,20,15066,1946,187785,36085,18
10668,08/16/2020,Richmond,7,15073,1454,189239,36085,13
10669,08/17/2020,Richmond,14,15087,1440,190679,36085,11
10670,08/18/2020,Richmond,14,15101,2347,193026,36085,15
10671,08/19/2020,Richmond,17,15118,2464,195490,36085,14
10672,08/20/2020,Richmond,11,15129,2418,197908,36085,13
10673,08/21/2020,Richmond,13,15142,2419,200327,36085,14
10674,08/22/2020,Richmond,20,15162,2047,202374,36085,16
10675,08/23/2020,Richmond,15,15177,1899,204273,36085,15
10676,08/24/2020,Richmond,12,15189,1977,206250,36085,14
10677,08/25/2020,Richmond,17,15206,2296,208546,36085,15
10678,08/26/2020,Richmond,18,15224,1950,210496,36085,16
10679,08/27/2020,Richmond,15,15239,2716,213212,36085,15
10680,08/28/2020,Richmond,13,15252,2633,215845,36085,15
10681,08/29/2020,Richmond,17,15269,2346,218191,36085,16
10682,08/30/2020,Richmond,19,15288,1528,219719,36085,18
10683,08/31/2020,Richmond,20,15308,2469,222188,36085,21
10684,09/01/2020,Richmond,24,15332,2045,224233,36085,20
10685,09/02/2020,Richmond,18,15350,2887,227120,36085,20
10686,09/03/2020,Richmond,19,15369,2641,229761,36085,20
10687,09/04/2020,Richmond,24,15393,2553,232314,36085,23
10688,09/05/2020,Richmond,27,15420,2668,234982,36085,27
10689,09/06/2020,Richmond,31,15451,1846,236828,36085,24
10690,09/07/2020,Richmond,15,15466,1483,238311,36085,22
10691,09/08/2020,Richmond,20,15486,1827,240138,36085,19
10692,09/09/2020,Richmond,24,15510,2525,242663,36085,23
10693,09/10/2020,Richmond,27,15537,1967,244630,36085,26
10694,09/11/2020,Richmond,28,15565,3042,247672,36085,24
10695,09/12/2020,Richmond,17,15582,1740,249412,36085,22
10696,09/13/2020,Richmond,22,15604,1601,251013,36085,22
10697,09/14/2020,Richmond,27,15631,2318,253331,36085,20
10698,09/15/2020,Richmond,11,15642,1532,254863,36085,20
10699,09/16/2020,Richmond,24,15666,2426,257289,36085,19
10700,09/17/2020,Richmond,23,15689,2017,259306,36085,23
10701,09/18/2020,Richmond,24,15713,2718,262024,36085,21
10702,09/19/2020,Richmond,17,15730,2408,264432,36085,21
10703,09/20/2020,Richmond,23,15753,1329,265761,36085,24
10704,09/21/2020,Richmond,33,15786,2287,268048,36085,23
10705,09/22/2020,Richmond,13,15799,1076,269124,36085,23
10706,09/23/2020,Richmond,24,15823,2677,271801,36085,17
10707,09/24/2020,Richmond,14,15837,2118,273919,36085,22
10708,09/25/2020,Richmond,30,15867,2524,276443,36085,22
10709,09/26/2020,Richmond,23,15890,2226,278669,36085,25
10710,09/27/2020,Richmond,23,15913,1743,280412,36085,27
10711,09/28/2020,Richmond,37,15950,2385,282797,36085,33
10712,09/29/2020,Richmond,39,15989,1763,284560,36085,37
10713,09/30/2020,Richmond,36,16025,2281,286841,36085,37
10714,10/01/2020,Richmond,36,16061,2341,289182,36085,39
10715,10/02/2020,Richmond,46,16107,3278,292460,36085,37
10716,10/03/2020,Richmond,30,16137,2661,295121,36085,32
10717,10/04/2020,Richmond,20,16157,1760,296881,36085,34
10718,10/05/2020,Richmond,52,16209,2812,299693,36085,34
10719,10/06/2020,Richmond,31,16240,2182,301875,36085,45
10720,10/07/2020,Richmond,54,16294,3978,305853,36085,38
10721,10/08/2020,Richmond,30,16324,2487,308340,36085,44
10722,10/09/2020,Richmond,49,16373,3396,311736,36085,35
10723,10/10/2020,Richmond,28,16401,2812,314548,36085,36
10724,10/11/2020,Richmond,33,16434,2630,317178,36085,41
10725,10/12/2020,Richmond,62,16496,3099,320277,36085,40
10726,10/13/2020,Richmond,26,16522,2079,322356,36085,41
10727,10/14/2020,Richmond,37,16559,2715,325071,36085,36
10728,10/15/2020,Richmond,46,16605,3256,328327,36085,49
10729,10/16/2020,Richmond,65,16670,4789,333116,36085,53
10730,10/17/2020,Richmond,50,16720,3621,336737,36085,47
10731,10/18/2020,Richmond,26,16746,1988,338725,36085,37
10732,10/19/2020,Richmond,36,16782,2376,341101,36085,46
10733,10/20/2020,Richmond,78,16860,3394,344495,36085,48
10734,10/21/2020,Richmond,32,16892,2803,347298,36085,49
10735,10/22/2020,Richmond,37,16929,3598,350896,36085,48
10736,10/23/2020,Richmond,75,17004,3988,354884,36085,52
10737,10/24/2020,Richmond,44,17048,2919,357803,36085,52
10738,10/25/2020,Richmond,37,17085,1832,359635,36085,56
10739,10/26/2020,Richmond,89,17174,4278,363913,36085,68
10740,10/27/2020,Richmond,78,17252,2959,366872,36085,91
10741,10/28/2020,Richmond,107,17359,4394,371266,36085,94
10742,10/29/2020,Richmond,98,17457,3388,374654,36085,94
10743,10/30/2020,Richmond,78,17535,3642,378296,36085,95
10744,10/31/2020,Richmond,109,17644,3817,382113,36085,82
10745,11/01/2020,Richmond,59,17703,2396,384509,36085,80
10746,11/02/2020,Richmond,74,17777,3050,387559,36085,60
10747,11/03/2020,Richmond,49,17826,2344,389903,36085,79
10748,11/04/2020,Richmond,115,17941,3848,393751,36085,118
10749,11/05/2020,Richmond,191,18132,5425,399176,36085,102
10750,03/01/2020,Rockland,0,0,0,0,36087,0
10751,03/02/2020,Rockland,0,0,0,0,36087,0
10752,03/03/2020,Rockland,0,0,0,0,36087,0
10753,03/04/2020,Rockland,0,0,0,0,36087,0
10754,03/05/2020,Rockland,0,0,0,0,36087,0
10755,03/06/2020,Rockland,1,1,1,1,36087,0
10756,03/07/2020,Rockland,0,1,0,1,36087,0
10757,03/08/2020,Rockland,0,1,2,3,36087,1
10758,03/09/2020,Rockland,3,4,7,10,36087,1
10759,03/10/2020,Rockland,0,4,2,12,36087,1
10760,03/11/2020,Rockland,2,6,2,14,36087,1
10761,03/12/2020,Rockland,2,8,5,19,36087,1
10762,03/13/2020,Rockland,1,9,8,27,36087,2
10763,03/14/2020,Rockland,3,12,21,48,36087,1
10764,03/15/2020,Rockland,1,13,35,83,36087,4
10765,03/16/2020,Rockland,9,22,39,122,36087,6
10766,03/17/2020,Rockland,8,30,29,151,36087,13
10767,03/18/2020,Rockland,23,53,58,209,36087,26
10768,03/19/2020,Rockland,48,101,192,401,36087,77
10769,03/20/2020,Rockland,161,262,569,970,36087,134
10770,03/21/2020,Rockland,193,455,604,1574,36087,163
10771,03/22/2020,Rockland,137,592,393,1967,36087,136
10772,03/23/2020,Rockland,79,671,315,2282,36087,171
10773,03/24/2020,Rockland,297,968,592,2874,36087,201
10774,03/25/2020,Rockland,229,1197,567,3441,36087,262
10775,03/26/2020,Rockland,260,1457,588,4029,36087,309
10776,03/27/2020,Rockland,439,1896,1078,5107,36087,337
10777,03/28/2020,Rockland,313,2209,827,5934,36087,351
10778,03/29/2020,Rockland,302,2511,604,6538,36087,322
10779,03/30/2020,Rockland,352,2863,739,7277,36087,370
10780,03/31/2020,Rockland,458,3321,930,8207,36087,413
10781,04/01/2020,Rockland,430,3751,904,9111,36087,475
10782,04/02/2020,Rockland,538,4289,997,10108,36087,517
10783,04/03/2020,Rockland,583,4872,1124,11232,36087,525
10784,04/04/2020,Rockland,454,5326,880,12112,36087,471
10785,04/05/2020,Rockland,377,5703,732,12844,36087,372
10786,04/06/2020,Rockland,287,5990,662,13506,36087,362
10787,04/07/2020,Rockland,423,6413,1027,14533,36087,320
10788,04/08/2020,Rockland,252,6665,648,15181,36087,377
10789,04/09/2020,Rockland,457,7122,1013,16194,36087,354
10790,04/10/2020,Rockland,355,7477,785,16979,36087,352
10791,04/11/2020,Rockland,244,7721,569,17548,36087,281
10792,04/12/2020,Rockland,244,7965,586,18134,36087,286
10793,04/13/2020,Rockland,370,8335,779,18913,36087,251
10794,04/14/2020,Rockland,139,8474,371,19284,36087,262
10795,04/15/2020,Rockland,278,8752,830,20114,36087,217
10796,04/16/2020,Rockland,235,8987,678,20792,36087,232
10797,04/17/2020,Rockland,184,9171,610,21402,36087,204
10798,04/18/2020,Rockland,193,9364,547,21949,36087,156
10799,04/19/2020,Rockland,93,9457,316,22265,36087,132
10800,04/20/2020,Rockland,111,9568,407,22672,36087,111
10801,04/21/2020,Rockland,131,9699,478,23150,36087,123
10802,04/22/2020,Rockland,129,9828,584,23734,36087,174
10803,04/23/2020,Rockland,263,10091,1255,24989,36087,464
10804,04/24/2020,Rockland,1000,11091,2606,27595,36087,476
10805,04/25/2020,Rockland,165,11256,677,28272,36087,425
10806,04/26/2020,Rockland,110,11366,565,28837,36087,120
10807,04/27/2020,Rockland,87,11453,537,29374,36087,110
10808,04/28/2020,Rockland,133,11586,528,29902,36087,114
10809,04/29/2020,Rockland,122,11708,691,30593,36087,119
10810,04/30/2020,Rockland,104,11812,823,31416,36087,119
10811,05/01/2020,Rockland,133,11945,779,32195,36087,105
10812,05/02/2020,Rockland,80,12025,598,32793,36087,94
10813,05/03/2020,Rockland,70,12095,476,33269,36087,66
10814,05/04/2020,Rockland,49,12144,437,33706,36087,59
10815,05/05/2020,Rockland,60,12204,401,34107,36087,61
10816,05/06/2020,Rockland,76,12280,852,34959,36087,68
10817,05/07/2020,Rockland,69,12349,740,35699,36087,65
10818,05/08/2020,Rockland,51,12400,669,36368,36087,57
10819,05/09/2020,Rockland,51,12451,582,36950,36087,45
10820,05/10/2020,Rockland,33,12484,564,37514,36087,34
10821,05/11/2020,Rockland,20,12504,368,37882,36087,30
10822,05/12/2020,Rockland,39,12543,637,38519,36087,37
10823,05/13/2020,Rockland,53,12596,1096,39615,36087,44
10824,05/14/2020,Rockland,41,12637,851,40466,36087,48
10825,05/15/2020,Rockland,51,12688,1035,41501,36087,54
10826,05/16/2020,Rockland,70,12758,779,42280,36087,46
10827,05/17/2020,Rockland,19,12777,486,42766,36087,36
10828,05/18/2020,Rockland,21,12798,338,43104,36087,24
10829,05/19/2020,Rockland,33,12831,577,43681,36087,33
10830,05/20/2020,Rockland,46,12877,1091,44772,36087,35
10831,05/21/2020,Rockland,28,12905,790,45562,36087,34
10832,05/22/2020,Rockland,29,12934,814,46376,36087,28
10833,05/23/2020,Rockland,29,12963,735,47111,36087,30
10834,05/24/2020,Rockland,33,12996,634,47745,36087,28
10835,05/25/2020,Rockland,23,13019,652,48397,36087,28
10836,05/26/2020,Rockland,28,13047,554,48951,36087,26
10837,05/27/2020,Rockland,29,13076,1115,50066,36087,27
10838,05/28/2020,Rockland,24,13100,1097,51163,36087,27
10839,05/29/2020,Rockland,28,13128,807,51970,36087,25
10840,05/30/2020,Rockland,23,13151,616,52586,36087,28
10841,05/31/2020,Rockland,34,13185,682,53268,36087,31
10842,06/01/2020,Rockland,38,13223,785,54053,36087,36
10843,06/02/2020,Rockland,36,13259,1088,55141,36087,31
10844,06/03/2020,Rockland,21,13280,969,56110,36087,24
10845,06/04/2020,Rockland,17,13297,1191,57301,36087,18
10846,06/05/2020,Rockland,18,13315,1030,58331,36087,15
10847,06/06/2020,Rockland,10,13325,795,59126,36087,14
10848,06/07/2020,Rockland,15,13340,761,59887,36087,12
10849,06/08/2020,Rockland,13,13353,847,60734,36087,15
10850,06/09/2020,Rockland,19,13372,843,61577,36087,15
10851,06/10/2020,Rockland,13,13385,976,62553,36087,14
10852,06/11/2020,Rockland,11,13396,905,63458,36087,13
10853,06/12/2020,Rockland,15,13411,885,64343,36087,12
10854,06/13/2020,Rockland,12,13423,876,65219,36087,15
10855,06/14/2020,Rockland,18,13441,797,66016,36087,16
10856,06/15/2020,Rockland,19,13460,770,66786,36087,14
10857,06/16/2020,Rockland,7,13467,683,67469,36087,11
10858,06/17/2020,Rockland,7,13474,918,68387,36087,8
10859,06/18/2020,Rockland,12,13486,1081,69468,36087,9
10860,06/19/2020,Rockland,9,13495,804,70272,36087,10
10861,06/20/2020,Rockland,9,13504,628,70900,36087,9
10862,06/21/2020,Rockland,10,13514,603,71503,36087,11
10863,06/22/2020,Rockland,15,13529,575,72078,36087,10
10864,06/23/2020,Rockland,5,13534,498,72576,36087,11
10865,06/24/2020,Rockland,15,13549,686,73262,36087,9
10866,06/25/2020,Rockland,8,13557,881,74143,36087,10
10867,06/26/2020,Rockland,9,13566,951,75094,36087,9
10868,06/27/2020,Rockland,10,13576,795,75889,36087,7
10869,06/28/2020,Rockland,4,13580,627,76516,36087,8
10870,06/29/2020,Rockland,10,13590,728,77244,36087,8
10871,06/30/2020,Rockland,12,13602,999,78243,36087,10
10872,07/01/2020,Rockland,10,13612,980,79223,36087,11
10873,07/02/2020,Rockland,11,13623,1109,80332,36087,9
10874,07/03/2020,Rockland,6,13629,636,80968,36087,12
10875,07/04/2020,Rockland,19,13648,1043,82011,36087,11
10876,07/05/2020,Rockland,8,13656,759,82770,36087,13
10877,07/06/2020,Rockland,12,13668,895,83665,36087,10
10878,07/07/2020,Rockland,11,13679,744,84409,36087,9
10879,07/08/2020,Rockland,4,13683,932,85341,36087,7
10880,07/09/2020,Rockland,8,13691,927,86268,36087,7
10881,07/10/2020,Rockland,9,13700,949,87217,36087,11
10882,07/11/2020,Rockland,16,13716,1039,88256,36087,9
10883,07/12/2020,Rockland,3,13719,555,88811,36087,11
10884,07/13/2020,Rockland,14,13733,1001,89812,36087,9
10885,07/14/2020,Rockland,10,13743,1127,90939,36087,14
10886,07/15/2020,Rockland,20,13763,975,91914,36087,14
10887,07/16/2020,Rockland,12,13775,1034,92948,36087,13
10888,07/17/2020,Rockland,9,13784,1038,93986,36087,10
10889,07/18/2020,Rockland,9,13793,497,94483,36087,7
10890,07/19/2020,Rockland,5,13798,497,94980,36087,7
10891,07/20/2020,Rockland,8,13806,651,95631,36087,6
10892,07/21/2020,Rockland,6,13812,900,96531,36087,7
10893,07/22/2020,Rockland,8,13820,719,97250,36087,8
10894,07/23/2020,Rockland,10,13830,1114,98364,36087,8
10895,07/24/2020,Rockland,7,13837,844,99208,36087,6
10896,07/25/2020,Rockland,2,13839,520,99728,36087,3
10897,07/26/2020,Rockland,2,13841,580,100308,36087,2
10898,07/27/2020,Rockland,4,13845,772,101080,36087,4
10899,07/28/2020,Rockland,7,13852,646,101726,36087,6
10900,07/29/2020,Rockland,8,13860,642,102368,36087,6
10901,07/30/2020,Rockland,4,13864,789,103157,36087,9
10902,07/31/2020,Rockland,16,13880,898,104055,36087,7
10903,08/01/2020,Rockland,2,13882,573,104628,36087,7
10904,08/02/2020,Rockland,3,13885,525,105153,36087,4
10905,08/03/2020,Rockland,8,13893,948,106101,36087,7
10906,08/04/2020,Rockland,10,13903,867,106968,36087,11
10907,08/05/2020,Rockland,15,13918,841,107809,36087,10
10908,08/06/2020,Rockland,7,13925,744,108553,36087,11
10909,08/07/2020,Rockland,11,13936,784,109337,36087,8
10910,08/08/2020,Rockland,6,13942,785,110122,36087,8
10911,08/09/2020,Rockland,7,13949,617,110739,36087,6
10912,08/10/2020,Rockland,5,13954,1150,111889,36087,8
10913,08/11/2020,Rockland,12,13966,1261,113150,36087,8
10914,08/12/2020,Rockland,7,13973,1042,114192,36087,9
10915,08/13/2020,Rockland,8,13981,959,115151,36087,10
10916,08/14/2020,Rockland,16,13997,1160,116311,36087,11
10917,08/15/2020,Rockland,10,14007,852,117163,36087,10
10918,08/16/2020,Rockland,4,14011,638,117801,36087,18
10919,08/17/2020,Rockland,42,14053,911,118712,36087,20
10920,08/18/2020,Rockland,14,14067,1153,119865,36087,26
10921,08/19/2020,Rockland,22,14089,1063,120928,36087,17
10922,08/20/2020,Rockland,17,14106,1229,122157,36087,17
10923,08/21/2020,Rockland,12,14118,1382,123539,36087,13
10924,08/22/2020,Rockland,11,14129,997,124536,36087,11
10925,08/23/2020,Rockland,10,14139,782,125318,36087,10
10926,08/24/2020,Rockland,10,14149,837,126155,36087,10
10927,08/25/2020,Rockland,12,14161,1016,127171,36087,14
10928,08/26/2020,Rockland,22,14183,963,128134,36087,16
10929,08/27/2020,Rockland,14,14197,1165,129299,36087,19
10930,08/28/2020,Rockland,21,14218,1251,130550,36087,16
10931,08/29/2020,Rockland,15,14233,1733,132283,36087,19
10932,08/30/2020,Rockland,22,14255,723,133006,36087,17
10933,08/31/2020,Rockland,16,14271,900,133906,36087,24
10934,09/01/2020,Rockland,34,14305,2290,136196,36087,26
10935,09/02/2020,Rockland,29,14334,1283,137479,36087,29
10936,09/03/2020,Rockland,24,14358,1148,138627,36087,25
10937,09/04/2020,Rockland,24,14382,1299,139926,36087,20
10938,09/05/2020,Rockland,14,14396,950,140876,36087,20
10939,09/06/2020,Rockland,22,14418,607,141483,36087,19
10940,09/07/2020,Rockland,21,14439,505,141988,36087,21
10941,09/08/2020,Rockland,20,14459,1253,143241,36087,20
10942,09/09/2020,Rockland,21,14480,1169,144410,36087,23
10943,09/10/2020,Rockland,30,14510,1434,145844,36087,23
10944,09/11/2020,Rockland,20,14530,1225,147069,36087,22
10945,09/12/2020,Rockland,17,14547,745,147814,36087,23
10946,09/13/2020,Rockland,34,14581,715,148529,36087,29
10947,09/14/2020,Rockland,36,14617,1571,150100,36087,37
10948,09/15/2020,Rockland,43,14660,1135,151235,36087,39
10949,09/16/2020,Rockland,38,14698,1256,152491,36087,43
10950,09/17/2020,Rockland,49,14747,1402,153893,36087,47
10951,09/18/2020,Rockland,54,14801,1453,155346,36087,41
10952,09/19/2020,Rockland,22,14823,946,156292,36087,28
10953,09/20/2020,Rockland,10,14833,654,156946,36087,30
10954,09/21/2020,Rockland,58,14891,1763,158709,36087,43
10955,09/22/2020,Rockland,63,14954,1341,160050,36087,55
10956,09/23/2020,Rockland,44,14998,1308,161358,36087,51
10957,09/24/2020,Rockland,47,15045,1070,162428,36087,48
10958,09/25/2020,Rockland,55,15100,1477,163905,36087,56
10959,09/26/2020,Rockland,67,15167,993,164898,36087,77
10960,09/27/2020,Rockland,110,15277,859,165757,36087,80
10961,09/28/2020,Rockland,65,15342,1811,167568,36087,95
10962,09/29/2020,Rockland,110,15452,1680,169248,36087,119
10963,09/30/2020,Rockland,184,15636,2143,171391,36087,169
10964,10/01/2020,Rockland,213,15849,2790,174181,36087,173
10965,10/02/2020,Rockland,124,15973,2078,176259,36087,126
10966,10/03/2020,Rockland,43,16016,1115,177374,36087,74
10967,10/04/2020,Rockland,55,16071,888,178262,36087,72
10968,10/05/2020,Rockland,119,16190,1633,179895,36087,80
10969,10/06/2020,Rockland,66,16256,1478,181373,36087,127
10970,10/07/2020,Rockland,198,16454,2760,184133,36087,136
10971,10/08/2020,Rockland,145,16599,2577,186710,36087,144
10972,10/09/2020,Rockland,91,16690,2330,189040,36087,87
10973,10/10/2020,Rockland,27,16717,1283,190323,36087,53
10974,10/11/2020,Rockland,43,16760,1046,191369,36087,46
10975,10/12/2020,Rockland,69,16829,3169,194538,36087,58
10976,10/13/2020,Rockland,62,16891,1552,196090,36087,70
10977,10/14/2020,Rockland,81,16972,2254,198344,36087,78
10978,10/15/2020,Rockland,91,17063,2005,200349,36087,78
10979,10/16/2020,Rockland,62,17125,2420,202769,36087,66
10980,10/17/2020,Rockland,46,17171,2138,204907,36087,48
10981,10/18/2020,Rockland,36,17207,1631,206538,36087,48
10982,10/19/2020,Rockland,62,17269,3034,209572,36087,94
10983,10/20/2020,Rockland,184,17453,3576,213148,36087,105
10984,10/21/2020,Rockland,71,17524,4181,217329,36087,104
10985,10/22/2020,Rockland,57,17581,2649,219978,36087,60
10986,10/23/2020,Rockland,54,17635,3304,223282,36087,53
10987,10/24/2020,Rockland,50,17685,1857,225139,36087,59
10988,10/25/2020,Rockland,75,17760,1344,226483,36087,65
10989,10/26/2020,Rockland,72,17832,2631,229114,36087,86
10990,10/27/2020,Rockland,111,17943,3399,232513,36087,88
10991,10/28/2020,Rockland,81,18024,2769,235282,36087,92
10992,10/29/2020,Rockland,86,18110,2878,238160,36087,78
10993,10/30/2020,Rockland,67,18177,2202,240362,36087,80
10994,10/31/2020,Rockland,88,18265,2331,242693,36087,81
10995,11/01/2020,Rockland,88,18353,1588,244281,36087,96
10996,11/02/2020,Rockland,113,18466,3596,247877,36087,105
10997,11/03/2020,Rockland,115,18581,3055,250932,36087,110
10998,11/04/2020,Rockland,102,18683,3091,254023,36087,96
10999,11/05/2020,Rockland,73,18756,3378,257401,36087,58
11000,03/01/2020,Saratoga,0,0,0,0,36091,0
11001,03/02/2020,Saratoga,0,0,0,0,36091,0
11002,03/03/2020,Saratoga,0,0,0,0,36091,0
11003,03/04/2020,Saratoga,0,0,0,0,36091,0
11004,03/05/2020,Saratoga,0,0,0,0,36091,0
11005,03/06/2020,Saratoga,0,0,0,0,36091,0
11006,03/07/2020,Saratoga,0,0,1,1,36091,0
11007,03/08/2020,Saratoga,0,0,0,1,36091,0
11008,03/09/2020,Saratoga,2,2,9,10,36091,0
11009,03/10/2020,Saratoga,0,2,2,12,36091,1
11010,03/11/2020,Saratoga,1,3,31,43,36091,0
11011,03/12/2020,Saratoga,0,3,32,75,36091,0
11012,03/13/2020,Saratoga,0,3,41,116,36091,0
11013,03/14/2020,Saratoga,0,3,45,161,36091,0
11014,03/15/2020,Saratoga,2,5,66,227,36091,2
11015,03/16/2020,Saratoga,4,9,55,282,36091,3
11016,03/17/2020,Saratoga,5,14,76,358,36091,4
11017,03/18/2020,Saratoga,4,18,156,514,36091,5
11018,03/19/2020,Saratoga,6,24,102,616,36091,7
11019,03/20/2020,Saratoga,11,35,279,895,36091,7
11020,03/21/2020,Saratoga,6,41,143,1038,36091,9
11021,03/22/2020,Saratoga,12,53,164,1202,36091,8
11022,03/23/2020,Saratoga,7,60,76,1278,36091,7
11023,03/24/2020,Saratoga,4,64,69,1347,36091,6
11024,03/25/2020,Saratoga,9,73,55,1402,36091,7
11025,03/26/2020,Saratoga,9,82,69,1471,36091,10
11026,03/27/2020,Saratoga,14,96,82,1553,36091,9
11027,03/28/2020,Saratoga,6,102,51,1604,36091,7
11028,03/29/2020,Saratoga,3,105,15,1619,36091,4
11029,03/30/2020,Saratoga,3,108,23,1642,36091,6
11030,03/31/2020,Saratoga,14,122,78,1720,36091,9
11031,04/01/2020,Saratoga,10,132,69,1789,36091,11
11032,04/02/2020,Saratoga,9,141,53,1842,36091,6
11033,04/03/2020,Saratoga,0,141,57,1899,36091,5
11034,04/04/2020,Saratoga,7,148,110,2009,36091,4
11035,04/05/2020,Saratoga,5,153,34,2043,36091,4
11036,04/06/2020,Saratoga,2,155,40,2083,36091,4
11037,04/07/2020,Saratoga,7,162,73,2156,36091,6
11038,04/08/2020,Saratoga,10,172,113,2269,36091,9
11039,04/09/2020,Saratoga,10,182,154,2423,36091,8
11040,04/10/2020,Saratoga,5,187,68,2491,36091,8
11041,04/11/2020,Saratoga,9,196,88,2579,36091,6
11042,04/12/2020,Saratoga,5,201,61,2640,36091,12
11043,04/13/2020,Saratoga,23,224,193,2833,36091,10
11044,04/14/2020,Saratoga,3,227,71,2904,36091,10
11045,04/15/2020,Saratoga,4,231,92,2996,36091,4
11046,04/16/2020,Saratoga,5,236,77,3073,36091,5
11047,04/17/2020,Saratoga,8,244,98,3171,36091,6
11048,04/18/2020,Saratoga,7,251,105,3276,36091,6
11049,04/19/2020,Saratoga,3,254,32,3308,36091,4
11050,04/20/2020,Saratoga,3,257,42,3350,36091,4
11051,04/21/2020,Saratoga,7,264,101,3451,36091,3
11052,04/22/2020,Saratoga,1,265,52,3503,36091,7
11053,04/23/2020,Saratoga,13,278,127,3630,36091,18
11054,04/24/2020,Saratoga,42,320,642,4272,36091,21
11055,04/25/2020,Saratoga,10,330,217,4489,36091,19
11056,04/26/2020,Saratoga,6,336,114,4603,36091,7
11057,04/27/2020,Saratoga,7,343,116,4719,36091,5
11058,04/28/2020,Saratoga,3,346,125,4844,36091,6
11059,04/29/2020,Saratoga,8,354,195,5039,36091,5
11060,04/30/2020,Saratoga,4,358,171,5210,36091,5
11061,05/01/2020,Saratoga,3,361,173,5383,36091,3
11062,05/02/2020,Saratoga,2,363,203,5586,36091,3
11063,05/03/2020,Saratoga,4,367,103,5689,36091,2
11064,05/04/2020,Saratoga,1,368,115,5804,36091,2
11065,05/05/2020,Saratoga,3,371,173,5977,36091,2
11066,05/06/2020,Saratoga,3,374,157,6134,36091,6
11067,05/07/2020,Saratoga,14,388,174,6308,36091,9
11068,05/08/2020,Saratoga,11,399,179,6487,36091,9
11069,05/09/2020,Saratoga,3,402,183,6670,36091,5
11070,05/10/2020,Saratoga,1,403,170,6840,36091,2
11071,05/11/2020,Saratoga,4,407,154,6994,36091,2
11072,05/12/2020,Saratoga,3,410,196,7190,36091,4
11073,05/13/2020,Saratoga,5,415,280,7470,36091,4
11074,05/14/2020,Saratoga,6,421,266,7736,36091,4
11075,05/15/2020,Saratoga,2,423,358,8094,36091,4
11076,05/16/2020,Saratoga,5,428,560,8654,36091,4
11077,05/17/2020,Saratoga,6,434,242,8896,36091,4
11078,05/18/2020,Saratoga,2,436,139,9035,36091,3
11079,05/19/2020,Saratoga,2,438,267,9302,36091,2
11080,05/20/2020,Saratoga,2,440,458,9760,36091,4
11081,05/21/2020,Saratoga,8,448,351,10111,36091,4
11082,05/22/2020,Saratoga,4,452,254,10365,36091,5
11083,05/23/2020,Saratoga,4,456,316,10681,36091,4
11084,05/24/2020,Saratoga,5,461,185,10866,36091,3
11085,05/25/2020,Saratoga,2,463,312,11178,36091,3
11086,05/26/2020,Saratoga,2,465,285,11463,36091,2
11087,05/27/2020,Saratoga,3,468,292,11755,36091,3
11088,05/28/2020,Saratoga,5,473,511,12266,36091,4
11089,05/29/2020,Saratoga,4,477,518,12784,36091,4
11090,05/30/2020,Saratoga,3,480,399,13183,36091,3
11091,05/31/2020,Saratoga,3,483,487,13670,36091,2
11092,06/01/2020,Saratoga,1,484,317,13987,36091,3
11093,06/02/2020,Saratoga,5,489,609,14596,36091,3
11094,06/03/2020,Saratoga,4,493,741,15337,36091,4
11095,06/04/2020,Saratoga,3,496,574,15911,36091,4
11096,06/05/2020,Saratoga,5,501,610,16521,36091,3
11097,06/06/2020,Saratoga,1,502,520,17041,36091,2
11098,06/07/2020,Saratoga,2,504,654,17695,36091,3
11099,06/08/2020,Saratoga,7,511,396,18091,36091,3
11100,06/09/2020,Saratoga,0,511,495,18586,36091,3
11101,06/10/2020,Saratoga,2,513,577,19163,36091,1
11102,06/11/2020,Saratoga,1,514,693,19856,36091,1
11103,06/12/2020,Saratoga,0,514,357,20213,36091,0
11104,06/13/2020,Saratoga,1,515,437,20650,36091,1
11105,06/14/2020,Saratoga,2,517,568,21218,36091,2
11106,06/15/2020,Saratoga,5,522,425,21643,36091,2
11107,06/16/2020,Saratoga,1,523,435,22078,36091,3
11108,06/17/2020,Saratoga,3,526,488,22566,36091,2
11109,06/18/2020,Saratoga,2,528,546,23112,36091,2
11110,06/19/2020,Saratoga,3,531,561,23673,36091,2
11111,06/20/2020,Saratoga,2,533,492,24165,36091,2
11112,06/21/2020,Saratoga,2,535,543,24708,36091,2
11113,06/22/2020,Saratoga,3,538,273,24981,36091,1
11114,06/23/2020,Saratoga,0,538,470,25451,36091,1
11115,06/24/2020,Saratoga,2,540,389,25840,36091,0
11116,06/25/2020,Saratoga,0,540,564,26404,36091,2
11117,06/26/2020,Saratoga,6,546,589,26993,36091,2
11118,06/27/2020,Saratoga,2,548,517,27510,36091,3
11119,06/28/2020,Saratoga,1,549,531,28041,36091,1
11120,06/29/2020,Saratoga,0,549,283,28324,36091,0
11121,06/30/2020,Saratoga,1,550,246,28570,36091,2
11122,07/01/2020,Saratoga,5,555,444,29014,36091,4
11123,07/02/2020,Saratoga,6,561,512,29526,36091,4
11124,07/03/2020,Saratoga,1,562,518,30044,36091,3
11125,07/04/2020,Saratoga,4,566,516,30560,36091,3
11126,07/05/2020,Saratoga,6,572,431,30991,36091,5
11127,07/06/2020,Saratoga,6,578,267,31258,36091,5
11128,07/07/2020,Saratoga,4,582,539,31797,36091,4
11129,07/08/2020,Saratoga,3,585,555,32352,36091,3
11130,07/09/2020,Saratoga,2,587,419,32771,36091,4
11131,07/10/2020,Saratoga,8,595,524,33295,36091,5
11132,07/11/2020,Saratoga,7,602,506,33801,36091,7
11133,07/12/2020,Saratoga,8,610,480,34281,36091,7
11134,07/13/2020,Saratoga,6,616,577,34858,36091,7
11135,07/14/2020,Saratoga,7,623,531,35389,36091,4
11136,07/15/2020,Saratoga,1,624,483,35872,36091,4
11137,07/16/2020,Saratoga,6,630,494,36366,36091,4
11138,07/17/2020,Saratoga,5,635,893,37259,36091,4
11139,07/18/2020,Saratoga,2,637,479,37738,36091,3
11140,07/19/2020,Saratoga,2,639,412,38150,36091,3
11141,07/20/2020,Saratoga,7,646,782,38932,36091,4
11142,07/21/2020,Saratoga,4,650,556,39488,36091,8
11143,07/22/2020,Saratoga,13,663,890,40378,36091,6
11144,07/23/2020,Saratoga,2,665,546,40924,36091,9
11145,07/24/2020,Saratoga,14,679,889,41813,36091,7
11146,07/25/2020,Saratoga,6,685,795,42608,36091,7
11147,07/26/2020,Saratoga,3,688,521,43129,36091,4
11148,07/27/2020,Saratoga,3,691,639,43768,36091,5
11149,07/28/2020,Saratoga,10,701,462,44230,36091,7
11150,07/29/2020,Saratoga,8,709,537,44767,36091,8
11151,07/30/2020,Saratoga,6,715,540,45307,36091,8
11152,07/31/2020,Saratoga,11,726,1028,46335,36091,7
11153,08/01/2020,Saratoga,6,732,603,46938,36091,6
11154,08/02/2020,Saratoga,1,733,426,47364,36091,4
11155,08/03/2020,Saratoga,6,739,841,48205,36091,4
11156,08/04/2020,Saratoga,5,744,681,48886,36091,4
11157,08/05/2020,Saratoga,3,747,576,49462,36091,4
11158,08/06/2020,Saratoga,5,752,826,50288,36091,3
11159,08/07/2020,Saratoga,3,755,506,50794,36091,3
11160,08/08/2020,Saratoga,2,757,685,51479,36091,2
11161,08/09/2020,Saratoga,3,760,451,51930,36091,4
11162,08/10/2020,Saratoga,7,767,749,52679,36091,3
11163,08/11/2020,Saratoga,1,768,601,53280,36091,4
11164,08/12/2020,Saratoga,6,774,831,54111,36091,5
11165,08/13/2020,Saratoga,8,782,728,54839,36091,5
11166,08/14/2020,Saratoga,1,783,789,55628,36091,6
11167,08/15/2020,Saratoga,9,792,720,56348,36091,4
11168,08/16/2020,Saratoga,3,795,498,56846,36091,5
11169,08/17/2020,Saratoga,5,800,934,57780,36091,2
11170,08/18/2020,Saratoga,0,800,1088,58868,36091,2
11171,08/19/2020,Saratoga,2,802,1221,60089,36091,2
11172,08/20/2020,Saratoga,6,808,1254,61343,36091,4
11173,08/21/2020,Saratoga,5,813,1228,62571,36091,4
11174,08/22/2020,Saratoga,2,815,981,63552,36091,2
11175,08/23/2020,Saratoga,1,816,438,63990,36091,3
11176,08/24/2020,Saratoga,8,824,679,64669,36091,3
11177,08/25/2020,Saratoga,0,824,1137,65806,36091,4
11178,08/26/2020,Saratoga,5,829,1175,66981,36091,2
11179,08/27/2020,Saratoga,3,832,661,67642,36091,2
11180,08/28/2020,Saratoga,0,832,1292,68934,36091,4
11181,08/29/2020,Saratoga,10,842,1102,70036,36091,4
11182,08/30/2020,Saratoga,2,844,800,70836,36091,4
11183,08/31/2020,Saratoga,2,846,379,71215,36091,3
11184,09/01/2020,Saratoga,6,852,1239,72454,36091,6
11185,09/02/2020,Saratoga,11,863,1102,73556,36091,7
11186,09/03/2020,Saratoga,5,868,1151,74707,36091,8
11187,09/04/2020,Saratoga,9,877,1075,75782,36091,8
11188,09/05/2020,Saratoga,12,889,1108,76890,36091,8
11189,09/06/2020,Saratoga,4,893,420,77310,36091,7
11190,09/07/2020,Saratoga,7,900,470,77780,36091,7
11191,09/08/2020,Saratoga,11,911,910,78690,36091,8
11192,09/09/2020,Saratoga,7,918,376,79066,36091,14
11193,09/10/2020,Saratoga,25,943,1731,80797,36091,14
11194,09/11/2020,Saratoga,12,955,1702,82499,36091,14
11195,09/12/2020,Saratoga,6,961,958,83457,36091,7
11196,09/13/2020,Saratoga,3,964,642,84099,36091,3
11197,09/14/2020,Saratoga,1,965,471,84570,36091,3
11198,09/15/2020,Saratoga,5,970,1298,85868,36091,4
11199,09/16/2020,Saratoga,6,976,1190,87058,36091,6
11200,09/17/2020,Saratoga,9,985,1305,88363,36091,6
11201,09/18/2020,Saratoga,5,990,1188,89551,36091,7
11202,09/19/2020,Saratoga,8,998,1375,90926,36091,6
11203,09/20/2020,Saratoga,6,1004,511,91437,36091,5
11204,09/21/2020,Saratoga,2,1006,728,92165,36091,5
11205,09/22/2020,Saratoga,8,1014,690,92855,36091,4
11206,09/23/2020,Saratoga,3,1017,1849,94704,36091,8
11207,09/24/2020,Saratoga,14,1031,1044,95748,36091,7
11208,09/25/2020,Saratoga,5,1036,1322,97070,36091,9
11209,09/26/2020,Saratoga,8,1044,1862,98932,36091,7
11210,09/27/2020,Saratoga,8,1052,650,99582,36091,8
11211,09/28/2020,Saratoga,8,1060,643,100225,36091,7
11212,09/29/2020,Saratoga,6,1066,1286,101511,36091,7
11213,09/30/2020,Saratoga,7,1073,1305,102816,36091,7
11214,10/01/2020,Saratoga,10,1083,1421,104237,36091,8
11215,10/02/2020,Saratoga,7,1090,1172,105409,36091,7
11216,10/03/2020,Saratoga,5,1095,1666,107075,36091,5
11217,10/04/2020,Saratoga,5,1100,1001,108076,36091,4
11218,10/05/2020,Saratoga,3,1103,1206,109282,36091,5
11219,10/06/2020,Saratoga,8,1111,1036,110318,36091,7
11220,10/07/2020,Saratoga,11,1122,1426,111744,36091,12
11221,10/08/2020,Saratoga,17,1139,1587,113331,36091,10
11222,10/09/2020,Saratoga,2,1141,1133,114464,36091,9
11223,10/10/2020,Saratoga,8,1149,1012,115476,36091,6
11224,10/11/2020,Saratoga,9,1158,1961,117437,36091,9
11225,10/12/2020,Saratoga,10,1168,1397,118834,36091,8
11226,10/13/2020,Saratoga,6,1174,745,119579,36091,8
11227,10/14/2020,Saratoga,8,1182,1150,120729,36091,7
11228,10/15/2020,Saratoga,8,1190,991,121720,36091,9
11229,10/16/2020,Saratoga,12,1202,1463,123183,36091,8
11230,10/17/2020,Saratoga,5,1207,1762,124945,36091,7
11231,10/18/2020,Saratoga,6,1213,1148,126093,36091,5
11232,10/19/2020,Saratoga,6,1219,1462,127555,36091,7
11233,10/20/2020,Saratoga,10,1229,1103,128658,36091,10
11234,10/21/2020,Saratoga,15,1244,1060,129718,36091,15
11235,10/22/2020,Saratoga,21,1265,1125,130843,36091,22
11236,10/23/2020,Saratoga,30,1295,1240,132083,36091,21
11237,10/24/2020,Saratoga,13,1308,1772,133855,36091,18
11238,10/25/2020,Saratoga,11,1319,1278,135133,36091,13
11239,10/26/2020,Saratoga,15,1334,1577,136710,36091,12
11240,10/27/2020,Saratoga,11,1345,1168,137878,36091,15
11241,10/28/2020,Saratoga,20,1365,1314,139192,36091,16
11242,10/29/2020,Saratoga,18,1383,1073,140265,36091,20
11243,10/30/2020,Saratoga,22,1405,1349,141614,36091,19
11244,10/31/2020,Saratoga,18,1423,2115,143729,36091,18
11245,11/01/2020,Saratoga,15,1438,1029,144758,36091,14
11246,11/02/2020,Saratoga,10,1448,1765,146523,36091,11
11247,11/03/2020,Saratoga,10,1458,1375,147898,36091,14
11248,11/04/2020,Saratoga,24,1482,1362,149260,36091,18
11249,11/05/2020,Saratoga,21,1503,1255,150515,36091,15
11250,03/01/2020,Schenectady,0,0,0,0,36093,0
11251,03/02/2020,Schenectady,0,0,0,0,36093,0
11252,03/03/2020,Schenectady,0,0,0,0,36093,0
11253,03/04/2020,Schenectady,0,0,0,0,36093,0
11254,03/05/2020,Schenectady,0,0,0,0,36093,0
11255,03/06/2020,Schenectady,0,0,0,0,36093,0
11256,03/07/2020,Schenectady,0,0,0,0,36093,0
11257,03/08/2020,Schenectady,0,0,1,1,36093,0
11258,03/09/2020,Schenectady,0,0,2,3,36093,0
11259,03/10/2020,Schenectady,0,0,0,3,36093,0
11260,03/11/2020,Schenectady,0,0,12,15,36093,0
11261,03/12/2020,Schenectady,0,0,5,20,36093,0
11262,03/13/2020,Schenectady,1,1,20,40,36093,0
11263,03/14/2020,Schenectady,1,2,54,94,36093,1
11264,03/15/2020,Schenectady,2,4,42,136,36093,1
11265,03/16/2020,Schenectady,1,5,27,163,36093,4
11266,03/17/2020,Schenectady,9,14,98,261,36093,4
11267,03/18/2020,Schenectady,4,18,131,392,36093,5
11268,03/19/2020,Schenectady,3,21,115,507,36093,6
11269,03/20/2020,Schenectady,11,32,157,664,36093,7
11270,03/21/2020,Schenectady,7,39,123,787,36093,7
11271,03/22/2020,Schenectady,5,44,62,849,36093,4
11272,03/23/2020,Schenectady,2,46,50,899,36093,5
11273,03/24/2020,Schenectady,9,55,53,952,36093,6
11274,03/25/2020,Schenectady,7,62,32,984,36093,6
11275,03/26/2020,Schenectady,4,66,41,1025,36093,5
11276,03/27/2020,Schenectady,6,72,43,1068,36093,4
11277,03/28/2020,Schenectady,4,76,28,1096,36093,4
11278,03/29/2020,Schenectady,4,80,12,1108,36093,4
11279,03/30/2020,Schenectady,5,85,33,1141,36093,5
11280,03/31/2020,Schenectady,8,93,22,1163,36093,7
11281,04/01/2020,Schenectady,8,101,31,1194,36093,8
11282,04/02/2020,Schenectady,9,110,42,1236,36093,8
11283,04/03/2020,Schenectady,7,117,38,1274,36093,9
11284,04/04/2020,Schenectady,11,128,64,1338,36093,9
11285,04/05/2020,Schenectady,10,138,64,1402,36093,9
11286,04/06/2020,Schenectady,7,145,35,1437,36093,7
11287,04/07/2020,Schenectady,4,149,23,1460,36093,9
11288,04/08/2020,Schenectady,18,167,104,1564,36093,15
11289,04/09/2020,Schenectady,24,191,183,1747,36093,15
11290,04/10/2020,Schenectady,3,194,24,1771,36093,10
11291,04/11/2020,Schenectady,5,199,27,1798,36093,4
11292,04/12/2020,Schenectady,5,204,27,1825,36093,13
11293,04/13/2020,Schenectady,31,235,232,2057,36093,12
11294,04/14/2020,Schenectady,2,237,18,2075,36093,13
11295,04/15/2020,Schenectady,8,245,45,2120,36093,5
11296,04/16/2020,Schenectady,5,250,35,2155,36093,7
11297,04/17/2020,Schenectady,9,259,38,2193,36093,7
11298,04/18/2020,Schenectady,9,268,36,2229,36093,6
11299,04/19/2020,Schenectady,1,269,23,2252,36093,4
11300,04/20/2020,Schenectady,4,273,23,2275,36093,4
11301,04/21/2020,Schenectady,7,280,24,2299,36093,6
11302,04/22/2020,Schenectady,8,288,47,2346,36093,8
11303,04/23/2020,Schenectady,9,297,33,2379,36093,50
11304,04/24/2020,Schenectady,134,431,964,3343,36093,53
11305,04/25/2020,Schenectady,18,449,186,3529,36093,53
11306,04/26/2020,Schenectady,8,457,96,3625,36093,12
11307,04/27/2020,Schenectady,12,469,119,3744,36093,10
11308,04/28/2020,Schenectady,10,479,184,3928,36093,14
11309,04/29/2020,Schenectady,22,501,246,4174,36093,15
11310,04/30/2020,Schenectady,13,514,195,4369,36093,14
11311,05/01/2020,Schenectady,7,521,194,4563,36093,8
11312,05/02/2020,Schenectady,6,527,146,4709,36093,7
11313,05/03/2020,Schenectady,8,535,126,4835,36093,5
11314,05/04/2020,Schenectady,2,537,98,4933,36093,8
11315,05/05/2020,Schenectady,14,551,178,5111,36093,5
11316,05/06/2020,Schenectady,0,551,194,5305,36093,7
11317,05/07/2020,Schenectady,7,558,144,5449,36093,6
11318,05/08/2020,Schenectady,13,571,204,5653,36093,6
11319,05/09/2020,Schenectady,0,571,199,5852,36093,5
11320,05/10/2020,Schenectady,4,575,113,5965,36093,3
11321,05/11/2020,Schenectady,6,581,102,6067,36093,5
11322,05/12/2020,Schenectady,6,587,164,6231,36093,7
11323,05/13/2020,Schenectady,10,597,276,6507,36093,7
11324,05/14/2020,Schenectady,6,603,170,6677,36093,8
11325,05/15/2020,Schenectady,10,613,272,6949,36093,7
11326,05/16/2020,Schenectady,7,620,175,7124,36093,8
11327,05/17/2020,Schenectady,9,629,233,7357,36093,6
11328,05/18/2020,Schenectady,2,631,83,7440,36093,4
11329,05/19/2020,Schenectady,2,633,392,7832,36093,3
11330,05/20/2020,Schenectady,5,638,378,8210,36093,4
11331,05/21/2020,Schenectady,7,645,667,8877,36093,5
11332,05/22/2020,Schenectady,3,648,248,9125,36093,6
11333,05/23/2020,Schenectady,10,658,641,9766,36093,6
11334,05/24/2020,Schenectady,6,664,340,10106,36093,6
11335,05/25/2020,Schenectady,4,668,143,10249,36093,5
11336,05/26/2020,Schenectady,5,673,243,10492,36093,4
11337,05/27/2020,Schenectady,3,676,485,10977,36093,4
11338,05/28/2020,Schenectady,4,680,792,11769,36093,4
11339,05/29/2020,Schenectady,6,686,477,12246,36093,4
11340,05/30/2020,Schenectady,3,689,324,12570,36093,4
11341,05/31/2020,Schenectady,4,693,482,13052,36093,3
11342,06/01/2020,Schenectady,3,696,481,13533,36093,4
11343,06/02/2020,Schenectady,5,701,406,13939,36093,2
11344,06/03/2020,Schenectady,0,701,565,14504,36093,3
11345,06/04/2020,Schenectady,5,706,802,15306,36093,3
11346,06/05/2020,Schenectady,4,710,497,15803,36093,3
11347,06/06/2020,Schenectady,1,711,579,16382,36093,2
11348,06/07/2020,Schenectady,1,712,533,16915,36093,1
11349,06/08/2020,Schenectady,3,715,402,17317,36093,1
11350,06/09/2020,Schenectady,1,716,211,17528,36093,1
11351,06/10/2020,Schenectady,1,717,550,18078,36093,2
11352,06/11/2020,Schenectady,4,721,990,19068,36093,2
11353,06/12/2020,Schenectady,2,723,372,19440,36093,2
11354,06/13/2020,Schenectady,2,725,421,19861,36093,3
11355,06/14/2020,Schenectady,7,732,329,20190,36093,4
11356,06/15/2020,Schenectady,3,735,495,20685,36093,4
11357,06/16/2020,Schenectady,2,737,350,21035,36093,2
11358,06/17/2020,Schenectady,1,738,540,21575,36093,3
11359,06/18/2020,Schenectady,8,746,763,22338,36093,4
11360,06/19/2020,Schenectady,3,749,478,22816,36093,5
11361,06/20/2020,Schenectady,5,754,549,23365,36093,5
11362,06/21/2020,Schenectady,7,761,594,23959,36093,7
11363,06/22/2020,Schenectady,9,770,347,24306,36093,6
11364,06/23/2020,Schenectady,2,772,391,24697,36093,5
11365,06/24/2020,Schenectady,6,778,812,25509,36093,3
11366,06/25/2020,Schenectady,3,781,403,25912,36093,4
11367,06/26/2020,Schenectady,5,786,454,26366,36093,4
11368,06/27/2020,Schenectady,6,792,385,26751,36093,6
11369,06/28/2020,Schenectady,7,799,393,27144,36093,4
11370,06/29/2020,Schenectady,1,800,295,27439,36093,4
11371,06/30/2020,Schenectady,5,805,247,27686,36093,5
11372,07/01/2020,Schenectady,11,816,690,28376,36093,8
11373,07/02/2020,Schenectady,8,824,395,28771,36093,8
11374,07/03/2020,Schenectady,7,831,418,29189,36093,6
11375,07/04/2020,Schenectady,3,834,559,29748,36093,4
11376,07/05/2020,Schenectady,4,838,471,30219,36093,4
11377,07/06/2020,Schenectady,5,843,340,30559,36093,3
11378,07/07/2020,Schenectady,1,844,297,30856,36093,3
11379,07/08/2020,Schenectady,4,848,413,31269,36093,3
11380,07/09/2020,Schenectady,4,852,436,31705,36093,4
11381,07/10/2020,Schenectady,4,856,447,32152,36093,5
11382,07/11/2020,Schenectady,8,864,385,32537,36093,5
11383,07/12/2020,Schenectady,4,868,488,33025,36093,9
11384,07/13/2020,Schenectady,15,883,495,33520,36093,9
11385,07/14/2020,Schenectady,8,891,476,33996,36093,9
11386,07/15/2020,Schenectady,5,896,445,34441,36093,6
11387,07/16/2020,Schenectady,6,902,489,34930,36093,6
11388,07/17/2020,Schenectady,8,910,639,35569,36093,6
11389,07/18/2020,Schenectady,5,915,203,35772,36093,4
11390,07/19/2020,Schenectady,0,915,249,36021,36093,5
11391,07/20/2020,Schenectady,11,926,661,36682,36093,7
11392,07/21/2020,Schenectady,10,936,497,37179,36093,10
11393,07/22/2020,Schenectady,10,946,476,37655,36093,9
11394,07/23/2020,Schenectady,9,955,441,38096,36093,13
11395,07/24/2020,Schenectady,20,975,590,38686,36093,13
11396,07/25/2020,Schenectady,12,987,466,39152,36093,11
11397,07/26/2020,Schenectady,3,990,260,39412,36093,7
11398,07/27/2020,Schenectady,8,998,543,39955,36093,7
11399,07/28/2020,Schenectady,12,1010,450,40405,36093,9
11400,07/29/2020,Schenectady,8,1018,512,40917,36093,8
11401,07/30/2020,Schenectady,5,1023,563,41480,36093,7
11402,07/31/2020,Schenectady,9,1032,666,42146,36093,5
11403,08/01/2020,Schenectady,3,1035,332,42478,36093,4
11404,08/02/2020,Schenectady,2,1037,298,42776,36093,3
11405,08/03/2020,Schenectady,4,1041,482,43258,36093,3
11406,08/04/2020,Schenectady,4,1045,518,43776,36093,4
11407,08/05/2020,Schenectady,5,1050,719,44495,36093,4
11408,08/06/2020,Schenectady,5,1055,662,45157,36093,4
11409,08/07/2020,Schenectady,3,1058,352,45509,36093,2
11410,08/08/2020,Schenectady,0,1058,399,45908,36093,1
11411,08/09/2020,Schenectady,2,1060,274,46182,36093,5
11412,08/10/2020,Schenectady,15,1075,523,46705,36093,7
11413,08/11/2020,Schenectady,4,1079,448,47153,36093,8
11414,08/12/2020,Schenectady,5,1084,749,47902,36093,5
11415,08/13/2020,Schenectady,8,1092,558,48460,36093,7
11416,08/14/2020,Schenectady,9,1101,647,49107,36093,11
11417,08/15/2020,Schenectady,18,1119,536,49643,36093,9
11418,08/16/2020,Schenectady,2,1121,324,49967,36093,9
11419,08/17/2020,Schenectady,9,1130,515,50482,36093,4
11420,08/18/2020,Schenectady,3,1133,386,50868,36093,7
11421,08/19/2020,Schenectady,10,1143,885,51753,36093,9
11422,08/20/2020,Schenectady,16,1159,825,52578,36093,13
11423,08/21/2020,Schenectady,13,1172,905,53483,36093,12
11424,08/22/2020,Schenectady,7,1179,567,54050,36093,7
11425,08/23/2020,Schenectady,3,1182,148,54198,36093,11
11426,08/24/2020,Schenectady,24,1206,542,54740,36093,10
11427,08/25/2020,Schenectady,5,1211,536,55276,36093,16
11428,08/26/2020,Schenectady,20,1231,813,56089,36093,9
11429,08/27/2020,Schenectady,2,1233,626,56715,36093,14
11430,08/28/2020,Schenectady,22,1255,949,57664,36093,9
11431,08/29/2020,Schenectady,5,1260,751,58415,36093,10
11432,08/30/2020,Schenectady,3,1263,440,58855,36093,5
11433,08/31/2020,Schenectady,8,1271,442,59297,36093,6
11434,09/01/2020,Schenectady,7,1278,769,60066,36093,9
11435,09/02/2020,Schenectady,12,1290,826,60892,36093,9
11436,09/03/2020,Schenectady,8,1298,829,61721,36093,7
11437,09/04/2020,Schenectady,1,1299,855,62576,36093,6
11438,09/05/2020,Schenectady,11,1310,778,63354,36093,5
11439,09/06/2020,Schenectady,4,1314,489,63843,36093,7
11440,09/07/2020,Schenectady,8,1322,536,64379,36093,4
11441,09/08/2020,Schenectady,2,1324,652,65031,36093,7
11442,09/09/2020,Schenectady,11,1335,520,65551,36093,7
11443,09/10/2020,Schenectady,8,1343,1235,66786,36093,9
11444,09/11/2020,Schenectady,8,1351,1410,68196,36093,7
11445,09/12/2020,Schenectady,5,1356,550,68746,36093,4
11446,09/13/2020,Schenectady,1,1357,219,68965,36093,2
11447,09/14/2020,Schenectady,1,1358,329,69294,36093,2
11448,09/15/2020,Schenectady,4,1362,884,70178,36093,5
11449,09/16/2020,Schenectady,10,1372,1199,71377,36093,5
11450,09/17/2020,Schenectady,2,1374,1111,72488,36093,5
11451,09/18/2020,Schenectady,3,1377,1213,73701,36093,2
11452,09/19/2020,Schenectady,3,1380,1112,74813,36093,3
11453,09/20/2020,Schenectady,3,1383,326,75139,36093,2
11454,09/21/2020,Schenectady,0,1383,451,75590,36093,2
11455,09/22/2020,Schenectady,5,1388,1006,76596,36093,4
11456,09/23/2020,Schenectady,7,1395,1193,77789,36093,5
11457,09/24/2020,Schenectady,3,1398,1096,78885,36093,3
11458,09/25/2020,Schenectady,1,1399,1364,80249,36093,2
11459,09/26/2020,Schenectady,3,1402,1461,81710,36093,1
11460,09/27/2020,Schenectady,1,1403,310,82020,36093,2
11461,09/28/2020,Schenectady,2,1405,481,82501,36093,2
11462,09/29/2020,Schenectady,5,1410,941,83442,36093,4
11463,09/30/2020,Schenectady,7,1417,1243,84685,36093,5
11464,10/01/2020,Schenectady,3,1420,1540,86225,36093,5
11465,10/02/2020,Schenectady,5,1425,1135,87360,36093,4
11466,10/03/2020,Schenectady,4,1429,1369,88729,36093,3
11467,10/04/2020,Schenectady,0,1429,380,89109,36093,1
11468,10/05/2020,Schenectady,1,1430,349,89458,36093,1
11469,10/06/2020,Schenectady,2,1432,634,90092,36093,3
11470,10/07/2020,Schenectady,6,1438,1564,91656,36093,5
11471,10/08/2020,Schenectady,7,1445,1590,93246,36093,6
11472,10/09/2020,Schenectady,6,1451,871,94117,36093,5
11473,10/10/2020,Schenectady,3,1454,1721,95838,36093,4
11474,10/11/2020,Schenectady,5,1459,429,96267,36093,3
11475,10/12/2020,Schenectady,2,1461,424,96691,36093,3
11476,10/13/2020,Schenectady,3,1464,488,97179,36093,6
11477,10/14/2020,Schenectady,13,1477,1309,98488,36093,8
11478,10/15/2020,Schenectady,8,1485,1071,99559,36093,9
11479,10/16/2020,Schenectady,6,1491,2493,102052,36093,7
11480,10/17/2020,Schenectady,7,1498,676,102728,36093,7
11481,10/18/2020,Schenectady,9,1507,376,103104,36093,6
11482,10/19/2020,Schenectady,3,1510,402,103506,36093,6
11483,10/20/2020,Schenectady,6,1516,1127,104633,36093,5
11484,10/21/2020,Schenectady,6,1522,1423,106056,36093,6
11485,10/22/2020,Schenectady,8,1530,1501,107557,36093,7
11486,10/23/2020,Schenectady,9,1539,1620,109177,36093,8
11487,10/24/2020,Schenectady,7,1546,583,109760,36093,6
11488,10/25/2020,Schenectady,3,1549,362,110122,36093,8
11489,10/26/2020,Schenectady,15,1564,986,111108,36093,8
11490,10/27/2020,Schenectady,6,1570,1025,112133,36093,10
11491,10/28/2020,Schenectady,9,1579,1238,113371,36093,9
11492,10/29/2020,Schenectady,12,1591,1707,115078,36093,10
11493,10/30/2020,Schenectady,9,1600,1766,116844,36093,14
11494,10/31/2020,Schenectady,22,1622,871,117715,36093,13
11495,11/01/2020,Schenectady,9,1631,398,118113,36093,14
11496,11/02/2020,Schenectady,13,1644,694,118807,36093,9
11497,11/03/2020,Schenectady,6,1650,1162,119969,36093,11
11498,11/04/2020,Schenectady,16,1666,1393,121362,36093,14
11499,11/05/2020,Schenectady,21,1687,1543,122905,36093,12
11500,03/01/2020,Schoharie,0,0,0,0,36095,0
11501,03/02/2020,Schoharie,0,0,0,0,36095,0
11502,03/03/2020,Schoharie,0,0,0,0,36095,0
11503,03/04/2020,Schoharie,0,0,0,0,36095,0
11504,03/05/2020,Schoharie,0,0,0,0,36095,0
11505,03/06/2020,Schoharie,0,0,0,0,36095,0
11506,03/07/2020,Schoharie,0,0,0,0,36095,0
11507,03/08/2020,Schoharie,0,0,0,0,36095,0
11508,03/09/2020,Schoharie,0,0,0,0,36095,0
11509,03/10/2020,Schoharie,0,0,0,0,36095,0
11510,03/11/2020,Schoharie,0,0,2,2,36095,0
11511,03/12/2020,Schoharie,0,0,1,3,36095,0
11512,03/13/2020,Schoharie,0,0,0,3,36095,0
11513,03/14/2020,Schoharie,0,0,0,3,36095,0
11514,03/15/2020,Schoharie,0,0,0,3,36095,0
11515,03/16/2020,Schoharie,0,0,0,3,36095,0
11516,03/17/2020,Schoharie,0,0,8,11,36095,0
11517,03/18/2020,Schoharie,1,1,8,19,36095,0
11518,03/19/2020,Schoharie,0,1,10,29,36095,0
11519,03/20/2020,Schoharie,0,1,16,45,36095,0
11520,03/21/2020,Schoharie,0,1,6,51,36095,0
11521,03/22/2020,Schoharie,0,1,3,54,36095,0
11522,03/23/2020,Schoharie,0,1,1,55,36095,0
11523,03/24/2020,Schoharie,1,2,3,58,36095,0
11524,03/25/2020,Schoharie,0,2,2,60,36095,0
11525,03/26/2020,Schoharie,1,3,3,63,36095,1
11526,03/27/2020,Schoharie,2,5,9,72,36095,1
11527,03/28/2020,Schoharie,0,5,5,77,36095,1
11528,03/29/2020,Schoharie,1,6,3,80,36095,0
11529,03/30/2020,Schoharie,0,6,4,84,36095,1
11530,03/31/2020,Schoharie,2,8,7,91,36095,0
11531,04/01/2020,Schoharie,0,8,10,101,36095,1
11532,04/02/2020,Schoharie,1,9,5,106,36095,0
11533,04/03/2020,Schoharie,1,10,21,127,36095,1
11534,04/04/2020,Schoharie,1,11,16,143,36095,0
11535,04/05/2020,Schoharie,0,11,17,160,36095,0
11536,04/06/2020,Schoharie,1,12,19,179,36095,0
11537,04/07/2020,Schoharie,0,12,20,199,36095,0
11538,04/08/2020,Schoharie,0,12,8,207,36095,0
11539,04/09/2020,Schoharie,0,12,16,223,36095,0
11540,04/10/2020,Schoharie,0,12,5,228,36095,0
11541,04/11/2020,Schoharie,0,12,2,230,36095,0
11542,04/12/2020,Schoharie,0,12,4,234,36095,2
11543,04/13/2020,Schoharie,8,20,59,293,36095,2
11544,04/14/2020,Schoharie,0,20,1,294,36095,2
11545,04/15/2020,Schoharie,0,20,5,299,36095,0
11546,04/16/2020,Schoharie,0,20,0,299,36095,0
11547,04/17/2020,Schoharie,0,20,1,300,36095,0
11548,04/18/2020,Schoharie,0,20,2,302,36095,0
11549,04/19/2020,Schoharie,0,20,4,306,36095,0
11550,04/20/2020,Schoharie,0,20,4,310,36095,0
11551,04/21/2020,Schoharie,0,20,0,310,36095,0
11552,04/22/2020,Schoharie,1,21,8,318,36095,0
11553,04/23/2020,Schoharie,0,21,13,331,36095,4
11554,04/24/2020,Schoharie,12,33,177,508,36095,4
11555,04/25/2020,Schoharie,2,35,29,537,36095,4
11556,04/26/2020,Schoharie,0,35,15,552,36095,1
11557,04/27/2020,Schoharie,3,38,19,571,36095,1
11558,04/28/2020,Schoharie,1,39,21,592,36095,2
11559,04/29/2020,Schoharie,3,42,17,609,36095,1
11560,04/30/2020,Schoharie,1,43,24,633,36095,1
11561,05/01/2020,Schoharie,0,43,16,649,36095,1
11562,05/02/2020,Schoharie,2,45,20,669,36095,0
11563,05/03/2020,Schoharie,0,45,21,690,36095,0
11564,05/04/2020,Schoharie,0,45,29,719,36095,0
11565,05/05/2020,Schoharie,0,45,29,748,36095,0
11566,05/06/2020,Schoharie,0,45,20,768,36095,0
11567,05/07/2020,Schoharie,0,45,15,783,36095,0
11568,05/08/2020,Schoharie,1,46,32,815,36095,0
11569,05/09/2020,Schoharie,0,46,23,838,36095,0
11570,05/10/2020,Schoharie,0,46,19,857,36095,0
11571,05/11/2020,Schoharie,0,46,32,889,36095,0
11572,05/12/2020,Schoharie,1,47,27,916,36095,0
11573,05/13/2020,Schoharie,0,47,32,948,36095,0
11574,05/14/2020,Schoharie,0,47,8,956,36095,0
11575,05/15/2020,Schoharie,0,47,22,978,36095,0
11576,05/16/2020,Schoharie,0,47,39,1017,36095,0
11577,05/17/2020,Schoharie,1,48,36,1053,36095,0
11578,05/18/2020,Schoharie,0,48,21,1074,36095,0
11579,05/19/2020,Schoharie,0,48,34,1108,36095,0
11580,05/20/2020,Schoharie,1,49,33,1141,36095,0
11581,05/21/2020,Schoharie,0,49,27,1168,36095,0
11582,05/22/2020,Schoharie,0,49,23,1191,36095,0
11583,05/23/2020,Schoharie,0,49,29,1220,36095,0
11584,05/24/2020,Schoharie,0,49,21,1241,36095,0
11585,05/25/2020,Schoharie,0,49,12,1253,36095,0
11586,05/26/2020,Schoharie,0,49,46,1299,36095,0
11587,05/27/2020,Schoharie,0,49,74,1373,36095,0
11588,05/28/2020,Schoharie,0,49,32,1405,36095,0
11589,05/29/2020,Schoharie,1,50,32,1437,36095,0
11590,05/30/2020,Schoharie,0,50,41,1478,36095,0
11591,05/31/2020,Schoharie,0,50,47,1525,36095,0
11592,06/01/2020,Schoharie,1,51,39,1564,36095,0
11593,06/02/2020,Schoharie,0,51,46,1610,36095,0
11594,06/03/2020,Schoharie,0,51,63,1673,36095,0
11595,06/04/2020,Schoharie,0,51,60,1733,36095,1
11596,06/05/2020,Schoharie,3,54,85,1818,36095,1
11597,06/06/2020,Schoharie,0,54,59,1877,36095,1
11598,06/07/2020,Schoharie,0,54,65,1942,36095,0
11599,06/08/2020,Schoharie,0,54,60,2002,36095,0
11600,06/09/2020,Schoharie,0,54,41,2043,36095,0
11601,06/10/2020,Schoharie,0,54,74,2117,36095,0
11602,06/11/2020,Schoharie,0,54,33,2150,36095,0
11603,06/12/2020,Schoharie,0,54,40,2190,36095,0
11604,06/13/2020,Schoharie,0,54,37,2227,36095,0
11605,06/14/2020,Schoharie,0,54,42,2269,36095,0
11606,06/15/2020,Schoharie,0,54,83,2352,36095,0
11607,06/16/2020,Schoharie,1,55,87,2439,36095,0
11608,06/17/2020,Schoharie,0,55,38,2477,36095,0
11609,06/18/2020,Schoharie,0,55,45,2522,36095,0
11610,06/19/2020,Schoharie,1,56,35,2557,36095,0
11611,06/20/2020,Schoharie,1,57,55,2612,36095,0
11612,06/21/2020,Schoharie,0,57,84,2696,36095,0
11613,06/22/2020,Schoharie,0,57,61,2757,36095,0
11614,06/23/2020,Schoharie,0,57,37,2794,36095,0
11615,06/24/2020,Schoharie,0,57,45,2839,36095,0
11616,06/25/2020,Schoharie,0,57,19,2858,36095,0
11617,06/26/2020,Schoharie,0,57,47,2905,36095,0
11618,06/27/2020,Schoharie,1,58,61,2966,36095,0
11619,06/28/2020,Schoharie,0,58,48,3014,36095,0
11620,06/29/2020,Schoharie,0,58,68,3082,36095,0
11621,06/30/2020,Schoharie,0,58,46,3128,36095,0
11622,07/01/2020,Schoharie,0,58,49,3177,36095,0
11623,07/02/2020,Schoharie,0,58,25,3202,36095,0
11624,07/03/2020,Schoharie,0,58,39,3241,36095,0
11625,07/04/2020,Schoharie,1,59,49,3290,36095,0
11626,07/05/2020,Schoharie,0,59,39,3329,36095,0
11627,07/06/2020,Schoharie,0,59,29,3358,36095,0
11628,07/07/2020,Schoharie,1,60,48,3406,36095,0
11629,07/08/2020,Schoharie,1,61,45,3451,36095,1
11630,07/09/2020,Schoharie,1,62,42,3493,36095,0
11631,07/10/2020,Schoharie,0,62,53,3546,36095,0
11632,07/11/2020,Schoharie,0,62,42,3588,36095,0
11633,07/12/2020,Schoharie,0,62,32,3620,36095,0
11634,07/13/2020,Schoharie,0,62,35,3655,36095,0
11635,07/14/2020,Schoharie,0,62,73,3728,36095,0
11636,07/15/2020,Schoharie,0,62,52,3780,36095,0
11637,07/16/2020,Schoharie,0,62,77,3857,36095,0
11638,07/17/2020,Schoharie,0,62,81,3938,36095,0
11639,07/18/2020,Schoharie,0,62,28,3966,36095,0
11640,07/19/2020,Schoharie,0,62,42,4008,36095,0
11641,07/20/2020,Schoharie,2,64,71,4079,36095,0
11642,07/21/2020,Schoharie,0,64,86,4165,36095,1
11643,07/22/2020,Schoharie,2,66,43,4208,36095,1
11644,07/23/2020,Schoharie,1,67,32,4240,36095,1
11645,07/24/2020,Schoharie,0,67,32,4272,36095,0
11646,07/25/2020,Schoharie,1,68,48,4320,36095,0
11647,07/26/2020,Schoharie,0,68,28,4348,36095,0
11648,07/27/2020,Schoharie,0,68,36,4384,36095,0
11649,07/28/2020,Schoharie,0,68,44,4428,36095,0
11650,07/29/2020,Schoharie,0,68,62,4490,36095,0
11651,07/30/2020,Schoharie,0,68,55,4545,36095,0
11652,07/31/2020,Schoharie,0,68,61,4606,36095,0
11653,08/01/2020,Schoharie,0,68,56,4662,36095,0
11654,08/02/2020,Schoharie,0,68,39,4701,36095,0
11655,08/03/2020,Schoharie,0,68,72,4773,36095,0
11656,08/04/2020,Schoharie,0,68,82,4855,36095,0
11657,08/05/2020,Schoharie,1,69,37,4892,36095,0
11658,08/06/2020,Schoharie,0,69,42,4934,36095,0
11659,08/07/2020,Schoharie,0,69,65,4999,36095,0
11660,08/08/2020,Schoharie,0,69,62,5061,36095,0
11661,08/09/2020,Schoharie,0,69,33,5094,36095,0
11662,08/10/2020,Schoharie,0,69,121,5215,36095,0
11663,08/11/2020,Schoharie,0,69,68,5283,36095,0
11664,08/12/2020,Schoharie,0,69,65,5348,36095,0
11665,08/13/2020,Schoharie,0,69,38,5386,36095,0
11666,08/14/2020,Schoharie,0,69,75,5461,36095,0
11667,08/15/2020,Schoharie,0,69,55,5516,36095,0
11668,08/16/2020,Schoharie,0,69,52,5568,36095,0
11669,08/17/2020,Schoharie,0,69,65,5633,36095,0
11670,08/18/2020,Schoharie,0,69,64,5697,36095,0
11671,08/19/2020,Schoharie,0,69,61,5758,36095,0
11672,08/20/2020,Schoharie,0,69,55,5813,36095,0
11673,08/21/2020,Schoharie,0,69,64,5877,36095,0
11674,08/22/2020,Schoharie,0,69,86,5963,36095,0
11675,08/23/2020,Schoharie,0,69,50,6013,36095,0
11676,08/24/2020,Schoharie,0,69,47,6060,36095,0
11677,08/25/2020,Schoharie,0,69,84,6144,36095,0
11678,08/26/2020,Schoharie,0,69,30,6174,36095,0
11679,08/27/2020,Schoharie,0,69,53,6227,36095,0
11680,08/28/2020,Schoharie,0,69,53,6280,36095,0
11681,08/29/2020,Schoharie,0,69,68,6348,36095,0
11682,08/30/2020,Schoharie,0,69,46,6394,36095,0
11683,08/31/2020,Schoharie,1,70,86,6480,36095,0
11684,09/01/2020,Schoharie,0,70,56,6536,36095,0
11685,09/02/2020,Schoharie,0,70,65,6601,36095,0
11686,09/03/2020,Schoharie,1,71,50,6651,36095,0
11687,09/04/2020,Schoharie,1,72,54,6705,36095,1
11688,09/05/2020,Schoharie,1,73,66,6771,36095,0
11689,09/06/2020,Schoharie,0,73,60,6831,36095,0
11690,09/07/2020,Schoharie,0,73,55,6886,36095,0
11691,09/08/2020,Schoharie,0,73,26,6912,36095,0
11692,09/09/2020,Schoharie,1,74,40,6952,36095,0
11693,09/10/2020,Schoharie,1,75,57,7009,36095,1
11694,09/11/2020,Schoharie,2,77,66,7075,36095,1
11695,09/12/2020,Schoharie,1,78,63,7138,36095,2
11696,09/13/2020,Schoharie,4,82,57,7195,36095,2
11697,09/14/2020,Schoharie,1,83,56,7251,36095,1
11698,09/15/2020,Schoharie,0,83,46,7297,36095,0
11699,09/16/2020,Schoharie,0,83,51,7348,36095,0
11700,09/17/2020,Schoharie,0,83,48,7396,36095,0
11701,09/18/2020,Schoharie,0,83,47,7443,36095,0
11702,09/19/2020,Schoharie,0,83,86,7529,36095,0
11703,09/20/2020,Schoharie,0,83,47,7576,36095,0
11704,09/21/2020,Schoharie,0,83,63,7639,36095,0
11705,09/22/2020,Schoharie,0,83,53,7692,36095,0
11706,09/23/2020,Schoharie,0,83,54,7746,36095,0
11707,09/24/2020,Schoharie,0,83,43,7789,36095,0
11708,09/25/2020,Schoharie,1,84,82,7871,36095,0
11709,09/26/2020,Schoharie,1,85,64,7935,36095,0
11710,09/27/2020,Schoharie,0,85,45,7980,36095,0
11711,09/28/2020,Schoharie,0,85,107,8087,36095,0
11712,09/29/2020,Schoharie,0,85,49,8136,36095,0
11713,09/30/2020,Schoharie,0,85,596,8732,36095,0
11714,10/01/2020,Schoharie,0,85,60,8792,36095,0
11715,10/02/2020,Schoharie,1,86,88,8880,36095,0
11716,10/03/2020,Schoharie,0,86,76,8956,36095,0
11717,10/04/2020,Schoharie,1,87,80,9036,36095,0
11718,10/05/2020,Schoharie,0,87,63,9099,36095,0
11719,10/06/2020,Schoharie,0,87,51,9150,36095,0
11720,10/07/2020,Schoharie,1,88,55,9205,36095,1
11721,10/08/2020,Schoharie,2,90,400,9605,36095,2
11722,10/09/2020,Schoharie,3,93,81,9686,36095,2
11723,10/10/2020,Schoharie,1,94,61,9747,36095,1
11724,10/11/2020,Schoharie,0,94,780,10527,36095,0
11725,10/12/2020,Schoharie,1,95,121,10648,36095,0
11726,10/13/2020,Schoharie,0,95,57,10705,36095,1
11727,10/14/2020,Schoharie,2,97,496,11201,36095,1
11728,10/15/2020,Schoharie,3,100,87,11288,36095,1
11729,10/16/2020,Schoharie,0,100,88,11376,36095,1
11730,10/17/2020,Schoharie,0,100,84,11460,36095,0
11731,10/18/2020,Schoharie,0,100,94,11554,36095,0
11732,10/19/2020,Schoharie,1,101,70,11624,36095,0
11733,10/20/2020,Schoharie,0,101,577,12201,36095,0
11734,10/21/2020,Schoharie,0,101,53,12254,36095,1
11735,10/22/2020,Schoharie,3,104,72,12326,36095,2
11736,10/23/2020,Schoharie,3,107,81,12407,36095,2
11737,10/24/2020,Schoharie,2,109,111,12518,36095,1
11738,10/25/2020,Schoharie,0,109,91,12609,36095,1
11739,10/26/2020,Schoharie,1,110,66,12675,36095,0
11740,10/27/2020,Schoharie,1,111,752,13427,36095,1
11741,10/28/2020,Schoharie,1,112,821,14248,36095,1
11742,10/29/2020,Schoharie,1,113,86,14334,36095,1
11743,10/30/2020,Schoharie,1,114,107,14441,36095,1
11744,10/31/2020,Schoharie,1,115,70,14511,36095,1
11745,11/01/2020,Schoharie,1,116,99,14610,36095,0
11746,11/02/2020,Schoharie,0,116,32,14642,36095,0
11747,11/03/2020,Schoharie,1,117,792,15434,36095,1
11748,11/04/2020,Schoharie,2,119,838,16272,36095,1
11749,11/05/2020,Schoharie,1,120,74,16346,36095,1
11750,03/01/2020,Schuyler,0,0,0,0,36097,0
11751,03/02/2020,Schuyler,0,0,0,0,36097,0
11752,03/03/2020,Schuyler,0,0,0,0,36097,0
11753,03/04/2020,Schuyler,0,0,0,0,36097,0
11754,03/05/2020,Schuyler,0,0,0,0,36097,0
11755,03/06/2020,Schuyler,0,0,0,0,36097,0
11756,03/07/2020,Schuyler,0,0,0,0,36097,0
11757,03/08/2020,Schuyler,0,0,0,0,36097,0
11758,03/09/2020,Schuyler,0,0,0,0,36097,0
11759,03/10/2020,Schuyler,0,0,0,0,36097,0
11760,03/11/2020,Schuyler,0,0,0,0,36097,0
11761,03/12/2020,Schuyler,0,0,0,0,36097,0
11762,03/13/2020,Schuyler,0,0,0,0,36097,0
11763,03/14/2020,Schuyler,0,0,1,1,36097,0
11764,03/15/2020,Schuyler,0,0,1,2,36097,0
11765,03/16/2020,Schuyler,0,0,2,4,36097,0
11766,03/17/2020,Schuyler,0,0,0,4,36097,0
11767,03/18/2020,Schuyler,0,0,1,5,36097,0
11768,03/19/2020,Schuyler,0,0,0,5,36097,0
11769,03/20/2020,Schuyler,0,0,9,14,36097,0
11770,03/21/2020,Schuyler,0,0,3,17,36097,0
11771,03/22/2020,Schuyler,0,0,7,24,36097,0
11772,03/23/2020,Schuyler,0,0,8,32,36097,0
11773,03/24/2020,Schuyler,0,0,0,32,36097,0
11774,03/25/2020,Schuyler,0,0,1,33,36097,0
11775,03/26/2020,Schuyler,0,0,8,41,36097,0
11776,03/27/2020,Schuyler,1,1,6,47,36097,0
11777,03/28/2020,Schuyler,0,1,7,54,36097,0
11778,03/29/2020,Schuyler,1,2,6,60,36097,0
11779,03/30/2020,Schuyler,0,2,6,66,36097,0
11780,03/31/2020,Schuyler,0,2,1,67,36097,0
11781,04/01/2020,Schuyler,1,3,8,75,36097,0
11782,04/02/2020,Schuyler,0,3,13,88,36097,0
11783,04/03/2020,Schuyler,1,4,5,93,36097,0
11784,04/04/2020,Schuyler,0,4,2,95,36097,0
11785,04/05/2020,Schuyler,0,4,9,104,36097,0
11786,04/06/2020,Schuyler,0,4,4,108,36097,0
11787,04/07/2020,Schuyler,0,4,12,120,36097,0
11788,04/08/2020,Schuyler,0,4,20,140,36097,0
11789,04/09/2020,Schuyler,1,5,4,144,36097,0
11790,04/10/2020,Schuyler,0,5,7,151,36097,0
11791,04/11/2020,Schuyler,0,5,1,152,36097,0
11792,04/12/2020,Schuyler,0,5,1,153,36097,0
11793,04/13/2020,Schuyler,1,6,11,164,36097,0
11794,04/14/2020,Schuyler,0,6,0,164,36097,0
11795,04/15/2020,Schuyler,0,6,5,169,36097,0
11796,04/16/2020,Schuyler,0,6,8,177,36097,0
11797,04/17/2020,Schuyler,0,6,4,181,36097,0
11798,04/18/2020,Schuyler,0,6,0,181,36097,0
11799,04/19/2020,Schuyler,1,7,4,185,36097,0
11800,04/20/2020,Schuyler,0,7,4,189,36097,0
11801,04/21/2020,Schuyler,0,7,10,199,36097,0
11802,04/22/2020,Schuyler,0,7,108,307,36097,0
11803,04/23/2020,Schuyler,0,7,18,325,36097,0
11804,04/24/2020,Schuyler,0,7,38,363,36097,0
11805,04/25/2020,Schuyler,0,7,10,373,36097,0
11806,04/26/2020,Schuyler,0,7,9,382,36097,0
11807,04/27/2020,Schuyler,0,7,8,390,36097,0
11808,04/28/2020,Schuyler,0,7,15,405,36097,0
11809,04/29/2020,Schuyler,0,7,7,412,36097,0
11810,04/30/2020,Schuyler,0,7,6,418,36097,0
11811,05/01/2020,Schuyler,0,7,7,425,36097,0
11812,05/02/2020,Schuyler,0,7,2,427,36097,0
11813,05/03/2020,Schuyler,0,7,12,439,36097,0
11814,05/04/2020,Schuyler,0,7,5,444,36097,0
11815,05/05/2020,Schuyler,0,7,31,475,36097,0
11816,05/06/2020,Schuyler,0,7,12,487,36097,0
11817,05/07/2020,Schuyler,0,7,9,496,36097,0
11818,05/08/2020,Schuyler,0,7,38,534,36097,0
11819,05/09/2020,Schuyler,0,7,31,565,36097,0
11820,05/10/2020,Schuyler,0,7,14,579,36097,0
11821,05/11/2020,Schuyler,1,8,17,596,36097,0
11822,05/12/2020,Schuyler,0,8,32,628,36097,0
11823,05/13/2020,Schuyler,0,8,46,674,36097,0
11824,05/14/2020,Schuyler,0,8,18,692,36097,0
11825,05/15/2020,Schuyler,0,8,52,744,36097,0
11826,05/16/2020,Schuyler,1,9,32,776,36097,0
11827,05/17/2020,Schuyler,1,10,55,831,36097,0
11828,05/18/2020,Schuyler,0,10,57,888,36097,0
11829,05/19/2020,Schuyler,0,10,44,932,36097,0
11830,05/20/2020,Schuyler,0,10,42,974,36097,0
11831,05/21/2020,Schuyler,1,11,49,1023,36097,0
11832,05/22/2020,Schuyler,0,11,78,1101,36097,0
11833,05/23/2020,Schuyler,0,11,45,1146,36097,0
11834,05/24/2020,Schuyler,0,11,52,1198,36097,0
11835,05/25/2020,Schuyler,0,11,14,1212,36097,0
11836,05/26/2020,Schuyler,0,11,68,1280,36097,0
11837,05/27/2020,Schuyler,0,11,41,1321,36097,0
11838,05/28/2020,Schuyler,0,11,52,1373,36097,0
11839,05/29/2020,Schuyler,0,11,64,1437,36097,0
11840,05/30/2020,Schuyler,0,11,76,1513,36097,0
11841,05/31/2020,Schuyler,0,11,30,1543,36097,0
11842,06/01/2020,Schuyler,1,12,26,1569,36097,0
11843,06/02/2020,Schuyler,0,12,40,1609,36097,0
11844,06/03/2020,Schuyler,0,12,22,1631,36097,0
11845,06/04/2020,Schuyler,0,12,32,1663,36097,0
11846,06/05/2020,Schuyler,0,12,139,1802,36097,0
11847,06/06/2020,Schuyler,0,12,47,1849,36097,0
11848,06/07/2020,Schuyler,0,12,45,1894,36097,0
11849,06/08/2020,Schuyler,0,12,81,1975,36097,0
11850,06/09/2020,Schuyler,0,12,46,2021,36097,0
11851,06/10/2020,Schuyler,0,12,47,2068,36097,0
11852,06/11/2020,Schuyler,0,12,51,2119,36097,0
11853,06/12/2020,Schuyler,0,12,67,2186,36097,0
11854,06/13/2020,Schuyler,0,12,30,2216,36097,0
11855,06/14/2020,Schuyler,0,12,43,2259,36097,0
11856,06/15/2020,Schuyler,0,12,68,2327,36097,0
11857,06/16/2020,Schuyler,0,12,59,2386,36097,0
11858,06/17/2020,Schuyler,0,12,42,2428,36097,0
11859,06/18/2020,Schuyler,0,12,67,2495,36097,0
11860,06/19/2020,Schuyler,0,12,57,2552,36097,0
11861,06/20/2020,Schuyler,0,12,31,2583,36097,0
11862,06/21/2020,Schuyler,0,12,33,2616,36097,0
11863,06/22/2020,Schuyler,0,12,63,2679,36097,0
11864,06/23/2020,Schuyler,0,12,63,2742,36097,0
11865,06/24/2020,Schuyler,0,12,26,2768,36097,0
11866,06/25/2020,Schuyler,0,12,31,2799,36097,0
11867,06/26/2020,Schuyler,0,12,69,2868,36097,0
11868,06/27/2020,Schuyler,0,12,56,2924,36097,0
11869,06/28/2020,Schuyler,0,12,36,2960,36097,0
11870,06/29/2020,Schuyler,0,12,61,3021,36097,0
11871,06/30/2020,Schuyler,1,13,44,3065,36097,0
11872,07/01/2020,Schuyler,0,13,33,3098,36097,0
11873,07/02/2020,Schuyler,0,13,27,3125,36097,0
11874,07/03/2020,Schuyler,0,13,74,3199,36097,0
11875,07/04/2020,Schuyler,0,13,47,3246,36097,0
11876,07/05/2020,Schuyler,0,13,51,3297,36097,0
11877,07/06/2020,Schuyler,0,13,38,3335,36097,0
11878,07/07/2020,Schuyler,0,13,46,3381,36097,0
11879,07/08/2020,Schuyler,0,13,15,3396,36097,0
11880,07/09/2020,Schuyler,0,13,47,3443,36097,0
11881,07/10/2020,Schuyler,2,15,52,3495,36097,0
11882,07/11/2020,Schuyler,0,15,93,3588,36097,0
11883,07/12/2020,Schuyler,0,15,27,3615,36097,0
11884,07/13/2020,Schuyler,0,15,70,3685,36097,0
11885,07/14/2020,Schuyler,0,15,48,3733,36097,0
11886,07/15/2020,Schuyler,0,15,134,3867,36097,0
11887,07/16/2020,Schuyler,0,15,63,3930,36097,0
11888,07/17/2020,Schuyler,1,16,67,3997,36097,0
11889,07/18/2020,Schuyler,0,16,67,4064,36097,1
11890,07/19/2020,Schuyler,4,20,19,4083,36097,1
11891,07/20/2020,Schuyler,0,20,35,4118,36097,1
11892,07/21/2020,Schuyler,0,20,99,4217,36097,0
11893,07/22/2020,Schuyler,0,20,142,4359,36097,0
11894,07/23/2020,Schuyler,0,20,69,4428,36097,0
11895,07/24/2020,Schuyler,0,20,83,4511,36097,0
11896,07/25/2020,Schuyler,0,20,51,4562,36097,0
11897,07/26/2020,Schuyler,0,20,20,4582,36097,0
11898,07/27/2020,Schuyler,0,20,23,4605,36097,0
11899,07/28/2020,Schuyler,0,20,56,4661,36097,0
11900,07/29/2020,Schuyler,0,20,99,4760,36097,0
11901,07/30/2020,Schuyler,1,21,98,4858,36097,0
11902,07/31/2020,Schuyler,1,22,66,4924,36097,0
11903,08/01/2020,Schuyler,0,22,82,5006,36097,0
11904,08/02/2020,Schuyler,0,22,9,5015,36097,0
11905,08/03/2020,Schuyler,0,22,34,5049,36097,0
11906,08/04/2020,Schuyler,0,22,43,5092,36097,0
11907,08/05/2020,Schuyler,0,22,91,5183,36097,0
11908,08/06/2020,Schuyler,0,22,116,5299,36097,0
11909,08/07/2020,Schuyler,0,22,48,5347,36097,0
11910,08/08/2020,Schuyler,0,22,101,5448,36097,0
11911,08/09/2020,Schuyler,0,22,27,5475,36097,0
11912,08/10/2020,Schuyler,0,22,44,5519,36097,0
11913,08/11/2020,Schuyler,0,22,53,5572,36097,0
11914,08/12/2020,Schuyler,0,22,43,5615,36097,0
11915,08/13/2020,Schuyler,0,22,107,5722,36097,0
11916,08/14/2020,Schuyler,1,23,69,5791,36097,0
11917,08/15/2020,Schuyler,0,23,91,5882,36097,0
11918,08/16/2020,Schuyler,0,23,56,5938,36097,0
11919,08/17/2020,Schuyler,0,23,23,5961,36097,0
11920,08/18/2020,Schuyler,0,23,58,6019,36097,0
11921,08/19/2020,Schuyler,0,23,28,6047,36097,0
11922,08/20/2020,Schuyler,1,24,157,6204,36097,0
11923,08/21/2020,Schuyler,0,24,70,6274,36097,0
11924,08/22/2020,Schuyler,0,24,65,6339,36097,0
11925,08/23/2020,Schuyler,0,24,33,6372,36097,0
11926,08/24/2020,Schuyler,0,24,19,6391,36097,0
11927,08/25/2020,Schuyler,0,24,54,6445,36097,0
11928,08/26/2020,Schuyler,0,24,97,6542,36097,0
11929,08/27/2020,Schuyler,1,25,88,6630,36097,0
11930,08/28/2020,Schuyler,1,26,62,6692,36097,0
11931,08/29/2020,Schuyler,0,26,58,6750,36097,0
11932,08/30/2020,Schuyler,0,26,20,6770,36097,0
11933,08/31/2020,Schuyler,0,26,28,6798,36097,0
11934,09/01/2020,Schuyler,0,26,47,6845,36097,0
11935,09/02/2020,Schuyler,1,27,127,6972,36097,0
11936,09/03/2020,Schuyler,0,27,68,7040,36097,0
11937,09/04/2020,Schuyler,0,27,82,7122,36097,0
11938,09/05/2020,Schuyler,1,28,127,7249,36097,0
11939,09/06/2020,Schuyler,0,28,17,7266,36097,0
11940,09/07/2020,Schuyler,1,29,42,7308,36097,0
11941,09/08/2020,Schuyler,0,29,34,7342,36097,0
11942,09/09/2020,Schuyler,0,29,84,7426,36097,0
11943,09/10/2020,Schuyler,1,30,100,7526,36097,1
11944,09/11/2020,Schuyler,2,32,114,7640,36097,1
11945,09/12/2020,Schuyler,0,32,29,7669,36097,0
11946,09/13/2020,Schuyler,0,32,63,7732,36097,0
11947,09/14/2020,Schuyler,1,33,87,7819,36097,0
11948,09/15/2020,Schuyler,0,33,85,7904,36097,0
11949,09/16/2020,Schuyler,0,33,150,8054,36097,1
11950,09/17/2020,Schuyler,4,37,99,8153,36097,1
11951,09/18/2020,Schuyler,0,37,132,8285,36097,1
11952,09/19/2020,Schuyler,1,38,109,8394,36097,0
11953,09/20/2020,Schuyler,0,38,26,8420,36097,0
11954,09/21/2020,Schuyler,1,39,52,8472,36097,0
11955,09/22/2020,Schuyler,1,40,106,8578,36097,0
11956,09/23/2020,Schuyler,0,40,130,8708,36097,0
11957,09/24/2020,Schuyler,1,41,137,8845,36097,0
11958,09/25/2020,Schuyler,0,41,112,8957,36097,0
11959,09/26/2020,Schuyler,0,41,60,9017,36097,0
11960,09/27/2020,Schuyler,0,41,23,9040,36097,0
11961,09/28/2020,Schuyler,2,43,29,9069,36097,0
11962,09/29/2020,Schuyler,0,43,86,9155,36097,2
11963,09/30/2020,Schuyler,4,47,141,9296,36097,2
11964,10/01/2020,Schuyler,2,49,110,9406,36097,2
11965,10/02/2020,Schuyler,0,49,89,9495,36097,1
11966,10/03/2020,Schuyler,2,51,103,9598,36097,2
11967,10/04/2020,Schuyler,6,57,84,9682,36097,3
11968,10/05/2020,Schuyler,1,58,65,9747,36097,2
11969,10/06/2020,Schuyler,1,59,93,9840,36097,1
11970,10/07/2020,Schuyler,3,62,178,10018,36097,2
11971,10/08/2020,Schuyler,4,66,139,10157,36097,2
11972,10/09/2020,Schuyler,0,66,205,10362,36097,1
11973,10/10/2020,Schuyler,1,67,175,10537,36097,2
11974,10/11/2020,Schuyler,5,72,97,10634,36097,3
11975,10/12/2020,Schuyler,4,76,68,10702,36097,4
11976,10/13/2020,Schuyler,3,79,91,10793,36097,3
11977,10/14/2020,Schuyler,3,82,146,10939,36097,3
11978,10/15/2020,Schuyler,3,85,169,11108,36097,2
11979,10/16/2020,Schuyler,1,86,169,11277,36097,2
11980,10/17/2020,Schuyler,2,88,140,11417,36097,2
11981,10/18/2020,Schuyler,5,93,100,11517,36097,4
11982,10/19/2020,Schuyler,7,100,61,11578,36097,5
11983,10/20/2020,Schuyler,4,104,178,11756,36097,5
11984,10/21/2020,Schuyler,5,109,141,11897,36097,3
11985,10/22/2020,Schuyler,2,111,156,12053,36097,3
11986,10/23/2020,Schuyler,4,115,164,12217,36097,2
11987,10/24/2020,Schuyler,1,116,220,12437,36097,2
11988,10/25/2020,Schuyler,3,119,56,12493,36097,3
11989,10/26/2020,Schuyler,5,124,109,12602,36097,3
11990,10/27/2020,Schuyler,2,126,196,12798,36097,5
11991,10/28/2020,Schuyler,9,135,165,12963,36097,5
11992,10/29/2020,Schuyler,4,139,164,13127,36097,7
11993,10/30/2020,Schuyler,8,147,148,13275,36097,4
11994,10/31/2020,Schuyler,2,149,208,13483,36097,5
11995,11/01/2020,Schuyler,6,155,48,13531,36097,4
11996,11/02/2020,Schuyler,4,159,60,13591,36097,5
11997,11/03/2020,Schuyler,5,164,191,13782,36097,3
11998,11/04/2020,Schuyler,2,166,131,13913,36097,4
11999,11/05/2020,Schuyler,6,172,166,14079,36097,2
12000,03/01/2020,Seneca,0,0,0,0,36099,0
12001,03/02/2020,Seneca,0,0,0,0,36099,0
12002,03/03/2020,Seneca,0,0,0,0,36099,0
12003,03/04/2020,Seneca,0,0,0,0,36099,0
12004,03/05/2020,Seneca,0,0,0,0,36099,0
12005,03/06/2020,Seneca,0,0,0,0,36099,0
12006,03/07/2020,Seneca,0,0,0,0,36099,0
12007,03/08/2020,Seneca,0,0,0,0,36099,0
12008,03/09/2020,Seneca,0,0,0,0,36099,0
12009,03/10/2020,Seneca,0,0,0,0,36099,0
12010,03/11/2020,Seneca,0,0,0,0,36099,0
12011,03/12/2020,Seneca,0,0,0,0,36099,0
12012,03/13/2020,Seneca,0,0,0,0,36099,0
12013,03/14/2020,Seneca,0,0,0,0,36099,0
12014,03/15/2020,Seneca,0,0,1,1,36099,0
12015,03/16/2020,Seneca,0,0,1,2,36099,0
12016,03/17/2020,Seneca,0,0,1,3,36099,0
12017,03/18/2020,Seneca,0,0,2,5,36099,0
12018,03/19/2020,Seneca,0,0,2,7,36099,0
12019,03/20/2020,Seneca,0,0,6,13,36099,0
12020,03/21/2020,Seneca,0,0,3,16,36099,0
12021,03/22/2020,Seneca,0,0,4,20,36099,0
12022,03/23/2020,Seneca,0,0,11,31,36099,0
12023,03/24/2020,Seneca,0,0,0,31,36099,0
12024,03/25/2020,Seneca,0,0,6,37,36099,0
12025,03/26/2020,Seneca,0,0,11,48,36099,0
12026,03/27/2020,Seneca,0,0,16,64,36099,0
12027,03/28/2020,Seneca,0,0,4,68,36099,0
12028,03/29/2020,Seneca,0,0,5,73,36099,0
12029,03/30/2020,Seneca,2,2,7,80,36099,0
12030,03/31/2020,Seneca,0,2,1,81,36099,1
12031,04/01/2020,Seneca,2,4,14,95,36099,1
12032,04/02/2020,Seneca,2,6,13,108,36099,1
12033,04/03/2020,Seneca,0,6,7,115,36099,1
12034,04/04/2020,Seneca,3,9,15,130,36099,1
12035,04/05/2020,Seneca,0,9,11,141,36099,1
12036,04/06/2020,Seneca,1,10,8,149,36099,1
12037,04/07/2020,Seneca,2,12,14,163,36099,2
12038,04/08/2020,Seneca,3,15,20,183,36099,1
12039,04/09/2020,Seneca,0,15,8,191,36099,1
12040,04/10/2020,Seneca,1,16,5,196,36099,0
12041,04/11/2020,Seneca,0,16,3,199,36099,0
12042,04/12/2020,Seneca,0,16,1,200,36099,0
12043,04/13/2020,Seneca,2,18,33,233,36099,0
12044,04/14/2020,Seneca,0,18,1,234,36099,0
12045,04/15/2020,Seneca,0,18,2,236,36099,0
12046,04/16/2020,Seneca,0,18,3,239,36099,0
12047,04/17/2020,Seneca,0,18,2,241,36099,0
12048,04/18/2020,Seneca,0,18,5,246,36099,0
12049,04/19/2020,Seneca,0,18,2,248,36099,0
12050,04/20/2020,Seneca,0,18,0,248,36099,0
12051,04/21/2020,Seneca,0,18,3,251,36099,0
12052,04/22/2020,Seneca,0,18,15,266,36099,0
12053,04/23/2020,Seneca,0,18,5,271,36099,6
12054,04/24/2020,Seneca,18,36,135,406,36099,6
12055,04/25/2020,Seneca,2,38,11,417,36099,6
12056,04/26/2020,Seneca,0,38,12,429,36099,0
12057,04/27/2020,Seneca,0,38,9,438,36099,0
12058,04/28/2020,Seneca,0,38,13,451,36099,0
12059,04/29/2020,Seneca,1,39,24,475,36099,1
12060,04/30/2020,Seneca,2,41,22,497,36099,1
12061,05/01/2020,Seneca,1,42,26,523,36099,2
12062,05/02/2020,Seneca,3,45,51,574,36099,1
12063,05/03/2020,Seneca,0,45,19,593,36099,1
12064,05/04/2020,Seneca,1,46,26,619,36099,0
12065,05/05/2020,Seneca,0,46,20,639,36099,0
12066,05/06/2020,Seneca,0,46,24,663,36099,0
12067,05/07/2020,Seneca,0,46,19,682,36099,0
12068,05/08/2020,Seneca,2,48,46,728,36099,1
12069,05/09/2020,Seneca,1,49,42,770,36099,1
12070,05/10/2020,Seneca,0,49,41,811,36099,0
12071,05/11/2020,Seneca,0,49,25,836,36099,0
12072,05/12/2020,Seneca,0,49,49,885,36099,0
12073,05/13/2020,Seneca,0,49,40,925,36099,0
12074,05/14/2020,Seneca,0,49,30,955,36099,0
12075,05/15/2020,Seneca,1,50,29,984,36099,0
12076,05/16/2020,Seneca,1,51,48,1032,36099,0
12077,05/17/2020,Seneca,0,51,122,1154,36099,0
12078,05/18/2020,Seneca,0,51,65,1219,36099,0
12079,05/19/2020,Seneca,1,52,50,1269,36099,0
12080,05/20/2020,Seneca,0,52,79,1348,36099,1
12081,05/21/2020,Seneca,2,54,54,1402,36099,0
12082,05/22/2020,Seneca,0,54,51,1453,36099,1
12083,05/23/2020,Seneca,1,55,103,1556,36099,0
12084,05/24/2020,Seneca,0,55,56,1612,36099,0
12085,05/25/2020,Seneca,0,55,86,1698,36099,0
12086,05/26/2020,Seneca,0,55,50,1748,36099,0
12087,05/27/2020,Seneca,1,56,77,1825,36099,0
12088,05/28/2020,Seneca,1,57,140,1965,36099,1
12089,05/29/2020,Seneca,1,58,68,2033,36099,0
12090,05/30/2020,Seneca,0,58,138,2171,36099,0
12091,05/31/2020,Seneca,1,59,81,2252,36099,0
12092,06/01/2020,Seneca,0,59,60,2312,36099,0
12093,06/02/2020,Seneca,1,60,157,2469,36099,0
12094,06/03/2020,Seneca,0,60,106,2575,36099,0
12095,06/04/2020,Seneca,1,61,141,2716,36099,0
12096,06/05/2020,Seneca,0,61,165,2881,36099,0
12097,06/06/2020,Seneca,0,61,162,3043,36099,0
12098,06/07/2020,Seneca,0,61,118,3161,36099,0
12099,06/08/2020,Seneca,0,61,91,3252,36099,0
12100,06/09/2020,Seneca,0,61,98,3350,36099,0
12101,06/10/2020,Seneca,1,62,198,3548,36099,0
12102,06/11/2020,Seneca,1,63,198,3746,36099,0
12103,06/12/2020,Seneca,0,63,86,3832,36099,0
12104,06/13/2020,Seneca,0,63,127,3959,36099,0
12105,06/14/2020,Seneca,1,64,103,4062,36099,0
12106,06/15/2020,Seneca,0,64,105,4167,36099,0
12107,06/16/2020,Seneca,0,64,81,4248,36099,0
12108,06/17/2020,Seneca,0,64,34,4282,36099,0
12109,06/18/2020,Seneca,0,64,80,4362,36099,0
12110,06/19/2020,Seneca,0,64,80,4442,36099,0
12111,06/20/2020,Seneca,0,64,123,4565,36099,0
12112,06/21/2020,Seneca,0,64,80,4645,36099,0
12113,06/22/2020,Seneca,0,64,78,4723,36099,0
12114,06/23/2020,Seneca,0,64,62,4785,36099,0
12115,06/24/2020,Seneca,2,66,61,4846,36099,1
12116,06/25/2020,Seneca,3,69,89,4935,36099,1
12117,06/26/2020,Seneca,0,69,82,5017,36099,1
12118,06/27/2020,Seneca,0,69,93,5110,36099,0
12119,06/28/2020,Seneca,0,69,118,5228,36099,0
12120,06/29/2020,Seneca,0,69,60,5288,36099,0
12121,06/30/2020,Seneca,1,70,109,5397,36099,0
12122,07/01/2020,Seneca,0,70,44,5441,36099,0
12123,07/02/2020,Seneca,0,70,47,5488,36099,0
12124,07/03/2020,Seneca,0,70,98,5586,36099,0
12125,07/04/2020,Seneca,1,71,42,5628,36099,0
12126,07/05/2020,Seneca,0,71,60,5688,36099,0
12127,07/06/2020,Seneca,0,71,82,5770,36099,0
12128,07/07/2020,Seneca,0,71,105,5875,36099,0
12129,07/08/2020,Seneca,2,73,115,5990,36099,0
12130,07/09/2020,Seneca,0,73,85,6075,36099,1
12131,07/10/2020,Seneca,1,74,176,6251,36099,0
12132,07/11/2020,Seneca,0,74,110,6361,36099,0
12133,07/12/2020,Seneca,0,74,84,6445,36099,0
12134,07/13/2020,Seneca,0,74,104,6549,36099,0
12135,07/14/2020,Seneca,2,76,139,6688,36099,0
12136,07/15/2020,Seneca,0,76,116,6804,36099,1
12137,07/16/2020,Seneca,1,77,109,6913,36099,0
12138,07/17/2020,Seneca,1,78,108,7021,36099,1
12139,07/18/2020,Seneca,2,80,89,7110,36099,1
12140,07/19/2020,Seneca,0,80,79,7189,36099,0
12141,07/20/2020,Seneca,0,80,79,7268,36099,0
12142,07/21/2020,Seneca,0,80,70,7338,36099,0
12143,07/22/2020,Seneca,0,80,145,7483,36099,1
12144,07/23/2020,Seneca,3,83,145,7628,36099,1
12145,07/24/2020,Seneca,0,83,173,7801,36099,1
12146,07/25/2020,Seneca,0,83,145,7946,36099,0
12147,07/26/2020,Seneca,0,83,48,7994,36099,0
12148,07/27/2020,Seneca,1,84,36,8030,36099,0
12149,07/28/2020,Seneca,0,84,68,8098,36099,0
12150,07/29/2020,Seneca,0,84,102,8200,36099,0
12151,07/30/2020,Seneca,0,84,137,8337,36099,0
12152,07/31/2020,Seneca,1,85,124,8461,36099,0
12153,08/01/2020,Seneca,1,86,77,8538,36099,0
12154,08/02/2020,Seneca,0,86,43,8581,36099,0
12155,08/03/2020,Seneca,0,86,101,8682,36099,0
12156,08/04/2020,Seneca,0,86,55,8737,36099,0
12157,08/05/2020,Seneca,0,86,135,8872,36099,0
12158,08/06/2020,Seneca,1,87,136,9008,36099,1
12159,08/07/2020,Seneca,2,89,106,9114,36099,1
12160,08/08/2020,Seneca,0,89,98,9212,36099,1
12161,08/09/2020,Seneca,1,90,38,9250,36099,0
12162,08/10/2020,Seneca,1,91,93,9343,36099,0
12163,08/11/2020,Seneca,0,91,89,9432,36099,0
12164,08/12/2020,Seneca,1,92,100,9532,36099,0
12165,08/13/2020,Seneca,1,93,133,9665,36099,0
12166,08/14/2020,Seneca,0,93,83,9748,36099,0
12167,08/15/2020,Seneca,0,93,133,9881,36099,0
12168,08/16/2020,Seneca,1,94,85,9966,36099,0
12169,08/17/2020,Seneca,1,95,67,10033,36099,0
12170,08/18/2020,Seneca,0,95,66,10099,36099,0
12171,08/19/2020,Seneca,0,95,107,10206,36099,0
12172,08/20/2020,Seneca,0,95,131,10337,36099,0
12173,08/21/2020,Seneca,0,95,143,10480,36099,0
12174,08/22/2020,Seneca,0,95,69,10549,36099,0
12175,08/23/2020,Seneca,0,95,84,10633,36099,0
12176,08/24/2020,Seneca,1,96,100,10733,36099,1
12177,08/25/2020,Seneca,2,98,59,10792,36099,1
12178,08/26/2020,Seneca,0,98,97,10889,36099,0
12179,08/27/2020,Seneca,0,98,167,11056,36099,0
12180,08/28/2020,Seneca,0,98,137,11193,36099,0
12181,08/29/2020,Seneca,2,100,111,11304,36099,0
12182,08/30/2020,Seneca,0,100,61,11365,36099,0
12183,08/31/2020,Seneca,0,100,48,11413,36099,0
12184,09/01/2020,Seneca,0,100,61,11474,36099,0
12185,09/02/2020,Seneca,1,101,80,11554,36099,0
12186,09/03/2020,Seneca,1,102,122,11676,36099,0
12187,09/04/2020,Seneca,0,102,121,11797,36099,0
12188,09/05/2020,Seneca,0,102,175,11972,36099,0
12189,09/06/2020,Seneca,0,102,30,12002,36099,0
12190,09/07/2020,Seneca,0,102,38,12040,36099,0
12191,09/08/2020,Seneca,0,102,76,12116,36099,0
12192,09/09/2020,Seneca,1,103,72,12188,36099,0
12193,09/10/2020,Seneca,0,103,79,12267,36099,0
12194,09/11/2020,Seneca,1,104,196,12463,36099,0
12195,09/12/2020,Seneca,0,104,79,12542,36099,0
12196,09/13/2020,Seneca,0,104,104,12646,36099,0
12197,09/14/2020,Seneca,0,104,89,12735,36099,0
12198,09/15/2020,Seneca,0,104,128,12863,36099,0
12199,09/16/2020,Seneca,0,104,104,12967,36099,0
12200,09/17/2020,Seneca,1,105,152,13119,36099,0
12201,09/18/2020,Seneca,0,105,204,13323,36099,0
12202,09/19/2020,Seneca,0,105,97,13420,36099,0
12203,09/20/2020,Seneca,0,105,64,13484,36099,0
12204,09/21/2020,Seneca,0,105,129,13613,36099,0
12205,09/22/2020,Seneca,0,105,88,13701,36099,0
12206,09/23/2020,Seneca,0,105,134,13835,36099,0
12207,09/24/2020,Seneca,1,106,203,14038,36099,0
12208,09/25/2020,Seneca,0,106,168,14206,36099,0
12209,09/26/2020,Seneca,0,106,84,14290,36099,0
12210,09/27/2020,Seneca,0,106,122,14412,36099,0
12211,09/28/2020,Seneca,1,107,41,14453,36099,0
12212,09/29/2020,Seneca,0,107,148,14601,36099,0
12213,09/30/2020,Seneca,1,108,151,14752,36099,1
12214,10/01/2020,Seneca,2,110,128,14880,36099,1
12215,10/02/2020,Seneca,0,110,206,15086,36099,0
12216,10/03/2020,Seneca,0,110,99,15185,36099,0
12217,10/04/2020,Seneca,1,111,99,15284,36099,0
12218,10/05/2020,Seneca,1,112,126,15410,36099,0
12219,10/06/2020,Seneca,0,112,119,15529,36099,1
12220,10/07/2020,Seneca,2,114,110,15639,36099,0
12221,10/08/2020,Seneca,0,114,109,15748,36099,1
12222,10/09/2020,Seneca,1,115,188,15936,36099,1
12223,10/10/2020,Seneca,4,119,151,16087,36099,2
12224,10/11/2020,Seneca,1,120,93,16180,36099,1
12225,10/12/2020,Seneca,0,120,97,16277,36099,1
12226,10/13/2020,Seneca,2,122,87,16364,36099,1
12227,10/14/2020,Seneca,2,124,260,16624,36099,1
12228,10/15/2020,Seneca,1,125,150,16774,36099,1
12229,10/16/2020,Seneca,1,126,237,17011,36099,1
12230,10/17/2020,Seneca,1,127,117,17128,36099,1
12231,10/18/2020,Seneca,1,128,137,17265,36099,0
12232,10/19/2020,Seneca,0,128,129,17394,36099,1
12233,10/20/2020,Seneca,3,131,133,17527,36099,2
12234,10/21/2020,Seneca,4,135,299,17826,36099,3
12235,10/22/2020,Seneca,4,139,170,17996,36099,3
12236,10/23/2020,Seneca,1,140,329,18325,36099,1
12237,10/24/2020,Seneca,0,140,324,18649,36099,0
12238,10/25/2020,Seneca,0,140,86,18735,36099,0
12239,10/26/2020,Seneca,2,142,562,19297,36099,1
12240,10/27/2020,Seneca,1,143,205,19502,36099,2
12241,10/28/2020,Seneca,4,147,267,19769,36099,2
12242,10/29/2020,Seneca,1,148,359,20128,36099,1
12243,10/30/2020,Seneca,0,148,251,20379,36099,0
12244,10/31/2020,Seneca,1,149,128,20507,36099,1
12245,11/01/2020,Seneca,3,152,98,20605,36099,2
12246,11/02/2020,Seneca,2,154,162,20767,36099,2
12247,11/03/2020,Seneca,1,155,97,20864,36099,3
12248,11/04/2020,Seneca,8,163,250,21114,36099,4
12249,11/05/2020,Seneca,4,167,113,21227,36099,4
12250,03/01/2020,St. Lawrence,0,0,0,0,36089,0
12251,03/02/2020,St. Lawrence,0,0,0,0,36089,0
12252,03/03/2020,St. Lawrence,0,0,0,0,36089,0
12253,03/04/2020,St. Lawrence,0,0,0,0,36089,0
12254,03/05/2020,St. Lawrence,0,0,0,0,36089,0
12255,03/06/2020,St. Lawrence,0,0,0,0,36089,0
12256,03/07/2020,St. Lawrence,0,0,2,2,36089,0
12257,03/08/2020,St. Lawrence,0,0,0,2,36089,0
12258,03/09/2020,St. Lawrence,0,0,0,2,36089,0
12259,03/10/2020,St. Lawrence,0,0,1,3,36089,0
12260,03/11/2020,St. Lawrence,0,0,2,5,36089,0
12261,03/12/2020,St. Lawrence,0,0,1,6,36089,0
12262,03/13/2020,St. Lawrence,0,0,1,7,36089,0
12263,03/14/2020,St. Lawrence,0,0,1,8,36089,0
12264,03/15/2020,St. Lawrence,0,0,1,9,36089,0
12265,03/16/2020,St. Lawrence,0,0,0,9,36089,0
12266,03/17/2020,St. Lawrence,0,0,7,16,36089,0
12267,03/18/2020,St. Lawrence,0,0,3,19,36089,0
12268,03/19/2020,St. Lawrence,0,0,7,26,36089,0
12269,03/20/2020,St. Lawrence,0,0,7,33,36089,0
12270,03/21/2020,St. Lawrence,1,1,20,53,36089,0
12271,03/22/2020,St. Lawrence,0,1,9,62,36089,0
12272,03/23/2020,St. Lawrence,0,1,6,68,36089,0
12273,03/24/2020,St. Lawrence,0,1,10,78,36089,0
12274,03/25/2020,St. Lawrence,1,2,14,92,36089,0
12275,03/26/2020,St. Lawrence,1,3,29,121,36089,2
12276,03/27/2020,St. Lawrence,5,8,82,203,36089,3
12277,03/28/2020,St. Lawrence,4,12,65,268,36089,3
12278,03/29/2020,St. Lawrence,1,13,44,312,36089,7
12279,03/30/2020,St. Lawrence,17,30,74,386,36089,7
12280,03/31/2020,St. Lawrence,4,34,32,418,36089,8
12281,04/01/2020,St. Lawrence,5,39,30,448,36089,4
12282,04/02/2020,St. Lawrence,4,43,54,502,36089,6
12283,04/03/2020,St. Lawrence,9,52,81,583,36089,5
12284,04/04/2020,St. Lawrence,3,55,46,629,36089,5
12285,04/05/2020,St. Lawrence,4,59,43,672,36089,2
12286,04/06/2020,St. Lawrence,1,60,64,736,36089,4
12287,04/07/2020,St. Lawrence,9,69,69,805,36089,5
12288,04/08/2020,St. Lawrence,7,76,50,855,36089,6
12289,04/09/2020,St. Lawrence,2,78,24,879,36089,3
12290,04/10/2020,St. Lawrence,2,80,19,898,36089,3
12291,04/11/2020,St. Lawrence,5,85,65,963,36089,3
12292,04/12/2020,St. Lawrence,4,89,47,1010,36089,4
12293,04/13/2020,St. Lawrence,3,92,29,1039,36089,2
12294,04/14/2020,St. Lawrence,0,92,7,1046,36089,1
12295,04/15/2020,St. Lawrence,1,93,48,1094,36089,1
12296,04/16/2020,St. Lawrence,3,96,16,1110,36089,2
12297,04/17/2020,St. Lawrence,2,98,6,1116,36089,4
12298,04/18/2020,St. Lawrence,7,105,25,1141,36089,4
12299,04/19/2020,St. Lawrence,5,110,24,1165,36089,7
12300,04/20/2020,St. Lawrence,10,120,17,1182,36089,6
12301,04/21/2020,St. Lawrence,3,123,6,1188,36089,9
12302,04/22/2020,St. Lawrence,16,139,94,1282,36089,8
12303,04/23/2020,St. Lawrence,5,144,37,1319,36089,11
12304,04/24/2020,St. Lawrence,12,156,64,1383,36089,9
12305,04/25/2020,St. Lawrence,11,167,36,1419,36089,8
12306,04/26/2020,St. Lawrence,2,169,27,1446,36089,4
12307,04/27/2020,St. Lawrence,1,170,19,1465,36089,1
12308,04/28/2020,St. Lawrence,0,170,84,1549,36089,1
12309,04/29/2020,St. Lawrence,3,173,277,1826,36089,2
12310,04/30/2020,St. Lawrence,3,176,157,1983,36089,2
12311,05/01/2020,St. Lawrence,0,176,130,2113,36089,1
12312,05/02/2020,St. Lawrence,1,177,125,2238,36089,0
12313,05/03/2020,St. Lawrence,1,178,85,2323,36089,0
12314,05/04/2020,St. Lawrence,0,178,38,2361,36089,1
12315,05/05/2020,St. Lawrence,2,180,34,2395,36089,1
12316,05/06/2020,St. Lawrence,1,181,53,2448,36089,3
12317,05/07/2020,St. Lawrence,6,187,845,3293,36089,2
12318,05/08/2020,St. Lawrence,0,187,164,3457,36089,2
12319,05/09/2020,St. Lawrence,0,187,51,3508,36089,1
12320,05/10/2020,St. Lawrence,3,190,47,3555,36089,1
12321,05/11/2020,St. Lawrence,1,191,18,3573,36089,1
12322,05/12/2020,St. Lawrence,1,192,151,3724,36089,0
12323,05/13/2020,St. Lawrence,0,192,105,3829,36089,0
12324,05/14/2020,St. Lawrence,0,192,332,4161,36089,0
12325,05/15/2020,St. Lawrence,0,192,1456,5617,36089,0
12326,05/16/2020,St. Lawrence,0,192,205,5822,36089,0
12327,05/17/2020,St. Lawrence,0,192,239,6061,36089,0
12328,05/18/2020,St. Lawrence,0,192,71,6132,36089,1
12329,05/19/2020,St. Lawrence,3,195,173,6305,36089,1
12330,05/20/2020,St. Lawrence,0,195,504,6809,36089,1
12331,05/21/2020,St. Lawrence,0,195,349,7158,36089,0
12332,05/22/2020,St. Lawrence,1,196,333,7491,36089,0
12333,05/23/2020,St. Lawrence,1,197,301,7792,36089,0
12334,05/24/2020,St. Lawrence,0,197,114,7906,36089,0
12335,05/25/2020,St. Lawrence,0,197,60,7966,36089,1
12336,05/26/2020,St. Lawrence,3,200,78,8044,36089,1
12337,05/27/2020,St. Lawrence,1,201,227,8271,36089,1
12338,05/28/2020,St. Lawrence,1,202,447,8718,36089,0
12339,05/29/2020,St. Lawrence,0,202,136,8854,36089,1
12340,05/30/2020,St. Lawrence,2,204,303,9157,36089,1
12341,05/31/2020,St. Lawrence,1,205,472,9629,36089,1
12342,06/01/2020,St. Lawrence,0,205,106,9735,36089,0
12343,06/02/2020,St. Lawrence,1,206,324,10059,36089,0
12344,06/03/2020,St. Lawrence,1,207,293,10352,36089,0
12345,06/04/2020,St. Lawrence,0,207,451,10803,36089,1
12346,06/05/2020,St. Lawrence,2,209,477,11280,36089,0
12347,06/06/2020,St. Lawrence,0,209,382,11662,36089,0
12348,06/07/2020,St. Lawrence,0,209,539,12201,36089,0
12349,06/08/2020,St. Lawrence,0,209,220,12421,36089,0
12350,06/09/2020,St. Lawrence,0,209,170,12591,36089,1
12351,06/10/2020,St. Lawrence,3,212,256,12847,36089,1
12352,06/11/2020,St. Lawrence,2,214,427,13274,36089,1
12353,06/12/2020,St. Lawrence,0,214,368,13642,36089,1
12354,06/13/2020,St. Lawrence,1,215,383,14025,36089,0
12355,06/14/2020,St. Lawrence,0,215,222,14247,36089,0
12356,06/15/2020,St. Lawrence,0,215,190,14437,36089,0
12357,06/16/2020,St. Lawrence,0,215,226,14663,36089,0
12358,06/17/2020,St. Lawrence,0,215,246,14909,36089,0
12359,06/18/2020,St. Lawrence,0,215,216,15125,36089,0
12360,06/19/2020,St. Lawrence,1,216,352,15477,36089,0
12361,06/20/2020,St. Lawrence,0,216,266,15743,36089,0
12362,06/21/2020,St. Lawrence,1,217,271,16014,36089,0
12363,06/22/2020,St. Lawrence,0,217,153,16167,36089,0
12364,06/23/2020,St. Lawrence,0,217,99,16266,36089,0
12365,06/24/2020,St. Lawrence,0,217,249,16515,36089,0
12366,06/25/2020,St. Lawrence,1,218,282,16797,36089,0
12367,06/26/2020,St. Lawrence,0,218,315,17112,36089,0
12368,06/27/2020,St. Lawrence,0,218,435,17547,36089,0
12369,06/28/2020,St. Lawrence,1,219,220,17767,36089,0
12370,06/29/2020,St. Lawrence,0,219,144,17911,36089,0
12371,06/30/2020,St. Lawrence,0,219,121,18032,36089,0
12372,07/01/2020,St. Lawrence,1,220,137,18169,36089,1
12373,07/02/2020,St. Lawrence,2,222,183,18352,36089,1
12374,07/03/2020,St. Lawrence,1,223,416,18768,36089,1
12375,07/04/2020,St. Lawrence,1,224,143,18911,36089,1
12376,07/05/2020,St. Lawrence,2,226,242,19153,36089,1
12377,07/06/2020,St. Lawrence,0,226,141,19294,36089,1
12378,07/07/2020,St. Lawrence,1,227,278,19572,36089,0
12379,07/08/2020,St. Lawrence,0,227,215,19787,36089,0
12380,07/09/2020,St. Lawrence,0,227,247,20034,36089,1
12381,07/10/2020,St. Lawrence,3,230,555,20589,36089,1
12382,07/11/2020,St. Lawrence,0,230,385,20974,36089,1
12383,07/12/2020,St. Lawrence,1,231,489,21463,36089,1
12384,07/13/2020,St. Lawrence,2,233,321,21784,36089,1
12385,07/14/2020,St. Lawrence,1,234,345,22129,36089,2
12386,07/15/2020,St. Lawrence,3,237,384,22513,36089,1
12387,07/16/2020,St. Lawrence,1,238,227,22740,36089,2
12388,07/17/2020,St. Lawrence,4,242,307,23047,36089,1
12389,07/18/2020,St. Lawrence,0,242,149,23196,36089,2
12390,07/19/2020,St. Lawrence,4,246,274,23470,36089,1
12391,07/20/2020,St. Lawrence,1,247,315,23785,36089,2
12392,07/21/2020,St. Lawrence,3,250,301,24086,36089,2
12393,07/22/2020,St. Lawrence,3,253,427,24513,36089,2
12394,07/23/2020,St. Lawrence,1,254,276,24789,36089,2
12395,07/24/2020,St. Lawrence,3,257,414,25203,36089,1
12396,07/25/2020,St. Lawrence,1,258,605,25808,36089,1
12397,07/26/2020,St. Lawrence,0,258,488,26296,36089,0
12398,07/27/2020,St. Lawrence,0,258,248,26544,36089,0
12399,07/28/2020,St. Lawrence,1,259,298,26842,36089,0
12400,07/29/2020,St. Lawrence,1,260,313,27155,36089,0
12401,07/30/2020,St. Lawrence,0,260,270,27425,36089,0
12402,07/31/2020,St. Lawrence,1,261,603,28028,36089,0
12403,08/01/2020,St. Lawrence,1,262,418,28446,36089,0
12404,08/02/2020,St. Lawrence,0,262,221,28667,36089,0
12405,08/03/2020,St. Lawrence,0,262,228,28895,36089,0
12406,08/04/2020,St. Lawrence,0,262,292,29187,36089,0
12407,08/05/2020,St. Lawrence,1,263,182,29369,36089,0
12408,08/06/2020,St. Lawrence,0,263,254,29623,36089,0
12409,08/07/2020,St. Lawrence,0,263,216,29839,36089,0
12410,08/08/2020,St. Lawrence,0,263,419,30258,36089,0
12411,08/09/2020,St. Lawrence,0,263,122,30380,36089,0
12412,08/10/2020,St. Lawrence,0,263,422,30802,36089,0
12413,08/11/2020,St. Lawrence,0,263,315,31117,36089,0
12414,08/12/2020,St. Lawrence,0,263,416,31533,36089,0
12415,08/13/2020,St. Lawrence,0,263,283,31816,36089,0
12416,08/14/2020,St. Lawrence,0,263,716,32532,36089,0
12417,08/15/2020,St. Lawrence,0,263,429,32961,36089,0
12418,08/16/2020,St. Lawrence,0,263,283,33244,36089,0
12419,08/17/2020,St. Lawrence,0,263,321,33565,36089,0
12420,08/18/2020,St. Lawrence,1,264,652,34217,36089,0
12421,08/19/2020,St. Lawrence,0,264,1001,35218,36089,0
12422,08/20/2020,St. Lawrence,1,265,1052,36270,36089,0
12423,08/21/2020,St. Lawrence,0,265,1220,37490,36089,1
12424,08/22/2020,St. Lawrence,2,267,1003,38493,36089,0
12425,08/23/2020,St. Lawrence,0,267,959,39452,36089,0
12426,08/24/2020,St. Lawrence,0,267,408,39860,36089,0
12427,08/25/2020,St. Lawrence,0,267,505,40365,36089,0
12428,08/26/2020,St. Lawrence,2,269,423,40788,36089,1
12429,08/27/2020,St. Lawrence,1,270,529,41317,36089,2
12430,08/28/2020,St. Lawrence,3,273,915,42232,36089,1
12431,08/29/2020,St. Lawrence,1,274,464,42696,36089,1
12432,08/30/2020,St. Lawrence,1,275,230,42926,36089,0
12433,08/31/2020,St. Lawrence,0,275,357,43283,36089,1
12434,09/01/2020,St. Lawrence,4,279,324,43607,36089,4
12435,09/02/2020,St. Lawrence,8,287,313,43920,36089,5
12436,09/03/2020,St. Lawrence,4,291,1157,45077,36089,4
12437,09/04/2020,St. Lawrence,2,293,1004,46081,36089,3
12438,09/05/2020,St. Lawrence,3,296,1005,47086,36089,2
12439,09/06/2020,St. Lawrence,1,297,698,47784,36089,1
12440,09/07/2020,St. Lawrence,0,297,421,48205,36089,1
12441,09/08/2020,St. Lawrence,4,301,254,48459,36089,1
12442,09/09/2020,St. Lawrence,1,302,300,48759,36089,2
12443,09/10/2020,St. Lawrence,1,303,1032,49791,36089,1
12444,09/11/2020,St. Lawrence,1,304,591,50382,36089,0
12445,09/12/2020,St. Lawrence,0,304,551,50933,36089,1
12446,09/13/2020,St. Lawrence,3,307,278,51211,36089,1
12447,09/14/2020,St. Lawrence,1,308,338,51549,36089,2
12448,09/15/2020,St. Lawrence,2,310,267,51816,36089,2
12449,09/16/2020,St. Lawrence,3,313,1027,52843,36089,2
12450,09/17/2020,St. Lawrence,1,314,560,53403,36089,1
12451,09/18/2020,St. Lawrence,1,315,459,53862,36089,1
12452,09/19/2020,St. Lawrence,3,318,616,54478,36089,1
12453,09/20/2020,St. Lawrence,0,318,274,54752,36089,1
12454,09/21/2020,St. Lawrence,1,319,231,54983,36089,0
12455,09/22/2020,St. Lawrence,1,320,339,55322,36089,1
12456,09/23/2020,St. Lawrence,2,322,598,55920,36089,1
12457,09/24/2020,St. Lawrence,0,322,804,56724,36089,0
12458,09/25/2020,St. Lawrence,0,322,844,57568,36089,0
12459,09/26/2020,St. Lawrence,0,322,475,58043,36089,0
12460,09/27/2020,St. Lawrence,2,324,345,58388,36089,1
12461,09/28/2020,St. Lawrence,1,325,210,58598,36089,1
12462,09/29/2020,St. Lawrence,2,327,1949,60547,36089,2
12463,09/30/2020,St. Lawrence,3,330,1096,61643,36089,2
12464,10/01/2020,St. Lawrence,1,331,852,62495,36089,2
12465,10/02/2020,St. Lawrence,2,333,799,63294,36089,1
12466,10/03/2020,St. Lawrence,2,335,653,63947,36089,1
12467,10/04/2020,St. Lawrence,1,336,236,64183,36089,1
12468,10/05/2020,St. Lawrence,1,337,646,64829,36089,0
12469,10/06/2020,St. Lawrence,0,337,1964,66793,36089,1
12470,10/07/2020,St. Lawrence,2,339,435,67228,36089,1
12471,10/08/2020,St. Lawrence,3,342,1328,68556,36089,2
12472,10/09/2020,St. Lawrence,2,344,1047,69603,36089,2
12473,10/10/2020,St. Lawrence,1,345,681,70284,36089,1
12474,10/11/2020,St. Lawrence,0,345,278,70562,36089,0
12475,10/12/2020,St. Lawrence,1,346,278,70840,36089,1
12476,10/13/2020,St. Lawrence,3,349,2005,72845,36089,2
12477,10/14/2020,St. Lawrence,2,351,284,73129,36089,2
12478,10/15/2020,St. Lawrence,2,353,371,73500,36089,2
12479,10/16/2020,St. Lawrence,2,355,2157,75657,36089,2
12480,10/17/2020,St. Lawrence,3,358,618,76275,36089,3
12481,10/18/2020,St. Lawrence,5,363,192,76467,36089,4
12482,10/19/2020,St. Lawrence,5,368,306,76773,36089,4
12483,10/20/2020,St. Lawrence,4,372,1858,78631,36089,4
12484,10/21/2020,St. Lawrence,4,376,1320,79951,36089,3
12485,10/22/2020,St. Lawrence,3,379,951,80902,36089,3
12486,10/23/2020,St. Lawrence,3,382,455,81357,36089,3
12487,10/24/2020,St. Lawrence,4,386,517,81874,36089,3
12488,10/25/2020,St. Lawrence,4,390,294,82168,36089,4
12489,10/26/2020,St. Lawrence,6,396,651,82819,36089,4
12490,10/27/2020,St. Lawrence,3,399,1991,84810,36089,5
12491,10/28/2020,St. Lawrence,6,405,1509,86319,36089,4
12492,10/29/2020,St. Lawrence,4,409,604,86923,36089,5
12493,10/30/2020,St. Lawrence,6,415,830,87753,36089,6
12494,10/31/2020,St. Lawrence,8,423,354,88107,36089,6
12495,11/01/2020,St. Lawrence,5,428,275,88382,36089,7
12496,11/02/2020,St. Lawrence,8,436,431,88813,36089,6
12497,11/03/2020,St. Lawrence,6,442,342,89155,36089,7
12498,11/04/2020,St. Lawrence,7,449,3437,92592,36089,8
12499,11/05/2020,St. Lawrence,12,461,839,93431,36089,6
12500,03/01/2020,Steuben,0,0,0,0,36101,0
12501,03/02/2020,Steuben,0,0,0,0,36101,0
12502,03/03/2020,Steuben,0,0,0,0,36101,0
12503,03/04/2020,Steuben,0,0,0,0,36101,0
12504,03/05/2020,Steuben,0,0,0,0,36101,0
12505,03/06/2020,Steuben,0,0,0,0,36101,0
12506,03/07/2020,Steuben,0,0,0,0,36101,0
12507,03/08/2020,Steuben,0,0,0,0,36101,0
12508,03/09/2020,Steuben,0,0,0,0,36101,0
12509,03/10/2020,Steuben,0,0,0,0,36101,0
12510,03/11/2020,Steuben,0,0,0,0,36101,0
12511,03/12/2020,Steuben,0,0,0,0,36101,0
12512,03/13/2020,Steuben,0,0,1,1,36101,0
12513,03/14/2020,Steuben,0,0,0,1,36101,0
12514,03/15/2020,Steuben,0,0,0,1,36101,0
12515,03/16/2020,Steuben,0,0,0,1,36101,0
12516,03/17/2020,Steuben,0,0,0,1,36101,0
12517,03/18/2020,Steuben,0,0,4,5,36101,0
12518,03/19/2020,Steuben,0,0,3,8,36101,0
12519,03/20/2020,Steuben,2,2,27,35,36101,1
12520,03/21/2020,Steuben,1,3,17,52,36101,1
12521,03/22/2020,Steuben,1,4,10,62,36101,1
12522,03/23/2020,Steuben,1,5,2,64,36101,1
12523,03/24/2020,Steuben,3,8,13,77,36101,2
12524,03/25/2020,Steuben,3,11,30,107,36101,2
12525,03/26/2020,Steuben,1,12,25,132,36101,1
12526,03/27/2020,Steuben,1,13,27,159,36101,2
12527,03/28/2020,Steuben,4,17,22,181,36101,2
12528,03/29/2020,Steuben,2,19,8,189,36101,3
12529,03/30/2020,Steuben,5,24,39,228,36101,7
12530,03/31/2020,Steuben,14,38,56,284,36101,8
12531,04/01/2020,Steuben,5,43,25,309,36101,7
12532,04/02/2020,Steuben,3,46,36,345,36101,5
12533,04/03/2020,Steuben,9,55,27,372,36101,6
12534,04/04/2020,Steuben,8,63,31,403,36101,9
12535,04/05/2020,Steuben,12,75,40,443,36101,6
12536,04/06/2020,Steuben,0,75,22,465,36101,6
12537,04/07/2020,Steuben,7,82,67,532,36101,4
12538,04/08/2020,Steuben,7,89,50,582,36101,14
12539,04/09/2020,Steuben,28,117,97,679,36101,12
12540,04/10/2020,Steuben,2,119,28,707,36101,10
12541,04/11/2020,Steuben,2,121,12,719,36101,2
12542,04/12/2020,Steuben,2,123,10,729,36101,9
12543,04/13/2020,Steuben,24,147,90,819,36101,10
12544,04/14/2020,Steuben,4,151,24,843,36101,10
12545,04/15/2020,Steuben,3,154,20,863,36101,2
12546,04/16/2020,Steuben,0,154,25,888,36101,3
12547,04/17/2020,Steuben,6,160,92,980,36101,4
12548,04/18/2020,Steuben,7,167,100,1080,36101,4
12549,04/19/2020,Steuben,0,167,4,1084,36101,3
12550,04/20/2020,Steuben,3,170,33,1117,36101,1
12551,04/21/2020,Steuben,1,171,41,1158,36101,1
12552,04/22/2020,Steuben,0,171,24,1182,36101,0
12553,04/23/2020,Steuben,0,171,28,1210,36101,11
12554,04/24/2020,Steuben,33,204,556,1766,36101,12
12555,04/25/2020,Steuben,3,207,35,1801,36101,12
12556,04/26/2020,Steuben,2,209,10,1811,36101,2
12557,04/27/2020,Steuben,1,210,58,1869,36101,2
12558,04/28/2020,Steuben,4,214,105,1974,36101,2
12559,04/29/2020,Steuben,2,216,63,2037,36101,2
12560,04/30/2020,Steuben,0,216,42,2079,36101,1
12561,05/01/2020,Steuben,1,217,62,2141,36101,0
12562,05/02/2020,Steuben,1,218,41,2182,36101,1
12563,05/03/2020,Steuben,1,219,70,2252,36101,1
12564,05/04/2020,Steuben,2,221,90,2342,36101,1
12565,05/05/2020,Steuben,2,223,114,2456,36101,1
12566,05/06/2020,Steuben,1,224,66,2522,36101,1
12567,05/07/2020,Steuben,1,225,101,2623,36101,1
12568,05/08/2020,Steuben,1,226,228,2851,36101,1
12569,05/09/2020,Steuben,1,227,73,2924,36101,1
12570,05/10/2020,Steuben,1,228,58,2982,36101,1
12571,05/11/2020,Steuben,1,229,90,3072,36101,1
12572,05/12/2020,Steuben,1,230,306,3378,36101,0
12573,05/13/2020,Steuben,0,230,103,3481,36101,0
12574,05/14/2020,Steuben,1,231,110,3591,36101,1
12575,05/15/2020,Steuben,2,233,68,3659,36101,1
12576,05/16/2020,Steuben,1,234,97,3756,36101,1
12577,05/17/2020,Steuben,1,235,67,3823,36101,1
12578,05/18/2020,Steuben,1,236,126,3949,36101,1
12579,05/19/2020,Steuben,1,237,314,4263,36101,1
12580,05/20/2020,Steuben,1,238,133,4396,36101,1
12581,05/21/2020,Steuben,2,240,161,4557,36101,1
12582,05/22/2020,Steuben,0,240,114,4671,36101,0
12583,05/23/2020,Steuben,0,240,83,4754,36101,0
12584,05/24/2020,Steuben,0,240,72,4826,36101,0
12585,05/25/2020,Steuben,0,240,79,4905,36101,0
12586,05/26/2020,Steuben,1,241,221,5126,36101,0
12587,05/27/2020,Steuben,0,241,132,5258,36101,0
12588,05/28/2020,Steuben,0,241,98,5356,36101,0
12589,05/29/2020,Steuben,0,241,133,5489,36101,0
12590,05/30/2020,Steuben,0,241,122,5611,36101,0
12591,05/31/2020,Steuben,0,241,91,5702,36101,0
12592,06/01/2020,Steuben,1,242,133,5835,36101,0
12593,06/02/2020,Steuben,1,243,332,6167,36101,1
12594,06/03/2020,Steuben,2,245,187,6354,36101,1
12595,06/04/2020,Steuben,1,246,148,6502,36101,2
12596,06/05/2020,Steuben,5,251,360,6862,36101,2
12597,06/06/2020,Steuben,0,251,120,6982,36101,1
12598,06/07/2020,Steuben,0,251,162,7144,36101,0
12599,06/08/2020,Steuben,1,252,196,7340,36101,0
12600,06/09/2020,Steuben,1,253,238,7578,36101,1
12601,06/10/2020,Steuben,1,254,374,7952,36101,0
12602,06/11/2020,Steuben,0,254,239,8191,36101,0
12603,06/12/2020,Steuben,1,255,278,8469,36101,0
12604,06/13/2020,Steuben,0,255,158,8627,36101,0
12605,06/14/2020,Steuben,1,256,198,8825,36101,0
12606,06/15/2020,Steuben,1,257,346,9171,36101,0
12607,06/16/2020,Steuben,0,257,306,9477,36101,0
12608,06/17/2020,Steuben,0,257,359,9836,36101,0
12609,06/18/2020,Steuben,0,257,257,10093,36101,1
12610,06/19/2020,Steuben,4,261,133,10226,36101,1
12611,06/20/2020,Steuben,0,261,172,10398,36101,2
12612,06/21/2020,Steuben,2,263,204,10602,36101,0
12613,06/22/2020,Steuben,0,263,163,10765,36101,0
12614,06/23/2020,Steuben,0,263,263,11028,36101,0
12615,06/24/2020,Steuben,1,264,245,11273,36101,0
12616,06/25/2020,Steuben,0,264,220,11493,36101,0
12617,06/26/2020,Steuben,0,264,178,11671,36101,0
12618,06/27/2020,Steuben,2,266,236,11907,36101,0
12619,06/28/2020,Steuben,0,266,171,12078,36101,0
12620,06/29/2020,Steuben,0,266,165,12243,36101,0
12621,06/30/2020,Steuben,2,268,402,12645,36101,0
12622,07/01/2020,Steuben,0,268,213,12858,36101,0
12623,07/02/2020,Steuben,0,268,201,13059,36101,0
12624,07/03/2020,Steuben,1,269,282,13341,36101,0
12625,07/04/2020,Steuben,1,270,209,13550,36101,1
12626,07/05/2020,Steuben,1,271,252,13802,36101,0
12627,07/06/2020,Steuben,0,271,195,13997,36101,0
12628,07/07/2020,Steuben,0,271,223,14220,36101,0
12629,07/08/2020,Steuben,1,272,199,14419,36101,0
12630,07/09/2020,Steuben,0,272,182,14601,36101,1
12631,07/10/2020,Steuben,2,274,183,14784,36101,0
12632,07/11/2020,Steuben,0,274,247,15031,36101,1
12633,07/12/2020,Steuben,2,276,101,15132,36101,1
12634,07/13/2020,Steuben,2,278,292,15424,36101,1
12635,07/14/2020,Steuben,1,279,402,15826,36101,1
12636,07/15/2020,Steuben,0,279,299,16125,36101,0
12637,07/16/2020,Steuben,0,279,254,16379,36101,0
12638,07/17/2020,Steuben,1,280,228,16607,36101,0
12639,07/18/2020,Steuben,1,281,178,16785,36101,1
12640,07/19/2020,Steuben,1,282,172,16957,36101,1
12641,07/20/2020,Steuben,1,283,119,17076,36101,0
12642,07/21/2020,Steuben,0,283,324,17400,36101,0
12643,07/22/2020,Steuben,1,284,359,17759,36101,0
12644,07/23/2020,Steuben,1,285,226,17985,36101,1
12645,07/24/2020,Steuben,3,288,297,18282,36101,1
12646,07/25/2020,Steuben,0,288,179,18461,36101,1
12647,07/26/2020,Steuben,0,288,187,18648,36101,0
12648,07/27/2020,Steuben,1,289,161,18809,36101,0
12649,07/28/2020,Steuben,1,290,330,19139,36101,0
12650,07/29/2020,Steuben,0,290,393,19532,36101,0
12651,07/30/2020,Steuben,0,290,266,19798,36101,0
12652,07/31/2020,Steuben,0,290,216,20014,36101,0
12653,08/01/2020,Steuben,2,292,147,20161,36101,0
12654,08/02/2020,Steuben,0,292,95,20256,36101,1
12655,08/03/2020,Steuben,2,294,171,20427,36101,1
12656,08/04/2020,Steuben,3,297,423,20850,36101,1
12657,08/05/2020,Steuben,0,297,253,21103,36101,1
12658,08/06/2020,Steuben,0,297,221,21324,36101,0
12659,08/07/2020,Steuben,1,298,203,21527,36101,0
12660,08/08/2020,Steuben,0,298,298,21825,36101,0
12661,08/09/2020,Steuben,0,298,218,22043,36101,0
12662,08/10/2020,Steuben,2,300,380,22423,36101,0
12663,08/11/2020,Steuben,0,300,325,22748,36101,1
12664,08/12/2020,Steuben,1,301,320,23068,36101,1
12665,08/13/2020,Steuben,2,303,275,23343,36101,2
12666,08/14/2020,Steuben,3,306,348,23691,36101,1
12667,08/15/2020,Steuben,0,306,388,24079,36101,1
12668,08/16/2020,Steuben,1,307,237,24316,36101,0
12669,08/17/2020,Steuben,0,307,156,24472,36101,0
12670,08/18/2020,Steuben,0,307,286,24758,36101,0
12671,08/19/2020,Steuben,0,307,204,24962,36101,0
12672,08/20/2020,Steuben,1,308,380,25342,36101,0
12673,08/21/2020,Steuben,1,309,316,25658,36101,1
12674,08/22/2020,Steuben,1,310,241,25899,36101,0
12675,08/23/2020,Steuben,0,310,295,26194,36101,0
12676,08/24/2020,Steuben,0,310,156,26350,36101,0
12677,08/25/2020,Steuben,0,310,299,26649,36101,0
12678,08/26/2020,Steuben,1,311,263,26912,36101,0
12679,08/27/2020,Steuben,1,312,337,27249,36101,1
12680,08/28/2020,Steuben,1,313,360,27609,36101,1
12681,08/29/2020,Steuben,2,315,213,27822,36101,1
12682,08/30/2020,Steuben,0,315,246,28068,36101,0
12683,08/31/2020,Steuben,0,315,230,28298,36101,0
12684,09/01/2020,Steuben,0,315,273,28571,36101,0
12685,09/02/2020,Steuben,1,316,286,28857,36101,1
12686,09/03/2020,Steuben,3,319,163,29020,36101,1
12687,09/04/2020,Steuben,0,319,237,29257,36101,1
12688,09/05/2020,Steuben,1,320,150,29407,36101,0
12689,09/06/2020,Steuben,0,320,134,29541,36101,1
12690,09/07/2020,Steuben,3,323,139,29680,36101,1
12691,09/08/2020,Steuben,2,325,338,30018,36101,1
12692,09/09/2020,Steuben,0,325,401,30419,36101,1
12693,09/10/2020,Steuben,1,326,83,30502,36101,0
12694,09/11/2020,Steuben,0,326,307,30809,36101,0
12695,09/12/2020,Steuben,0,326,132,30941,36101,0
12696,09/13/2020,Steuben,0,326,277,31218,36101,1
12697,09/14/2020,Steuben,5,331,339,31557,36101,2
12698,09/15/2020,Steuben,3,334,273,31830,36101,4
12699,09/16/2020,Steuben,5,339,346,32176,36101,3
12700,09/17/2020,Steuben,3,342,265,32441,36101,3
12701,09/18/2020,Steuben,2,344,316,32757,36101,3
12702,09/19/2020,Steuben,6,350,373,33130,36101,3
12703,09/20/2020,Steuben,3,353,195,33325,36101,5
12704,09/21/2020,Steuben,7,360,317,33642,36101,5
12705,09/22/2020,Steuben,6,366,440,34082,36101,7
12706,09/23/2020,Steuben,10,376,347,34429,36101,9
12707,09/24/2020,Steuben,11,387,305,34734,36101,12
12708,09/25/2020,Steuben,17,404,488,35222,36101,13
12709,09/26/2020,Steuben,12,416,387,35609,36101,11
12710,09/27/2020,Steuben,4,420,170,35779,36101,15
12711,09/28/2020,Steuben,30,450,517,36296,36101,12
12712,09/29/2020,Steuben,3,453,407,36703,36101,14
12713,09/30/2020,Steuben,11,464,440,37143,36101,16
12714,10/01/2020,Steuben,35,499,413,37556,36101,22
12715,10/02/2020,Steuben,21,520,456,38012,36101,23
12716,10/03/2020,Steuben,14,534,354,38366,36101,13
12717,10/04/2020,Steuben,6,540,242,38608,36101,16
12718,10/05/2020,Steuben,30,570,578,39186,36101,17
12719,10/06/2020,Steuben,15,585,567,39753,36101,22
12720,10/07/2020,Steuben,23,608,492,40245,36101,20
12721,10/08/2020,Steuben,24,632,412,40657,36101,25
12722,10/09/2020,Steuben,28,660,676,41333,36101,27
12723,10/10/2020,Steuben,30,690,564,41897,36101,23
12724,10/11/2020,Steuben,12,702,400,42297,36101,23
12725,10/12/2020,Steuben,29,731,617,42914,36101,19
12726,10/13/2020,Steuben,16,747,389,43303,36101,20
12727,10/14/2020,Steuben,17,764,368,43671,36101,28
12728,10/15/2020,Steuben,53,817,522,44193,36101,33
12729,10/16/2020,Steuben,30,847,558,44751,36101,31
12730,10/17/2020,Steuben,10,857,417,45168,36101,18
12731,10/18/2020,Steuben,16,873,475,45643,36101,12
12732,10/19/2020,Steuben,11,884,472,46115,36101,13
12733,10/20/2020,Steuben,14,898,494,46609,36101,14
12734,10/21/2020,Steuben,17,915,758,47367,36101,15
12735,10/22/2020,Steuben,14,929,529,47896,36101,17
12736,10/23/2020,Steuben,22,951,696,48592,36101,15
12737,10/24/2020,Steuben,11,962,384,48976,36101,13
12738,10/25/2020,Steuben,8,970,438,49414,36101,11
12739,10/26/2020,Steuben,14,984,616,50030,36101,14
12740,10/27/2020,Steuben,21,1005,499,50529,36101,18
12741,10/28/2020,Steuben,20,1025,661,51190,36101,19
12742,10/29/2020,Steuben,16,1041,844,52034,36101,17
12743,10/30/2020,Steuben,17,1058,759,52793,36101,20
12744,10/31/2020,Steuben,29,1087,437,53230,36101,22
12745,11/01/2020,Steuben,22,1109,428,53658,36101,24
12746,11/02/2020,Steuben,22,1131,560,54218,36101,19
12747,11/03/2020,Steuben,14,1145,483,54701,36101,16
12748,11/04/2020,Steuben,14,1159,665,55366,36101,15
12749,11/05/2020,Steuben,17,1176,1001,56367,36101,10
12750,03/01/2020,Suffolk,0,0,0,0,36103,0
12751,03/02/2020,Suffolk,0,0,0,0,36103,0
12752,03/03/2020,Suffolk,0,0,0,0,36103,0
12753,03/04/2020,Suffolk,0,0,2,2,36103,0
12754,03/05/2020,Suffolk,0,0,2,4,36103,0
12755,03/06/2020,Suffolk,0,0,1,5,36103,0
12756,03/07/2020,Suffolk,0,0,2,7,36103,0
12757,03/08/2020,Suffolk,1,1,11,18,36103,0
12758,03/09/2020,Suffolk,0,1,4,22,36103,2
12759,03/10/2020,Suffolk,5,6,24,46,36103,3
12760,03/11/2020,Suffolk,5,11,24,70,36103,7
12761,03/12/2020,Suffolk,11,22,73,143,36103,8
12762,03/13/2020,Suffolk,10,32,79,222,36103,10
12763,03/14/2020,Suffolk,9,41,38,260,36103,13
12764,03/15/2020,Suffolk,22,63,95,355,36103,17
12765,03/16/2020,Suffolk,22,85,109,464,36103,25
12766,03/17/2020,Suffolk,31,116,179,643,36103,38
12767,03/18/2020,Suffolk,62,178,361,1004,36103,95
12768,03/19/2020,Suffolk,193,371,766,1770,36103,181
12769,03/20/2020,Suffolk,290,661,1461,3231,36103,285
12770,03/21/2020,Suffolk,373,1034,1578,4809,36103,362
12771,03/22/2020,Suffolk,424,1458,1153,5962,36103,406
12772,03/23/2020,Suffolk,422,1880,1047,7009,36103,408
12773,03/24/2020,Suffolk,380,2260,854,7863,36103,425
12774,03/25/2020,Suffolk,475,2735,1189,9052,36103,501
12775,03/26/2020,Suffolk,650,3385,1333,10385,36103,626
12776,03/27/2020,Suffolk,753,4138,1690,12075,36103,762
12777,03/28/2020,Suffolk,885,5023,2155,14230,36103,802
12778,03/29/2020,Suffolk,768,5791,1598,15828,36103,858
12779,03/30/2020,Suffolk,922,6713,1857,17685,36103,860
12780,03/31/2020,Suffolk,892,7605,1620,19305,36103,985
12781,04/01/2020,Suffolk,1141,8746,2148,21453,36103,1147
12782,04/02/2020,Suffolk,1408,10154,2575,24028,36103,1255
12783,04/03/2020,Suffolk,1216,11370,2463,26491,36103,1219
12784,04/04/2020,Suffolk,1035,12405,2200,28691,36103,1111
12785,04/05/2020,Suffolk,1082,13487,2211,30902,36103,1049
12786,04/06/2020,Suffolk,1030,14517,2323,33225,36103,1146
12787,04/07/2020,Suffolk,1327,15844,3139,36364,36103,1308
12788,04/08/2020,Suffolk,1569,17413,3889,40253,36103,1391
12789,04/09/2020,Suffolk,1279,18692,2942,43195,36103,1346
12790,04/10/2020,Suffolk,1191,19883,2556,45751,36103,1134
12791,04/11/2020,Suffolk,933,20816,2215,47966,36103,983
12792,04/12/2020,Suffolk,827,21643,2164,50130,36103,859
12793,04/13/2020,Suffolk,819,22462,2246,52376,36103,820
12794,04/14/2020,Suffolk,816,23278,2135,54511,36103,846
12795,04/15/2020,Suffolk,904,24182,2536,57047,36103,857
12796,04/16/2020,Suffolk,853,25035,2496,59543,36103,955
12797,04/17/2020,Suffolk,1108,26143,3385,62928,36103,902
12798,04/18/2020,Suffolk,745,26888,2392,65320,36103,875
12799,04/19/2020,Suffolk,774,27662,2278,67598,36103,670
12800,04/20/2020,Suffolk,492,28154,1482,69080,36103,655
12801,04/21/2020,Suffolk,700,28854,2188,71268,36103,635
12802,04/22/2020,Suffolk,713,29567,2428,73696,36103,817
12803,04/23/2020,Suffolk,1039,30606,3858,77554,36103,838
12804,04/24/2020,Suffolk,762,31368,2860,80414,36103,830
12805,04/25/2020,Suffolk,691,32059,2830,83244,36103,621
12806,04/26/2020,Suffolk,411,32470,1826,85070,36103,452
12807,04/27/2020,Suffolk,254,32724,1429,86499,36103,402
12808,04/28/2020,Suffolk,541,33265,2669,89168,36103,398
12809,04/29/2020,Suffolk,399,33664,2193,91361,36103,437
12810,04/30/2020,Suffolk,373,34037,2207,93568,36103,404
12811,05/01/2020,Suffolk,441,34478,2660,96228,36103,397
12812,05/02/2020,Suffolk,377,34855,2521,98749,36103,346
12813,05/03/2020,Suffolk,222,35077,1640,100389,36103,265
12814,05/04/2020,Suffolk,198,35275,1586,101975,36103,229
12815,05/05/2020,Suffolk,268,35543,2112,104087,36103,271
12816,05/06/2020,Suffolk,349,35892,2668,106755,36103,316
12817,05/07/2020,Suffolk,331,36223,2357,109112,36103,306
12818,05/08/2020,Suffolk,238,36461,2227,111339,36103,270
12819,05/09/2020,Suffolk,241,36702,2556,113895,36103,229
12820,05/10/2020,Suffolk,209,36911,2014,115909,36103,200
12821,05/11/2020,Suffolk,151,37062,1964,117873,36103,201
12822,05/12/2020,Suffolk,243,37305,2950,120823,36103,211
12823,05/13/2020,Suffolk,239,37544,3229,124052,36103,219
12824,05/14/2020,Suffolk,175,37719,2777,126829,36103,212
12825,05/15/2020,Suffolk,223,37942,3048,129877,36103,191
12826,05/16/2020,Suffolk,175,38117,2818,132695,36103,168
12827,05/17/2020,Suffolk,107,38224,1948,134643,36103,128
12828,05/18/2020,Suffolk,103,38327,2118,136761,36103,98
12829,05/19/2020,Suffolk,84,38411,2416,139177,36103,109
12830,05/20/2020,Suffolk,142,38553,3623,142800,36103,115
12831,05/21/2020,Suffolk,119,38672,3022,145822,36103,130
12832,05/22/2020,Suffolk,130,38802,4005,149827,36103,137
12833,05/23/2020,Suffolk,162,38964,3865,153692,36103,139
12834,05/24/2020,Suffolk,126,39090,4010,157702,36103,132
12835,05/25/2020,Suffolk,109,39199,3241,160943,36103,98
12836,05/26/2020,Suffolk,59,39258,2492,163435,36103,89
12837,05/27/2020,Suffolk,101,39359,4482,167917,36103,82
12838,05/28/2020,Suffolk,86,39445,4591,172508,36103,91
12839,05/29/2020,Suffolk,87,39532,4388,176896,36103,94
12840,05/30/2020,Suffolk,111,39643,5138,182034,36103,86
12841,05/31/2020,Suffolk,62,39705,4294,186328,36103,149
12842,06/01/2020,Suffolk,275,39980,4365,190693,36103,139
12843,06/02/2020,Suffolk,82,40062,4840,195533,36103,149
12844,06/03/2020,Suffolk,91,40153,5178,200711,36103,86
12845,06/04/2020,Suffolk,86,40239,5202,205913,36103,72
12846,06/05/2020,Suffolk,39,40278,5505,211418,36103,58
12847,06/06/2020,Suffolk,51,40329,4582,216000,36103,46
12848,06/07/2020,Suffolk,48,40377,4833,220833,36103,49
12849,06/08/2020,Suffolk,49,40426,4098,224931,36103,45
12850,06/09/2020,Suffolk,38,40464,4099,229030,36103,45
12851,06/10/2020,Suffolk,48,40512,5079,234109,36103,44
12852,06/11/2020,Suffolk,47,40559,5206,239315,36103,50
12853,06/12/2020,Suffolk,56,40615,5879,245194,36103,49
12854,06/13/2020,Suffolk,44,40659,4243,249437,36103,44
12855,06/14/2020,Suffolk,33,40692,4110,253547,36103,41
12856,06/15/2020,Suffolk,46,40738,4866,258413,36103,37
12857,06/16/2020,Suffolk,32,40770,4086,262499,36103,39
12858,06/17/2020,Suffolk,40,40810,5476,267975,36103,42
12859,06/18/2020,Suffolk,54,40864,5570,273545,36103,46
12860,06/19/2020,Suffolk,44,40908,4391,277936,36103,54
12861,06/20/2020,Suffolk,64,40972,5243,283179,36103,48
12862,06/21/2020,Suffolk,38,41010,3952,287131,36103,49
12863,06/22/2020,Suffolk,46,41056,3530,290661,36103,43
12864,06/23/2020,Suffolk,45,41101,3941,294602,36103,47
12865,06/24/2020,Suffolk,50,41151,5529,300131,36103,50
12866,06/25/2020,Suffolk,57,41208,5076,305207,36103,50
12867,06/26/2020,Suffolk,45,41253,4615,309822,36103,51
12868,06/27/2020,Suffolk,53,41306,5095,314917,36103,43
12869,06/28/2020,Suffolk,33,41339,4481,319398,36103,44
12870,06/29/2020,Suffolk,46,41385,3312,322710,36103,40
12871,06/30/2020,Suffolk,42,41427,4047,326757,36103,50
12872,07/01/2020,Suffolk,64,41491,5730,332487,36103,51
12873,07/02/2020,Suffolk,47,41538,4791,337278,36103,52
12874,07/03/2020,Suffolk,47,41585,4110,341388,36103,50
12875,07/04/2020,Suffolk,57,41642,5933,347321,36103,49
12876,07/05/2020,Suffolk,43,41685,3812,351133,36103,48
12877,07/06/2020,Suffolk,45,41730,4226,355359,36103,52
12878,07/07/2020,Suffolk,69,41799,4108,359467,36103,54
12879,07/08/2020,Suffolk,50,41849,5372,364839,36103,60
12880,07/09/2020,Suffolk,62,41911,6245,371084,36103,62
12881,07/10/2020,Suffolk,76,41987,5490,376574,36103,59
12882,07/11/2020,Suffolk,41,42028,4260,380834,36103,67
12883,07/12/2020,Suffolk,84,42112,4517,385351,36103,75
12884,07/13/2020,Suffolk,102,42214,4795,390146,36103,79
12885,07/14/2020,Suffolk,53,42267,4756,394902,36103,73
12886,07/15/2020,Suffolk,66,42333,6205,401107,36103,56
12887,07/16/2020,Suffolk,49,42382,4822,405929,36103,57
12888,07/17/2020,Suffolk,58,42440,4671,410600,36103,44
12889,07/18/2020,Suffolk,26,42466,2755,413355,36103,38
12890,07/19/2020,Suffolk,30,42496,4235,417590,36103,45
12891,07/20/2020,Suffolk,79,42575,4508,422098,36103,51
12892,07/21/2020,Suffolk,46,42621,4070,426168,36103,73
12893,07/22/2020,Suffolk,94,42715,5525,431693,36103,66
12894,07/23/2020,Suffolk,58,42773,6010,437703,36103,67
12895,07/24/2020,Suffolk,49,42822,5594,443297,36103,56
12896,07/25/2020,Suffolk,61,42883,4214,447511,36103,64
12897,07/26/2020,Suffolk,84,42967,5292,452803,36103,67
12898,07/27/2020,Suffolk,57,43024,4926,457729,36103,67
12899,07/28/2020,Suffolk,60,43084,4399,462128,36103,67
12900,07/29/2020,Suffolk,86,43170,6247,468375,36103,66
12901,07/30/2020,Suffolk,54,43224,5371,473746,36103,72
12902,07/31/2020,Suffolk,76,43300,6595,480341,36103,58
12903,08/01/2020,Suffolk,45,43345,4797,485138,36103,57
12904,08/02/2020,Suffolk,50,43395,4339,489477,36103,56
12905,08/03/2020,Suffolk,73,43468,5697,495174,36103,69
12906,08/04/2020,Suffolk,85,43553,5570,500744,36103,78
12907,08/05/2020,Suffolk,77,43630,7082,507826,36103,71
12908,08/06/2020,Suffolk,51,43681,5537,513363,36103,65
12909,08/07/2020,Suffolk,68,43749,6401,519764,36103,52
12910,08/08/2020,Suffolk,37,43786,6048,525812,36103,54
12911,08/09/2020,Suffolk,58,43844,4029,529841,36103,48
12912,08/10/2020,Suffolk,49,43893,4999,534840,36103,54
12913,08/11/2020,Suffolk,55,43948,5030,539870,36103,47
12914,08/12/2020,Suffolk,39,43987,6363,546233,36103,50
12915,08/13/2020,Suffolk,58,44045,6154,552387,36103,53
12916,08/14/2020,Suffolk,64,44109,6312,558699,36103,57
12917,08/15/2020,Suffolk,50,44159,5886,564585,36103,46
12918,08/16/2020,Suffolk,26,44185,3839,568424,36103,42
12919,08/17/2020,Suffolk,50,44235,4631,573055,36103,48
12920,08/18/2020,Suffolk,70,44305,7334,580389,36103,56
12921,08/19/2020,Suffolk,48,44353,6779,587168,36103,55
12922,08/20/2020,Suffolk,47,44400,6908,594076,36103,50
12923,08/21/2020,Suffolk,56,44456,7213,601289,36103,48
12924,08/22/2020,Suffolk,42,44498,5256,606545,36103,39
12925,08/23/2020,Suffolk,21,44519,4910,611455,36103,35
12926,08/24/2020,Suffolk,42,44561,4505,615960,36103,35
12927,08/25/2020,Suffolk,44,44605,4955,620915,36103,40
12928,08/26/2020,Suffolk,36,44641,6990,627905,36103,39
12929,08/27/2020,Suffolk,37,44678,7132,635037,36103,35
12930,08/28/2020,Suffolk,34,44712,6415,641452,36103,40
12931,08/29/2020,Suffolk,51,44763,7199,648651,36103,47
12932,08/30/2020,Suffolk,57,44820,5198,653849,36103,57
12933,08/31/2020,Suffolk,65,44885,8045,661894,36103,59
12934,09/01/2020,Suffolk,55,44940,5761,667655,36103,62
12935,09/02/2020,Suffolk,66,45006,6644,674299,36103,72
12936,09/03/2020,Suffolk,96,45102,6039,680338,36103,86
12937,09/04/2020,Suffolk,98,45200,6619,686957,36103,84
12938,09/05/2020,Suffolk,58,45258,5274,692231,36103,67
12939,09/06/2020,Suffolk,46,45304,4364,696595,36103,52
12940,09/07/2020,Suffolk,52,45356,3680,700275,36103,51
12941,09/08/2020,Suffolk,55,45411,3080,703355,36103,53
12942,09/09/2020,Suffolk,52,45463,6741,710096,36103,59
12943,09/10/2020,Suffolk,71,45534,6839,716935,36103,68
12944,09/11/2020,Suffolk,81,45615,6077,723012,36103,73
12945,09/12/2020,Suffolk,68,45683,6000,729012,36103,60
12946,09/13/2020,Suffolk,31,45714,4905,733917,36103,56
12947,09/14/2020,Suffolk,71,45785,5634,739551,36103,53
12948,09/15/2020,Suffolk,58,45843,4753,744304,36103,67
12949,09/16/2020,Suffolk,72,45915,8319,752623,36103,57
12950,09/17/2020,Suffolk,41,45956,5925,758548,36103,55
12951,09/18/2020,Suffolk,54,46010,8053,766601,36103,48
12952,09/19/2020,Suffolk,51,46061,6712,773313,36103,51
12953,09/20/2020,Suffolk,48,46109,5208,778521,36103,55
12954,09/21/2020,Suffolk,67,46176,5863,784384,36103,49
12955,09/22/2020,Suffolk,32,46208,5254,789638,36103,44
12956,09/23/2020,Suffolk,33,46241,6408,796046,36103,39
12957,09/24/2020,Suffolk,52,46293,5646,801692,36103,45
12958,09/25/2020,Suffolk,52,46345,6759,808451,36103,48
12959,09/26/2020,Suffolk,42,46387,5435,813886,36103,45
12960,09/27/2020,Suffolk,41,46428,4697,818583,36103,39
12961,09/28/2020,Suffolk,36,46464,4300,822883,36103,43
12962,09/29/2020,Suffolk,53,46517,3988,826871,36103,45
12963,09/30/2020,Suffolk,46,46563,5924,832795,36103,67
12964,10/01/2020,Suffolk,104,46667,8609,841404,36103,84
12965,10/02/2020,Suffolk,103,46770,10195,851599,36103,93
12966,10/03/2020,Suffolk,72,46842,8656,860255,36103,74
12967,10/04/2020,Suffolk,49,46891,5724,865979,36103,70
12968,10/05/2020,Suffolk,89,46980,8563,874542,36103,82
12969,10/06/2020,Suffolk,109,47089,10845,885387,36103,101
12970,10/07/2020,Suffolk,107,47196,11812,897199,36103,101
12971,10/08/2020,Suffolk,89,47285,8946,906145,36103,89
12972,10/09/2020,Suffolk,72,47357,7703,913848,36103,78
12973,10/10/2020,Suffolk,74,47431,8565,922413,36103,69
12974,10/11/2020,Suffolk,62,47493,5651,928064,36103,68
12975,10/12/2020,Suffolk,68,47561,7109,935173,36103,66
12976,10/13/2020,Suffolk,69,47630,7745,942918,36103,72
12977,10/14/2020,Suffolk,81,47711,7801,950719,36103,84
12978,10/15/2020,Suffolk,104,47815,9276,959995,36103,103
12979,10/16/2020,Suffolk,126,47941,12149,972144,36103,106
12980,10/17/2020,Suffolk,88,48029,8887,981031,36103,88
12981,10/18/2020,Suffolk,51,48080,5554,986585,36103,60
12982,10/19/2020,Suffolk,41,48121,5978,992563,36103,68
12983,10/20/2020,Suffolk,113,48234,7837,1000400,36103,76
12984,10/21/2020,Suffolk,74,48308,8143,1008543,36103,92
12985,10/22/2020,Suffolk,91,48399,9115,1017658,36103,109
12986,10/23/2020,Suffolk,163,48562,9623,1027281,36103,118
12987,10/24/2020,Suffolk,101,48663,7576,1034857,36103,106
12988,10/25/2020,Suffolk,54,48717,5071,1039928,36103,89
12989,10/26/2020,Suffolk,112,48829,6767,1046695,36103,111
12990,10/27/2020,Suffolk,169,48998,8769,1055464,36103,160
12991,10/28/2020,Suffolk,200,49198,13426,1068890,36103,157
12992,10/29/2020,Suffolk,102,49300,9696,1078586,36103,132
12993,10/30/2020,Suffolk,96,49396,8488,1087074,36103,113
12994,10/31/2020,Suffolk,142,49538,10200,1097274,36103,101
12995,11/01/2020,Suffolk,66,49604,5501,1102775,36103,128
12996,11/02/2020,Suffolk,176,49780,9927,1112702,36103,105
12997,11/03/2020,Suffolk,74,49854,7486,1120188,36103,143
12998,11/04/2020,Suffolk,179,50033,10371,1130559,36103,143
12999,11/05/2020,Suffolk,177,50210,10332,1140891,36103,118
13000,03/01/2020,Sullivan,0,0,0,0,36105,0
13001,03/02/2020,Sullivan,0,0,0,0,36105,0
13002,03/03/2020,Sullivan,0,0,0,0,36105,0
13003,03/04/2020,Sullivan,0,0,0,0,36105,0
13004,03/05/2020,Sullivan,0,0,0,0,36105,0
13005,03/06/2020,Sullivan,0,0,0,0,36105,0
13006,03/07/2020,Sullivan,0,0,0,0,36105,0
13007,03/08/2020,Sullivan,0,0,0,0,36105,0
13008,03/09/2020,Sullivan,0,0,0,0,36105,0
13009,03/10/2020,Sullivan,0,0,0,0,36105,0
13010,03/11/2020,Sullivan,0,0,1,1,36105,0
13011,03/12/2020,Sullivan,0,0,0,1,36105,0
13012,03/13/2020,Sullivan,0,0,1,2,36105,0
13013,03/14/2020,Sullivan,0,0,7,9,36105,0
13014,03/15/2020,Sullivan,0,0,2,11,36105,0
13015,03/16/2020,Sullivan,1,1,9,20,36105,0
13016,03/17/2020,Sullivan,0,1,14,34,36105,1
13017,03/18/2020,Sullivan,2,3,23,57,36105,2
13018,03/19/2020,Sullivan,5,8,79,136,36105,3
13019,03/20/2020,Sullivan,4,12,42,178,36105,4
13020,03/21/2020,Sullivan,4,16,37,215,36105,5
13021,03/22/2020,Sullivan,7,23,83,298,36105,6
13022,03/23/2020,Sullivan,7,30,44,342,36105,7
13023,03/24/2020,Sullivan,9,39,23,365,36105,10
13024,03/25/2020,Sullivan,14,53,53,418,36105,11
13025,03/26/2020,Sullivan,11,64,62,480,36105,11
13026,03/27/2020,Sullivan,8,72,49,529,36105,11
13027,03/28/2020,Sullivan,16,88,91,620,36105,12
13028,03/29/2020,Sullivan,13,101,53,673,36105,12
13029,03/30/2020,Sullivan,8,109,33,706,36105,11
13030,03/31/2020,Sullivan,12,121,55,761,36105,14
13031,04/01/2020,Sullivan,22,143,96,857,36105,19
13032,04/02/2020,Sullivan,25,168,140,997,36105,24
13033,04/03/2020,Sullivan,25,193,133,1130,36105,30
13034,04/04/2020,Sullivan,41,234,153,1283,36105,28
13035,04/05/2020,Sullivan,19,253,91,1374,36105,25
13036,04/06/2020,Sullivan,17,270,77,1451,36105,15
13037,04/07/2020,Sullivan,9,279,56,1507,36105,13
13038,04/08/2020,Sullivan,15,294,60,1567,36105,16
13039,04/09/2020,Sullivan,24,318,115,1682,36105,20
13040,04/10/2020,Sullivan,22,340,99,1781,36105,21
13041,04/11/2020,Sullivan,18,358,65,1846,36105,20
13042,04/12/2020,Sullivan,22,380,73,1919,36105,25
13043,04/13/2020,Sullivan,35,415,133,2052,36105,22
13044,04/14/2020,Sullivan,9,424,37,2089,36105,19
13045,04/15/2020,Sullivan,13,437,39,2128,36105,30
13046,04/16/2020,Sullivan,68,505,192,2320,36105,33
13047,04/17/2020,Sullivan,19,524,92,2412,36105,33
13048,04/18/2020,Sullivan,13,537,38,2450,36105,13
13049,04/19/2020,Sullivan,7,544,30,2480,36105,10
13050,04/20/2020,Sullivan,11,555,44,2524,36105,8
13051,04/21/2020,Sullivan,6,561,45,2569,36105,12
13052,04/22/2020,Sullivan,19,580,52,2621,36105,24
13053,04/23/2020,Sullivan,48,628,253,2874,36105,42
13054,04/24/2020,Sullivan,61,689,296,3170,36105,48
13055,04/25/2020,Sullivan,35,724,160,3330,36105,40
13056,04/26/2020,Sullivan,24,748,120,3450,36105,26
13057,04/27/2020,Sullivan,21,769,77,3527,36105,29
13058,04/28/2020,Sullivan,42,811,114,3641,36105,30
13059,04/29/2020,Sullivan,27,838,102,3743,36105,37
13060,04/30/2020,Sullivan,42,880,122,3865,36105,40
13061,05/01/2020,Sullivan,51,931,128,3993,36105,37
13062,05/02/2020,Sullivan,20,951,105,4098,36105,32
13063,05/03/2020,Sullivan,25,976,106,4204,36105,17
13064,05/04/2020,Sullivan,8,984,111,4315,36105,15
13065,05/05/2020,Sullivan,12,996,99,4414,36105,15
13066,05/06/2020,Sullivan,25,1021,150,4564,36105,18
13067,05/07/2020,Sullivan,18,1039,90,4654,36105,25
13068,05/08/2020,Sullivan,32,1071,143,4797,36105,24
13069,05/09/2020,Sullivan,22,1093,115,4912,36105,23
13070,05/10/2020,Sullivan,16,1109,78,4990,36105,16
13071,05/11/2020,Sullivan,10,1119,95,5085,36105,14
13072,05/12/2020,Sullivan,16,1135,89,5174,36105,19
13073,05/13/2020,Sullivan,33,1168,178,5352,36105,23
13074,05/14/2020,Sullivan,21,1189,127,5479,36105,27
13075,05/15/2020,Sullivan,28,1217,176,5655,36105,21
13076,05/16/2020,Sullivan,14,1231,138,5793,36105,19
13077,05/17/2020,Sullivan,15,1246,133,5926,36105,13
13078,05/18/2020,Sullivan,12,1258,111,6037,36105,12
13079,05/19/2020,Sullivan,9,1267,116,6153,36105,11
13080,05/20/2020,Sullivan,14,1281,157,6310,36105,9
13081,05/21/2020,Sullivan,6,1287,158,6468,36105,10
13082,05/22/2020,Sullivan,10,1297,148,6616,36105,9
13083,05/23/2020,Sullivan,13,1310,155,6771,36105,12
13084,05/24/2020,Sullivan,14,1324,170,6941,36105,13
13085,05/25/2020,Sullivan,14,1338,238,7179,36105,10
13086,05/26/2020,Sullivan,2,1340,77,7256,36105,9
13087,05/27/2020,Sullivan,11,1351,209,7465,36105,8
13088,05/28/2020,Sullivan,13,1364,160,7625,36105,11
13089,05/29/2020,Sullivan,11,1375,254,7879,36105,12
13090,05/30/2020,Sullivan,12,1387,237,8116,36105,8
13091,05/31/2020,Sullivan,2,1389,145,8261,36105,5
13092,06/01/2020,Sullivan,3,1392,108,8369,36105,2
13093,06/02/2020,Sullivan,1,1393,155,8524,36105,5
13094,06/03/2020,Sullivan,12,1405,186,8710,36105,5
13095,06/04/2020,Sullivan,4,1409,167,8877,36105,6
13096,06/05/2020,Sullivan,2,1411,176,9053,36105,3
13097,06/06/2020,Sullivan,4,1415,177,9230,36105,2
13098,06/07/2020,Sullivan,2,1417,123,9353,36105,2
13099,06/08/2020,Sullivan,1,1418,152,9505,36105,3
13100,06/09/2020,Sullivan,7,1425,499,10004,36105,3
13101,06/10/2020,Sullivan,1,1426,272,10276,36105,3
13102,06/11/2020,Sullivan,2,1428,112,10388,36105,1
13103,06/12/2020,Sullivan,2,1430,299,10687,36105,1
13104,06/13/2020,Sullivan,0,1430,287,10974,36105,1
13105,06/14/2020,Sullivan,2,1432,76,11050,36105,1
13106,06/15/2020,Sullivan,1,1433,163,11213,36105,1
13107,06/16/2020,Sullivan,0,1433,189,11402,36105,0
13108,06/17/2020,Sullivan,1,1434,176,11578,36105,0
13109,06/18/2020,Sullivan,0,1434,206,11784,36105,0
13110,06/19/2020,Sullivan,1,1435,84,11868,36105,1
13111,06/20/2020,Sullivan,2,1437,139,12007,36105,1
13112,06/21/2020,Sullivan,1,1438,103,12110,36105,1
13113,06/22/2020,Sullivan,2,1440,262,12372,36105,3
13114,06/23/2020,Sullivan,7,1447,197,12569,36105,3
13115,06/24/2020,Sullivan,1,1448,176,12745,36105,3
13116,06/25/2020,Sullivan,1,1449,132,12877,36105,1
13117,06/26/2020,Sullivan,2,1451,142,13019,36105,1
13118,06/27/2020,Sullivan,0,1451,82,13101,36105,0
13119,06/28/2020,Sullivan,0,1451,89,13190,36105,0
13120,06/29/2020,Sullivan,0,1451,282,13472,36105,0
13121,06/30/2020,Sullivan,1,1452,205,13677,36105,0
13122,07/01/2020,Sullivan,1,1453,158,13835,36105,1
13123,07/02/2020,Sullivan,2,1455,288,14123,36105,1
13124,07/03/2020,Sullivan,1,1456,93,14216,36105,1
13125,07/04/2020,Sullivan,0,1456,129,14345,36105,0
13126,07/05/2020,Sullivan,1,1457,113,14458,36105,1
13127,07/06/2020,Sullivan,2,1459,122,14580,36105,1
13128,07/07/2020,Sullivan,1,1460,123,14703,36105,1
13129,07/08/2020,Sullivan,0,1460,138,14841,36105,1
13130,07/09/2020,Sullivan,4,1464,144,14985,36105,1
13131,07/10/2020,Sullivan,0,1464,164,15149,36105,1
13132,07/11/2020,Sullivan,1,1465,127,15276,36105,0
13133,07/12/2020,Sullivan,0,1465,70,15346,36105,0
13134,07/13/2020,Sullivan,1,1466,113,15459,36105,0
13135,07/14/2020,Sullivan,1,1467,217,15676,36105,1
13136,07/15/2020,Sullivan,2,1469,159,15835,36105,1
13137,07/16/2020,Sullivan,0,1469,161,15996,36105,2
13138,07/17/2020,Sullivan,4,1473,333,16329,36105,1
13139,07/18/2020,Sullivan,0,1473,124,16453,36105,1
13140,07/19/2020,Sullivan,0,1473,124,16577,36105,0
13141,07/20/2020,Sullivan,0,1473,166,16743,36105,0
13142,07/21/2020,Sullivan,0,1473,132,16875,36105,0
13143,07/22/2020,Sullivan,2,1475,258,17133,36105,0
13144,07/23/2020,Sullivan,0,1475,214,17347,36105,1
13145,07/24/2020,Sullivan,1,1476,170,17517,36105,0
13146,07/25/2020,Sullivan,0,1476,72,17589,36105,0
13147,07/26/2020,Sullivan,0,1476,87,17676,36105,0
13148,07/27/2020,Sullivan,0,1476,174,17850,36105,0
13149,07/28/2020,Sullivan,0,1476,179,18029,36105,1
13150,07/29/2020,Sullivan,3,1479,446,18475,36105,1
13151,07/30/2020,Sullivan,1,1480,99,18574,36105,2
13152,07/31/2020,Sullivan,3,1483,119,18693,36105,1
13153,08/01/2020,Sullivan,0,1483,62,18755,36105,1
13154,08/02/2020,Sullivan,0,1483,58,18813,36105,0
13155,08/03/2020,Sullivan,1,1484,260,19073,36105,0
13156,08/04/2020,Sullivan,1,1485,144,19217,36105,0
13157,08/05/2020,Sullivan,0,1485,116,19333,36105,1
13158,08/06/2020,Sullivan,3,1488,84,19417,36105,1
13159,08/07/2020,Sullivan,0,1488,103,19520,36105,1
13160,08/08/2020,Sullivan,1,1489,135,19655,36105,0
13161,08/09/2020,Sullivan,0,1489,63,19718,36105,0
13162,08/10/2020,Sullivan,1,1490,167,19885,36105,0
13163,08/11/2020,Sullivan,1,1491,243,20128,36105,0
13164,08/12/2020,Sullivan,0,1491,284,20412,36105,0
13165,08/13/2020,Sullivan,0,1491,240,20652,36105,0
13166,08/14/2020,Sullivan,2,1493,195,20847,36105,0
13167,08/15/2020,Sullivan,0,1493,101,20948,36105,0
13168,08/16/2020,Sullivan,0,1493,75,21023,36105,0
13169,08/17/2020,Sullivan,0,1493,125,21148,36105,0
13170,08/18/2020,Sullivan,1,1494,187,21335,36105,0
13171,08/19/2020,Sullivan,1,1495,179,21514,36105,0
13172,08/20/2020,Sullivan,0,1495,169,21683,36105,0
13173,08/21/2020,Sullivan,0,1495,146,21829,36105,0
13174,08/22/2020,Sullivan,0,1495,82,21911,36105,0
13175,08/23/2020,Sullivan,0,1495,89,22000,36105,1
13176,08/24/2020,Sullivan,4,1499,142,22142,36105,1
13177,08/25/2020,Sullivan,0,1499,164,22306,36105,3
13178,08/26/2020,Sullivan,7,1506,192,22498,36105,5
13179,08/27/2020,Sullivan,9,1515,399,22897,36105,5
13180,08/28/2020,Sullivan,1,1516,138,23035,36105,5
13181,08/29/2020,Sullivan,5,1521,276,23311,36105,4
13182,08/30/2020,Sullivan,8,1529,123,23434,36105,4
13183,08/31/2020,Sullivan,1,1530,146,23580,36105,4
13184,09/01/2020,Sullivan,4,1534,244,23824,36105,2
13185,09/02/2020,Sullivan,3,1537,224,24048,36105,3
13186,09/03/2020,Sullivan,3,1540,415,24463,36105,3
13187,09/04/2020,Sullivan,3,1543,199,24662,36105,2
13188,09/05/2020,Sullivan,0,1543,222,24884,36105,1
13189,09/06/2020,Sullivan,1,1544,77,24961,36105,0
13190,09/07/2020,Sullivan,0,1544,107,25068,36105,0
13191,09/08/2020,Sullivan,0,1544,137,25205,36105,1
13192,09/09/2020,Sullivan,4,1548,265,25470,36105,1
13193,09/10/2020,Sullivan,0,1548,455,25925,36105,1
13194,09/11/2020,Sullivan,1,1549,160,26085,36105,1
13195,09/12/2020,Sullivan,4,1553,160,26245,36105,3
13196,09/13/2020,Sullivan,4,1557,81,26326,36105,3
13197,09/14/2020,Sullivan,2,1559,254,26580,36105,2
13198,09/15/2020,Sullivan,2,1561,122,26702,36105,2
13199,09/16/2020,Sullivan,4,1565,277,26979,36105,3
13200,09/17/2020,Sullivan,3,1568,214,27193,36105,3
13201,09/18/2020,Sullivan,2,1570,199,27392,36105,2
13202,09/19/2020,Sullivan,1,1571,111,27503,36105,1
13203,09/20/2020,Sullivan,2,1573,98,27601,36105,1
13204,09/21/2020,Sullivan,0,1573,218,27819,36105,1
13205,09/22/2020,Sullivan,3,1576,179,27998,36105,2
13206,09/23/2020,Sullivan,4,1580,356,28354,36105,2
13207,09/24/2020,Sullivan,1,1581,199,28553,36105,2
13208,09/25/2020,Sullivan,2,1583,263,28816,36105,3
13209,09/26/2020,Sullivan,8,1591,186,29002,36105,4
13210,09/27/2020,Sullivan,3,1594,170,29172,36105,5
13211,09/28/2020,Sullivan,6,1600,295,29467,36105,4
13212,09/29/2020,Sullivan,4,1604,306,29773,36105,4
13213,09/30/2020,Sullivan,3,1607,219,29992,36105,3
13214,10/01/2020,Sullivan,3,1610,216,30208,36105,3
13215,10/02/2020,Sullivan,4,1614,314,30522,36105,2
13216,10/03/2020,Sullivan,1,1615,171,30693,36105,2
13217,10/04/2020,Sullivan,1,1616,145,30838,36105,3
13218,10/05/2020,Sullivan,7,1623,238,31076,36105,4
13219,10/06/2020,Sullivan,6,1629,332,31408,36105,5
13220,10/07/2020,Sullivan,4,1633,322,31730,36105,6
13221,10/08/2020,Sullivan,10,1643,411,32141,36105,5
13222,10/09/2020,Sullivan,2,1645,344,32485,36105,5
13223,10/10/2020,Sullivan,4,1649,235,32720,36105,2
13224,10/11/2020,Sullivan,1,1650,123,32843,36105,3
13225,10/12/2020,Sullivan,5,1655,326,33169,36105,3
13226,10/13/2020,Sullivan,4,1659,301,33470,36105,4
13227,10/14/2020,Sullivan,4,1663,253,33723,36105,4
13228,10/15/2020,Sullivan,5,1668,418,34141,36105,5
13229,10/16/2020,Sullivan,6,1674,365,34506,36105,4
13230,10/17/2020,Sullivan,1,1675,117,34623,36105,4
13231,10/18/2020,Sullivan,5,1680,110,34733,36105,2
13232,10/19/2020,Sullivan,2,1682,307,35040,36105,6
13233,10/20/2020,Sullivan,12,1694,244,35284,36105,9
13234,10/21/2020,Sullivan,15,1709,322,35606,36105,10
13235,10/22/2020,Sullivan,5,1714,261,35867,36105,10
13236,10/23/2020,Sullivan,11,1725,318,36185,36105,11
13237,10/24/2020,Sullivan,18,1743,320,36505,36105,12
13238,10/25/2020,Sullivan,7,1750,103,36608,36105,13
13239,10/26/2020,Sullivan,15,1765,290,36898,36105,12
13240,10/27/2020,Sullivan,14,1779,278,37176,36105,12
13241,10/28/2020,Sullivan,7,1786,581,37757,36105,11
13242,10/29/2020,Sullivan,14,1800,397,38154,36105,11
13243,10/30/2020,Sullivan,14,1814,357,38511,36105,10
13244,10/31/2020,Sullivan,4,1818,186,38697,36105,8
13245,11/01/2020,Sullivan,7,1825,191,38888,36105,7
13246,11/02/2020,Sullivan,12,1837,386,39274,36105,11
13247,11/03/2020,Sullivan,15,1852,312,39586,36105,12
13248,11/04/2020,Sullivan,10,1862,352,39938,36105,15
13249,11/05/2020,Sullivan,20,1882,688,40626,36105,10
13250,03/01/2020,Tioga,0,0,0,0,36107,0
13251,03/02/2020,Tioga,0,0,0,0,36107,0
13252,03/03/2020,Tioga,0,0,0,0,36107,0
13253,03/04/2020,Tioga,0,0,0,0,36107,0
13254,03/05/2020,Tioga,0,0,0,0,36107,0
13255,03/06/2020,Tioga,0,0,0,0,36107,0
13256,03/07/2020,Tioga,0,0,0,0,36107,0
13257,03/08/2020,Tioga,0,0,0,0,36107,0
13258,03/09/2020,Tioga,0,0,0,0,36107,0
13259,03/10/2020,Tioga,0,0,0,0,36107,0
13260,03/11/2020,Tioga,0,0,1,1,36107,0
13261,03/12/2020,Tioga,0,0,0,1,36107,0
13262,03/13/2020,Tioga,1,1,1,2,36107,0
13263,03/14/2020,Tioga,0,1,0,2,36107,0
13264,03/15/2020,Tioga,0,1,1,3,36107,0
13265,03/16/2020,Tioga,0,1,3,6,36107,0
13266,03/17/2020,Tioga,0,1,5,11,36107,0
13267,03/18/2020,Tioga,0,1,0,11,36107,0
13268,03/19/2020,Tioga,0,1,0,11,36107,0
13269,03/20/2020,Tioga,0,1,5,16,36107,0
13270,03/21/2020,Tioga,0,1,4,20,36107,0
13271,03/22/2020,Tioga,0,1,4,24,36107,0
13272,03/23/2020,Tioga,0,1,3,27,36107,0
13273,03/24/2020,Tioga,0,1,1,28,36107,0
13274,03/25/2020,Tioga,1,2,12,40,36107,0
13275,03/26/2020,Tioga,0,2,10,50,36107,1
13276,03/27/2020,Tioga,2,4,18,68,36107,0
13277,03/28/2020,Tioga,0,4,21,89,36107,0
13278,03/29/2020,Tioga,0,4,15,104,36107,1
13279,03/30/2020,Tioga,3,7,21,125,36107,1
13280,03/31/2020,Tioga,0,7,15,140,36107,1
13281,04/01/2020,Tioga,0,7,14,154,36107,0
13282,04/02/2020,Tioga,0,7,18,172,36107,0
13283,04/03/2020,Tioga,0,7,9,181,36107,0
13284,04/04/2020,Tioga,0,7,8,189,36107,0
13285,04/05/2020,Tioga,1,8,10,199,36107,0
13286,04/06/2020,Tioga,0,8,10,209,36107,1
13287,04/07/2020,Tioga,4,12,29,238,36107,3
13288,04/08/2020,Tioga,5,17,32,270,36107,3
13289,04/09/2020,Tioga,1,18,16,286,36107,2
13290,04/10/2020,Tioga,1,19,10,296,36107,0
13291,04/11/2020,Tioga,0,19,8,304,36107,0
13292,04/12/2020,Tioga,1,20,3,307,36107,1
13293,04/13/2020,Tioga,4,24,52,359,36107,2
13294,04/14/2020,Tioga,1,25,14,373,36107,2
13295,04/15/2020,Tioga,2,27,16,389,36107,2
13296,04/16/2020,Tioga,3,30,13,402,36107,2
13297,04/17/2020,Tioga,2,32,16,418,36107,2
13298,04/18/2020,Tioga,3,35,10,428,36107,2
13299,04/19/2020,Tioga,2,37,6,434,36107,1
13300,04/20/2020,Tioga,0,37,5,439,36107,1
13301,04/21/2020,Tioga,2,39,10,449,36107,1
13302,04/22/2020,Tioga,1,40,13,462,36107,1
13303,04/23/2020,Tioga,0,40,10,472,36107,10
13304,04/24/2020,Tioga,31,71,173,645,36107,10
13305,04/25/2020,Tioga,0,71,8,653,36107,10
13306,04/26/2020,Tioga,0,71,8,661,36107,3
13307,04/27/2020,Tioga,11,82,86,747,36107,4
13308,04/28/2020,Tioga,2,84,68,815,36107,5
13309,04/29/2020,Tioga,4,88,69,884,36107,2
13310,04/30/2020,Tioga,2,90,19,903,36107,2
13311,05/01/2020,Tioga,0,90,20,923,36107,0
13312,05/02/2020,Tioga,0,90,25,948,36107,0
13313,05/03/2020,Tioga,0,90,50,998,36107,0
13314,05/04/2020,Tioga,2,92,67,1065,36107,2
13315,05/05/2020,Tioga,4,96,76,1141,36107,2
13316,05/06/2020,Tioga,1,97,40,1181,36107,2
13317,05/07/2020,Tioga,2,99,40,1221,36107,2
13318,05/08/2020,Tioga,5,104,83,1304,36107,2
13319,05/09/2020,Tioga,1,105,31,1335,36107,2
13320,05/10/2020,Tioga,2,107,40,1375,36107,1
13321,05/11/2020,Tioga,0,107,35,1410,36107,1
13322,05/12/2020,Tioga,1,108,92,1502,36107,0
13323,05/13/2020,Tioga,0,108,59,1561,36107,1
13324,05/14/2020,Tioga,2,110,42,1603,36107,1
13325,05/15/2020,Tioga,2,112,57,1660,36107,1
13326,05/16/2020,Tioga,1,113,59,1719,36107,1
13327,05/17/2020,Tioga,0,113,82,1801,36107,0
13328,05/18/2020,Tioga,0,113,113,1914,36107,0
13329,05/19/2020,Tioga,1,114,106,2020,36107,1
13330,05/20/2020,Tioga,3,117,89,2109,36107,1
13331,05/21/2020,Tioga,1,118,105,2214,36107,2
13332,05/22/2020,Tioga,3,121,96,2310,36107,1
13333,05/23/2020,Tioga,1,122,79,2389,36107,1
13334,05/24/2020,Tioga,0,122,54,2443,36107,0
13335,05/25/2020,Tioga,0,122,45,2488,36107,0
13336,05/26/2020,Tioga,2,124,195,2683,36107,1
13337,05/27/2020,Tioga,2,126,132,2815,36107,1
13338,05/28/2020,Tioga,0,126,110,2925,36107,1
13339,05/29/2020,Tioga,2,128,141,3066,36107,1
13340,05/30/2020,Tioga,2,130,107,3173,36107,1
13341,05/31/2020,Tioga,0,130,44,3217,36107,1
13342,06/01/2020,Tioga,1,131,143,3360,36107,1
13343,06/02/2020,Tioga,2,133,123,3483,36107,1
13344,06/03/2020,Tioga,0,133,101,3584,36107,1
13345,06/04/2020,Tioga,1,134,140,3724,36107,0
13346,06/05/2020,Tioga,0,134,302,4026,36107,0
13347,06/06/2020,Tioga,0,134,146,4172,36107,0
13348,06/07/2020,Tioga,0,134,79,4251,36107,0
13349,06/08/2020,Tioga,0,134,166,4417,36107,0
13350,06/09/2020,Tioga,1,135,247,4664,36107,0
13351,06/10/2020,Tioga,0,135,159,4823,36107,1
13352,06/11/2020,Tioga,2,137,106,4929,36107,0
13353,06/12/2020,Tioga,0,137,162,5091,36107,1
13354,06/13/2020,Tioga,2,139,71,5162,36107,0
13355,06/14/2020,Tioga,0,139,71,5233,36107,1
13356,06/15/2020,Tioga,1,140,174,5407,36107,0
13357,06/16/2020,Tioga,0,140,70,5477,36107,0
13358,06/17/2020,Tioga,0,140,175,5652,36107,0
13359,06/18/2020,Tioga,0,140,123,5775,36107,0
13360,06/19/2020,Tioga,0,140,77,5852,36107,0
13361,06/20/2020,Tioga,0,140,60,5912,36107,0
13362,06/21/2020,Tioga,0,140,70,5982,36107,0
13363,06/22/2020,Tioga,1,141,186,6168,36107,0
13364,06/23/2020,Tioga,0,141,128,6296,36107,0
13365,06/24/2020,Tioga,0,141,151,6447,36107,0
13366,06/25/2020,Tioga,0,141,68,6515,36107,0
13367,06/26/2020,Tioga,1,142,131,6646,36107,0
13368,06/27/2020,Tioga,0,142,77,6723,36107,0
13369,06/28/2020,Tioga,0,142,51,6774,36107,0
13370,06/29/2020,Tioga,1,143,175,6949,36107,0
13371,06/30/2020,Tioga,0,143,107,7056,36107,0
13372,07/01/2020,Tioga,0,143,130,7186,36107,0
13373,07/02/2020,Tioga,0,143,108,7294,36107,0
13374,07/03/2020,Tioga,2,145,101,7395,36107,1
13375,07/04/2020,Tioga,1,146,101,7496,36107,1
13376,07/05/2020,Tioga,2,148,126,7622,36107,1
13377,07/06/2020,Tioga,2,150,105,7727,36107,1
13378,07/07/2020,Tioga,0,150,61,7788,36107,1
13379,07/08/2020,Tioga,1,151,110,7898,36107,3
13380,07/09/2020,Tioga,8,159,160,8058,36107,3
13381,07/10/2020,Tioga,1,160,126,8184,36107,3
13382,07/11/2020,Tioga,1,161,151,8335,36107,0
13383,07/12/2020,Tioga,0,161,83,8418,36107,0
13384,07/13/2020,Tioga,0,161,121,8539,36107,0
13385,07/14/2020,Tioga,2,163,208,8747,36107,0
13386,07/15/2020,Tioga,0,163,165,8912,36107,2
13387,07/16/2020,Tioga,5,168,101,9013,36107,2
13388,07/17/2020,Tioga,1,169,141,9154,36107,2
13389,07/18/2020,Tioga,1,170,104,9258,36107,1
13390,07/19/2020,Tioga,3,173,131,9389,36107,1
13391,07/20/2020,Tioga,1,174,110,9499,36107,1
13392,07/21/2020,Tioga,1,175,128,9627,36107,0
13393,07/22/2020,Tioga,0,175,129,9756,36107,0
13394,07/23/2020,Tioga,1,176,187,9943,36107,1
13395,07/24/2020,Tioga,2,178,131,10074,36107,1
13396,07/25/2020,Tioga,1,179,89,10163,36107,1
13397,07/26/2020,Tioga,1,180,145,10308,36107,0
13398,07/27/2020,Tioga,0,180,85,10393,36107,1
13399,07/28/2020,Tioga,3,183,129,10522,36107,1
13400,07/29/2020,Tioga,1,184,118,10640,36107,2
13401,07/30/2020,Tioga,3,187,150,10790,36107,1
13402,07/31/2020,Tioga,1,188,133,10923,36107,1
13403,08/01/2020,Tioga,1,189,70,10993,36107,1
13404,08/02/2020,Tioga,1,190,75,11068,36107,1
13405,08/03/2020,Tioga,1,191,171,11239,36107,1
13406,08/04/2020,Tioga,2,193,230,11469,36107,1
13407,08/05/2020,Tioga,0,193,100,11569,36107,0
13408,08/06/2020,Tioga,0,193,135,11704,36107,0
13409,08/07/2020,Tioga,0,193,153,11857,36107,0
13410,08/08/2020,Tioga,0,193,120,11977,36107,0
13411,08/09/2020,Tioga,0,193,103,12080,36107,0
13412,08/10/2020,Tioga,1,194,197,12277,36107,0
13413,08/11/2020,Tioga,0,194,124,12401,36107,0
13414,08/12/2020,Tioga,0,194,160,12561,36107,0
13415,08/13/2020,Tioga,1,195,204,12765,36107,0
13416,08/14/2020,Tioga,0,195,134,12899,36107,0
13417,08/15/2020,Tioga,0,195,95,12994,36107,0
13418,08/16/2020,Tioga,1,196,102,13096,36107,1
13419,08/17/2020,Tioga,2,198,130,13226,36107,1
13420,08/18/2020,Tioga,1,199,98,13324,36107,2
13421,08/19/2020,Tioga,4,203,165,13489,36107,1
13422,08/20/2020,Tioga,0,203,220,13709,36107,1
13423,08/21/2020,Tioga,1,204,205,13914,36107,1
13424,08/22/2020,Tioga,2,206,103,14017,36107,1
13425,08/23/2020,Tioga,0,206,99,14116,36107,0
13426,08/24/2020,Tioga,0,206,93,14209,36107,0
13427,08/25/2020,Tioga,0,206,110,14319,36107,0
13428,08/26/2020,Tioga,0,206,137,14456,36107,0
13429,08/27/2020,Tioga,1,207,199,14655,36107,0
13430,08/28/2020,Tioga,1,208,174,14829,36107,0
13431,08/29/2020,Tioga,0,208,117,14946,36107,0
13432,08/30/2020,Tioga,1,209,103,15049,36107,0
13433,08/31/2020,Tioga,0,209,68,15117,36107,0
13434,09/01/2020,Tioga,0,209,74,15191,36107,0
13435,09/02/2020,Tioga,1,210,96,15287,36107,0
13436,09/03/2020,Tioga,1,211,118,15405,36107,0
13437,09/04/2020,Tioga,0,211,232,15637,36107,0
13438,09/05/2020,Tioga,1,212,186,15823,36107,1
13439,09/06/2020,Tioga,2,214,79,15902,36107,1
13440,09/07/2020,Tioga,2,216,133,16035,36107,1
13441,09/08/2020,Tioga,1,217,81,16116,36107,1
13442,09/09/2020,Tioga,1,218,118,16234,36107,0
13443,09/10/2020,Tioga,0,218,198,16432,36107,0
13444,09/11/2020,Tioga,1,219,267,16699,36107,0
13445,09/12/2020,Tioga,0,219,115,16814,36107,1
13446,09/13/2020,Tioga,2,221,118,16932,36107,0
13447,09/14/2020,Tioga,0,221,198,17130,36107,0
13448,09/15/2020,Tioga,0,221,190,17320,36107,0
13449,09/16/2020,Tioga,0,221,249,17569,36107,0
13450,09/17/2020,Tioga,1,222,249,17818,36107,0
13451,09/18/2020,Tioga,0,222,287,18105,36107,1
13452,09/19/2020,Tioga,2,224,144,18249,36107,0
13453,09/20/2020,Tioga,0,224,65,18314,36107,1
13454,09/21/2020,Tioga,1,225,181,18495,36107,0
13455,09/22/2020,Tioga,0,225,223,18718,36107,1
13456,09/23/2020,Tioga,4,229,218,18936,36107,1
13457,09/24/2020,Tioga,0,229,346,19282,36107,3
13458,09/25/2020,Tioga,5,234,271,19553,36107,2
13459,09/26/2020,Tioga,1,235,142,19695,36107,2
13460,09/27/2020,Tioga,2,237,101,19796,36107,2
13461,09/28/2020,Tioga,5,242,172,19968,36107,4
13462,09/29/2020,Tioga,7,249,283,20251,36107,6
13463,09/30/2020,Tioga,7,256,309,20560,36107,6
13464,10/01/2020,Tioga,5,261,359,20919,36107,5
13465,10/02/2020,Tioga,3,264,342,21261,36107,6
13466,10/03/2020,Tioga,10,274,462,21723,36107,5
13467,10/04/2020,Tioga,4,278,211,21934,36107,6
13468,10/05/2020,Tioga,6,284,105,22039,36107,5
13469,10/06/2020,Tioga,7,291,446,22485,36107,8
13470,10/07/2020,Tioga,13,304,441,22926,36107,11
13471,10/08/2020,Tioga,15,319,439,23365,36107,14
13472,10/09/2020,Tioga,14,333,422,23787,36107,13
13473,10/10/2020,Tioga,12,345,364,24151,36107,11
13474,10/11/2020,Tioga,7,352,204,24355,36107,8
13475,10/12/2020,Tioga,6,358,285,24640,36107,8
13476,10/13/2020,Tioga,13,371,300,24940,36107,12
13477,10/14/2020,Tioga,19,390,442,25382,36107,18
13478,10/15/2020,Tioga,23,413,579,25961,36107,17
13479,10/16/2020,Tioga,11,424,295,26256,36107,15
13480,10/17/2020,Tioga,11,435,370,26626,36107,11
13481,10/18/2020,Tioga,13,448,220,26846,36107,11
13482,10/19/2020,Tioga,11,459,201,27047,36107,14
13483,10/20/2020,Tioga,19,478,297,27344,36107,18
13484,10/21/2020,Tioga,24,502,566,27910,36107,17
13485,10/22/2020,Tioga,10,512,363,28273,36107,23
13486,10/23/2020,Tioga,37,549,664,28937,36107,23
13487,10/24/2020,Tioga,23,572,507,29444,36107,25
13488,10/25/2020,Tioga,17,589,205,29649,36107,20
13489,10/26/2020,Tioga,21,610,374,30023,36107,19
13490,10/27/2020,Tioga,19,629,348,30371,36107,21
13491,10/28/2020,Tioga,24,653,349,30720,36107,20
13492,10/29/2020,Tioga,19,672,446,31166,36107,20
13493,10/30/2020,Tioga,17,689,528,31694,36107,15
13494,10/31/2020,Tioga,10,699,330,32024,36107,15
13495,11/01/2020,Tioga,18,717,221,32245,36107,14
13496,11/02/2020,Tioga,15,732,264,32509,36107,17
13497,11/03/2020,Tioga,18,750,275,32784,36107,19
13498,11/04/2020,Tioga,25,775,419,33203,36107,20
13499,11/05/2020,Tioga,17,792,346,33549,36107,14
13500,03/01/2020,Tompkins,0,0,0,0,36109,0
13501,03/02/2020,Tompkins,0,0,0,0,36109,0
13502,03/03/2020,Tompkins,0,0,0,0,36109,0
13503,03/04/2020,Tompkins,0,0,0,0,36109,0
13504,03/05/2020,Tompkins,0,0,0,0,36109,0
13505,03/06/2020,Tompkins,0,0,0,0,36109,0
13506,03/07/2020,Tompkins,0,0,0,0,36109,0
13507,03/08/2020,Tompkins,0,0,0,0,36109,0
13508,03/09/2020,Tompkins,0,0,1,1,36109,0
13509,03/10/2020,Tompkins,0,0,0,1,36109,0
13510,03/11/2020,Tompkins,0,0,2,3,36109,0
13511,03/12/2020,Tompkins,0,0,2,5,36109,0
13512,03/13/2020,Tompkins,1,1,5,10,36109,0
13513,03/14/2020,Tompkins,0,1,1,11,36109,0
13514,03/15/2020,Tompkins,0,1,4,15,36109,0
13515,03/16/2020,Tompkins,1,2,17,32,36109,0
13516,03/17/2020,Tompkins,1,3,11,43,36109,1
13517,03/18/2020,Tompkins,3,6,18,61,36109,1
13518,03/19/2020,Tompkins,1,7,7,68,36109,2
13519,03/20/2020,Tompkins,4,11,96,164,36109,2
13520,03/21/2020,Tompkins,2,13,76,240,36109,2
13521,03/22/2020,Tompkins,2,15,115,355,36109,1
13522,03/23/2020,Tompkins,1,16,111,466,36109,1
13523,03/24/2020,Tompkins,0,16,2,468,36109,2
13524,03/25/2020,Tompkins,6,22,89,557,36109,3
13525,03/26/2020,Tompkins,4,26,109,666,36109,9
13526,03/27/2020,Tompkins,19,45,182,848,36109,10
13527,03/28/2020,Tompkins,7,52,128,976,36109,13
13528,03/29/2020,Tompkins,14,66,157,1133,36109,7
13529,03/30/2020,Tompkins,0,66,18,1151,36109,5
13530,03/31/2020,Tompkins,2,68,15,1166,36109,2
13531,04/01/2020,Tompkins,6,74,126,1292,36109,6
13532,04/02/2020,Tompkins,10,84,160,1452,36109,5
13533,04/03/2020,Tompkins,1,85,81,1533,36109,4
13534,04/04/2020,Tompkins,3,88,52,1585,36109,3
13535,04/05/2020,Tompkins,6,94,94,1679,36109,4
13536,04/06/2020,Tompkins,3,97,23,1702,36109,3
13537,04/07/2020,Tompkins,2,99,85,1787,36109,3
13538,04/08/2020,Tompkins,6,105,299,2086,36109,2
13539,04/09/2020,Tompkins,0,105,24,2110,36109,3
13540,04/10/2020,Tompkins,3,108,135,2245,36109,1
13541,04/11/2020,Tompkins,1,109,77,2322,36109,1
13542,04/12/2020,Tompkins,1,110,31,2353,36109,1
13543,04/13/2020,Tompkins,2,112,104,2457,36109,2
13544,04/14/2020,Tompkins,3,115,44,2501,36109,2
13545,04/15/2020,Tompkins,1,116,73,2574,36109,1
13546,04/16/2020,Tompkins,1,117,36,2610,36109,0
13547,04/17/2020,Tompkins,0,117,44,2654,36109,0
13548,04/18/2020,Tompkins,0,117,41,2695,36109,0
13549,04/19/2020,Tompkins,2,119,47,2742,36109,0
13550,04/20/2020,Tompkins,0,119,4,2746,36109,0
13551,04/21/2020,Tompkins,0,119,12,2758,36109,0
13552,04/22/2020,Tompkins,0,119,95,2853,36109,0
13553,04/23/2020,Tompkins,2,121,108,2961,36109,2
13554,04/24/2020,Tompkins,5,126,308,3269,36109,2
13555,04/25/2020,Tompkins,0,126,44,3313,36109,1
13556,04/26/2020,Tompkins,0,126,47,3360,36109,0
13557,04/27/2020,Tompkins,0,126,13,3373,36109,0
13558,04/28/2020,Tompkins,1,127,119,3492,36109,0
13559,04/29/2020,Tompkins,1,128,19,3511,36109,0
13560,04/30/2020,Tompkins,0,128,61,3572,36109,0
13561,05/01/2020,Tompkins,0,128,118,3690,36109,0
13562,05/02/2020,Tompkins,1,129,27,3717,36109,0
13563,05/03/2020,Tompkins,0,129,126,3843,36109,0
13564,05/04/2020,Tompkins,0,129,52,3895,36109,0
13565,05/05/2020,Tompkins,0,129,104,3999,36109,0
13566,05/06/2020,Tompkins,1,130,188,4187,36109,0
13567,05/07/2020,Tompkins,1,131,187,4374,36109,1
13568,05/08/2020,Tompkins,1,132,619,4993,36109,0
13569,05/09/2020,Tompkins,0,132,95,5088,36109,0
13570,05/10/2020,Tompkins,0,132,86,5174,36109,0
13571,05/11/2020,Tompkins,0,132,91,5265,36109,1
13572,05/12/2020,Tompkins,4,136,175,5440,36109,1
13573,05/13/2020,Tompkins,0,136,103,5543,36109,1
13574,05/14/2020,Tompkins,0,136,112,5655,36109,0
13575,05/15/2020,Tompkins,2,138,331,5986,36109,1
13576,05/16/2020,Tompkins,1,139,421,6407,36109,1
13577,05/17/2020,Tompkins,2,141,412,6819,36109,1
13578,05/18/2020,Tompkins,1,142,446,7265,36109,2
13579,05/19/2020,Tompkins,3,145,219,7484,36109,1
13580,05/20/2020,Tompkins,0,145,199,7683,36109,1
13581,05/21/2020,Tompkins,2,147,291,7974,36109,1
13582,05/22/2020,Tompkins,2,149,410,8384,36109,2
13583,05/23/2020,Tompkins,2,151,246,8630,36109,2
13584,05/24/2020,Tompkins,3,154,267,8897,36109,1
13585,05/25/2020,Tompkins,0,154,48,8945,36109,1
13586,05/26/2020,Tompkins,1,155,264,9209,36109,0
13587,05/27/2020,Tompkins,1,156,110,9319,36109,1
13588,05/28/2020,Tompkins,1,157,425,9744,36109,2
13589,05/29/2020,Tompkins,4,161,264,10008,36109,2
13590,05/30/2020,Tompkins,3,164,389,10397,36109,2
13591,05/31/2020,Tompkins,0,164,149,10546,36109,1
13592,06/01/2020,Tompkins,0,164,168,10714,36109,0
13593,06/02/2020,Tompkins,1,165,203,10917,36109,0
13594,06/03/2020,Tompkins,0,165,206,11123,36109,1
13595,06/04/2020,Tompkins,2,167,171,11294,36109,2
13596,06/05/2020,Tompkins,4,171,1067,12361,36109,2
13597,06/06/2020,Tompkins,0,171,518,12879,36109,1
13598,06/07/2020,Tompkins,0,171,148,13027,36109,0
13599,06/08/2020,Tompkins,0,171,452,13479,36109,0
13600,06/09/2020,Tompkins,0,171,333,13812,36109,0
13601,06/10/2020,Tompkins,0,171,235,14047,36109,0
13602,06/11/2020,Tompkins,1,172,191,14238,36109,0
13603,06/12/2020,Tompkins,1,173,328,14566,36109,0
13604,06/13/2020,Tompkins,0,173,72,14638,36109,0
13605,06/14/2020,Tompkins,0,173,61,14699,36109,0
13606,06/15/2020,Tompkins,0,173,378,15077,36109,0
13607,06/16/2020,Tompkins,0,173,295,15372,36109,0
13608,06/17/2020,Tompkins,0,173,210,15582,36109,0
13609,06/18/2020,Tompkins,0,173,779,16361,36109,0
13610,06/19/2020,Tompkins,1,174,395,16756,36109,0
13611,06/20/2020,Tompkins,1,175,139,16895,36109,0
13612,06/21/2020,Tompkins,0,175,239,17134,36109,0
13613,06/22/2020,Tompkins,0,175,267,17401,36109,0
13614,06/23/2020,Tompkins,0,175,237,17638,36109,0
13615,06/24/2020,Tompkins,0,175,267,17905,36109,0
13616,06/25/2020,Tompkins,0,175,170,18075,36109,0
13617,06/26/2020,Tompkins,0,175,231,18306,36109,0
13618,06/27/2020,Tompkins,1,176,328,18634,36109,0
13619,06/28/2020,Tompkins,1,177,111,18745,36109,0
13620,06/29/2020,Tompkins,0,177,200,18945,36109,0
13621,06/30/2020,Tompkins,0,177,238,19183,36109,0
13622,07/01/2020,Tompkins,1,178,309,19492,36109,0
13623,07/02/2020,Tompkins,0,178,233,19725,36109,0
13624,07/03/2020,Tompkins,0,178,270,19995,36109,0
13625,07/04/2020,Tompkins,1,179,103,20098,36109,0
13626,07/05/2020,Tompkins,0,179,179,20277,36109,0
13627,07/06/2020,Tompkins,0,179,200,20477,36109,0
13628,07/07/2020,Tompkins,1,180,408,20885,36109,0
13629,07/08/2020,Tompkins,0,180,95,20980,36109,0
13630,07/09/2020,Tompkins,1,181,340,21320,36109,1
13631,07/10/2020,Tompkins,2,183,353,21673,36109,2
13632,07/11/2020,Tompkins,3,186,482,22155,36109,1
13633,07/12/2020,Tompkins,0,186,104,22259,36109,1
13634,07/13/2020,Tompkins,0,186,354,22613,36109,4
13635,07/14/2020,Tompkins,12,198,438,23051,36109,4
13636,07/15/2020,Tompkins,0,198,307,23358,36109,4
13637,07/16/2020,Tompkins,0,198,688,24046,36109,0
13638,07/17/2020,Tompkins,1,199,645,24691,36109,3
13639,07/18/2020,Tompkins,9,208,466,25157,36109,3
13640,07/19/2020,Tompkins,1,209,59,25216,36109,3
13641,07/20/2020,Tompkins,0,209,221,25437,36109,0
13642,07/21/2020,Tompkins,0,209,828,26265,36109,1
13643,07/22/2020,Tompkins,4,213,729,26994,36109,4
13644,07/23/2020,Tompkins,8,221,635,27629,36109,4
13645,07/24/2020,Tompkins,2,223,793,28422,36109,3
13646,07/25/2020,Tompkins,1,224,298,28720,36109,1
13647,07/26/2020,Tompkins,1,225,91,28811,36109,0
13648,07/27/2020,Tompkins,0,225,202,29013,36109,0
13649,07/28/2020,Tompkins,0,225,534,29547,36109,0
13650,07/29/2020,Tompkins,2,227,740,30287,36109,1
13651,07/30/2020,Tompkins,1,228,734,31021,36109,1
13652,07/31/2020,Tompkins,2,230,589,31610,36109,1
13653,08/01/2020,Tompkins,0,230,329,31939,36109,0
13654,08/02/2020,Tompkins,0,230,42,31981,36109,0
13655,08/03/2020,Tompkins,0,230,320,32301,36109,0
13656,08/04/2020,Tompkins,1,231,514,32815,36109,0
13657,08/05/2020,Tompkins,1,232,721,33536,36109,1
13658,08/06/2020,Tompkins,1,233,609,34145,36109,1
13659,08/07/2020,Tompkins,1,234,740,34885,36109,0
13660,08/08/2020,Tompkins,0,234,405,35290,36109,0
13661,08/09/2020,Tompkins,0,234,31,35321,36109,0
13662,08/10/2020,Tompkins,0,234,303,35624,36109,0
13663,08/11/2020,Tompkins,0,234,610,36234,36109,0
13664,08/12/2020,Tompkins,0,234,659,36893,36109,0
13665,08/13/2020,Tompkins,2,236,1099,37992,36109,1
13666,08/14/2020,Tompkins,2,238,1203,39195,36109,1
13667,08/15/2020,Tompkins,0,238,433,39628,36109,0
13668,08/16/2020,Tompkins,0,238,165,39793,36109,0
13669,08/17/2020,Tompkins,0,238,186,39979,36109,0
13670,08/18/2020,Tompkins,0,238,749,40728,36109,0
13671,08/19/2020,Tompkins,2,240,1401,42129,36109,2
13672,08/20/2020,Tompkins,4,244,2018,44147,36109,2
13673,08/21/2020,Tompkins,0,244,1364,45511,36109,1
13674,08/22/2020,Tompkins,0,244,837,46348,36109,0
13675,08/23/2020,Tompkins,0,244,653,47001,36109,0
13676,08/24/2020,Tompkins,1,245,1342,48343,36109,1
13677,08/25/2020,Tompkins,3,248,2713,51056,36109,1
13678,08/26/2020,Tompkins,1,249,1237,52293,36109,2
13679,08/27/2020,Tompkins,2,251,906,53199,36109,4
13680,08/28/2020,Tompkins,10,261,1782,54981,36109,5
13681,08/29/2020,Tompkins,3,264,2081,57062,36109,4
13682,08/30/2020,Tompkins,1,265,829,57891,36109,3
13683,08/31/2020,Tompkins,5,270,236,58127,36109,5
13684,09/01/2020,Tompkins,10,280,1707,59834,36109,12
13685,09/02/2020,Tompkins,23,303,480,60314,36109,12
13686,09/03/2020,Tompkins,5,308,530,60844,36109,13
13687,09/04/2020,Tompkins,13,321,7425,68269,36109,9
13688,09/05/2020,Tompkins,11,332,2868,71137,36109,10
13689,09/06/2020,Tompkins,7,339,3091,74228,36109,7
13690,09/07/2020,Tompkins,5,344,4157,78385,36109,4
13691,09/08/2020,Tompkins,2,346,3619,82004,36109,7
13692,09/09/2020,Tompkins,15,361,3995,85999,36109,8
13693,09/10/2020,Tompkins,8,369,4186,90185,36109,9
13694,09/11/2020,Tompkins,6,375,4884,95069,36109,6
13695,09/12/2020,Tompkins,6,381,3264,98333,36109,4
13696,09/13/2020,Tompkins,1,382,3013,101346,36109,3
13697,09/14/2020,Tompkins,2,384,4744,106090,36109,1
13698,09/15/2020,Tompkins,2,386,5383,111473,36109,2
13699,09/16/2020,Tompkins,2,388,5657,117130,36109,2
13700,09/17/2020,Tompkins,2,390,5661,122791,36109,2
13701,09/18/2020,Tompkins,4,394,5411,128202,36109,3
13702,09/19/2020,Tompkins,3,397,2274,130476,36109,2
13703,09/20/2020,Tompkins,1,398,1354,131830,36109,1
13704,09/21/2020,Tompkins,1,399,4504,136334,36109,2
13705,09/22/2020,Tompkins,6,405,5351,141685,36109,2
13706,09/23/2020,Tompkins,1,406,4729,146414,36109,3
13707,09/24/2020,Tompkins,2,408,5548,151962,36109,1
13708,09/25/2020,Tompkins,1,409,3228,155190,36109,2
13709,09/26/2020,Tompkins,4,413,2389,157579,36109,2
13710,09/27/2020,Tompkins,1,414,73,157652,36109,2
13711,09/28/2020,Tompkins,3,417,2631,160283,36109,2
13712,09/29/2020,Tompkins,4,421,8648,168931,36109,4
13713,09/30/2020,Tompkins,5,426,10801,179732,36109,5
13714,10/01/2020,Tompkins,6,432,10039,189771,36109,5
13715,10/02/2020,Tompkins,6,438,9108,198879,36109,6
13716,10/03/2020,Tompkins,7,445,10828,209707,36109,6
13717,10/04/2020,Tompkins,6,451,8669,218376,36109,5
13718,10/05/2020,Tompkins,4,455,4988,223364,36109,4
13719,10/06/2020,Tompkins,3,458,7336,230700,36109,4
13720,10/07/2020,Tompkins,7,465,10526,241226,36109,6
13721,10/08/2020,Tompkins,8,473,11929,253155,36109,6
13722,10/09/2020,Tompkins,3,476,11001,264156,36109,4
13723,10/10/2020,Tompkins,3,479,10409,274565,36109,2
13724,10/11/2020,Tompkins,2,481,8475,283040,36109,4
13725,10/12/2020,Tompkins,9,490,2785,285825,36109,9
13726,10/13/2020,Tompkins,17,507,13369,299194,36109,11
13727,10/14/2020,Tompkins,8,515,11718,310912,36109,11
13728,10/15/2020,Tompkins,8,523,8846,319758,36109,9
13729,10/16/2020,Tompkins,11,534,7652,327410,36109,8
13730,10/17/2020,Tompkins,6,540,11388,338798,36109,8
13731,10/18/2020,Tompkins,8,548,8303,347101,36109,7
13732,10/19/2020,Tompkins,8,556,5324,352425,36109,7
13733,10/20/2020,Tompkins,7,563,7827,360252,36109,10
13734,10/21/2020,Tompkins,16,579,11430,371682,36109,9
13735,10/22/2020,Tompkins,6,585,10011,381693,36109,10
13736,10/23/2020,Tompkins,8,593,11164,392857,36109,8
13737,10/24/2020,Tompkins,10,603,10288,403145,36109,7
13738,10/25/2020,Tompkins,3,606,8122,411267,36109,5
13739,10/26/2020,Tompkins,3,609,5741,417008,36109,5
13740,10/27/2020,Tompkins,10,619,8298,425306,36109,8
13741,10/28/2020,Tompkins,13,632,10597,435903,36109,10
13742,10/29/2020,Tompkins,7,639,10976,446879,36109,10
13743,10/30/2020,Tompkins,11,650,9041,455920,36109,8
13744,10/31/2020,Tompkins,6,656,10948,466868,36109,6
13745,11/01/2020,Tompkins,3,659,8383,475251,36109,3
13746,11/02/2020,Tompkins,1,660,5730,480981,36109,2
13747,11/03/2020,Tompkins,4,664,7999,488980,36109,5
13748,11/04/2020,Tompkins,11,675,9881,498861,36109,6
13749,11/05/2020,Tompkins,3,678,9864,508725,36109,4
13750,03/01/2020,Ulster,0,0,0,0,36111,0
13751,03/02/2020,Ulster,0,0,0,0,36111,0
13752,03/03/2020,Ulster,0,0,0,0,36111,0
13753,03/04/2020,Ulster,0,0,0,0,36111,0
13754,03/05/2020,Ulster,0,0,1,1,36111,0
13755,03/06/2020,Ulster,0,0,0,1,36111,0
13756,03/07/2020,Ulster,0,0,0,1,36111,0
13757,03/08/2020,Ulster,1,1,1,2,36111,0
13758,03/09/2020,Ulster,0,1,0,2,36111,0
13759,03/10/2020,Ulster,0,1,2,4,36111,0
13760,03/11/2020,Ulster,1,2,1,5,36111,1
13761,03/12/2020,Ulster,3,5,6,11,36111,1
13762,03/13/2020,Ulster,0,5,3,14,36111,1
13763,03/14/2020,Ulster,0,5,30,44,36111,0
13764,03/15/2020,Ulster,2,7,16,60,36111,1
13765,03/16/2020,Ulster,1,8,12,72,36111,1
13766,03/17/2020,Ulster,1,9,15,87,36111,1
13767,03/18/2020,Ulster,1,10,41,128,36111,1
13768,03/19/2020,Ulster,2,12,62,190,36111,3
13769,03/20/2020,Ulster,6,18,70,260,36111,5
13770,03/21/2020,Ulster,8,26,145,405,36111,7
13771,03/22/2020,Ulster,9,35,54,459,36111,9
13772,03/23/2020,Ulster,12,47,117,576,36111,13
13773,03/24/2020,Ulster,18,65,81,657,36111,14
13774,03/25/2020,Ulster,13,78,71,728,36111,17
13775,03/26/2020,Ulster,21,99,83,811,36111,21
13776,03/27/2020,Ulster,29,128,124,935,36111,22
13777,03/28/2020,Ulster,18,146,82,1017,36111,30
13778,03/29/2020,Ulster,44,190,194,1211,36111,27
13779,03/30/2020,Ulster,21,211,123,1334,36111,25
13780,03/31/2020,Ulster,10,221,51,1385,36111,16
13781,04/01/2020,Ulster,19,240,118,1503,36111,17
13782,04/02/2020,Ulster,23,263,125,1628,36111,23
13783,04/03/2020,Ulster,27,290,141,1769,36111,30
13784,04/04/2020,Ulster,42,332,188,1957,36111,36
13785,04/05/2020,Ulster,40,372,182,2139,36111,36
13786,04/06/2020,Ulster,26,398,117,2256,36111,30
13787,04/07/2020,Ulster,24,422,108,2364,36111,29
13788,04/08/2020,Ulster,38,460,227,2591,36111,44
13789,04/09/2020,Ulster,70,530,436,3027,36111,55
13790,04/10/2020,Ulster,59,589,358,3385,36111,50
13791,04/11/2020,Ulster,23,612,239,3624,36111,33
13792,04/12/2020,Ulster,18,630,242,3866,36111,33
13793,04/13/2020,Ulster,60,690,424,4290,36111,40
13794,04/14/2020,Ulster,43,733,259,4549,36111,43
13795,04/15/2020,Ulster,28,761,189,4738,36111,32
13796,04/16/2020,Ulster,27,788,142,4880,36111,29
13797,04/17/2020,Ulster,32,820,239,5119,36111,31
13798,04/18/2020,Ulster,34,854,170,5289,36111,29
13799,04/19/2020,Ulster,23,877,167,5456,36111,24
13800,04/20/2020,Ulster,16,893,85,5541,36111,19
13801,04/21/2020,Ulster,20,913,110,5651,36111,21
13802,04/22/2020,Ulster,29,942,152,5803,36111,27
13803,04/23/2020,Ulster,34,976,208,6011,36111,84
13804,04/24/2020,Ulster,190,1166,928,6939,36111,82
13805,04/25/2020,Ulster,24,1190,207,7146,36111,81
13806,04/26/2020,Ulster,29,1219,198,7344,36111,21
13807,04/27/2020,Ulster,11,1230,94,7438,36111,20
13808,04/28/2020,Ulster,22,1252,335,7773,36111,20
13809,04/29/2020,Ulster,27,1279,309,8082,36111,22
13810,04/30/2020,Ulster,19,1298,336,8418,36111,25
13811,05/01/2020,Ulster,29,1327,362,8780,36111,20
13812,05/02/2020,Ulster,14,1341,256,9036,36111,18
13813,05/03/2020,Ulster,13,1354,198,9234,36111,10
13814,05/04/2020,Ulster,3,1357,104,9338,36111,14
13815,05/05/2020,Ulster,26,1383,272,9610,36111,20
13816,05/06/2020,Ulster,33,1416,298,9908,36111,24
13817,05/07/2020,Ulster,13,1429,276,10184,36111,19
13818,05/08/2020,Ulster,11,1440,195,10379,36111,11
13819,05/09/2020,Ulster,10,1450,210,10589,36111,8
13820,05/10/2020,Ulster,4,1454,135,10724,36111,8
13821,05/11/2020,Ulster,11,1465,96,10820,36111,10
13822,05/12/2020,Ulster,16,1481,314,11134,36111,13
13823,05/13/2020,Ulster,14,1495,536,11670,36111,15
13824,05/14/2020,Ulster,16,1511,431,12101,36111,18
13825,05/15/2020,Ulster,26,1537,398,12499,36111,19
13826,05/16/2020,Ulster,15,1552,345,12844,36111,15
13827,05/17/2020,Ulster,5,1557,227,13071,36111,9
13828,05/18/2020,Ulster,8,1565,177,13248,36111,6
13829,05/19/2020,Ulster,6,1571,284,13532,36111,9
13830,05/20/2020,Ulster,13,1584,799,14331,36111,10
13831,05/21/2020,Ulster,11,1595,552,14883,36111,11
13832,05/22/2020,Ulster,11,1606,418,15301,36111,11
13833,05/23/2020,Ulster,11,1617,470,15771,36111,12
13834,05/24/2020,Ulster,15,1632,590,16361,36111,10
13835,05/25/2020,Ulster,6,1638,162,16523,36111,9
13836,05/26/2020,Ulster,7,1645,355,16878,36111,8
13837,05/27/2020,Ulster,13,1658,556,17434,36111,8
13838,05/28/2020,Ulster,5,1663,683,18117,36111,11
13839,05/29/2020,Ulster,15,1678,746,18863,36111,9
13840,05/30/2020,Ulster,7,1685,529,19392,36111,9
13841,05/31/2020,Ulster,6,1691,538,19930,36111,6
13842,06/01/2020,Ulster,5,1696,327,20257,36111,5
13843,06/02/2020,Ulster,5,1701,504,20761,36111,4
13844,06/03/2020,Ulster,3,1704,617,21378,36111,5
13845,06/04/2020,Ulster,7,1711,1121,22499,36111,4
13846,06/05/2020,Ulster,3,1714,776,23275,36111,4
13847,06/06/2020,Ulster,4,1718,600,23875,36111,3
13848,06/07/2020,Ulster,3,1721,644,24519,36111,3
13849,06/08/2020,Ulster,3,1724,403,24922,36111,2
13850,06/09/2020,Ulster,2,1726,402,25324,36111,2
13851,06/10/2020,Ulster,3,1729,609,25933,36111,3
13852,06/11/2020,Ulster,5,1734,731,26664,36111,4
13853,06/12/2020,Ulster,5,1739,666,27330,36111,4
13854,06/13/2020,Ulster,2,1741,506,27836,36111,2
13855,06/14/2020,Ulster,0,1741,502,28338,36111,1
13856,06/15/2020,Ulster,1,1742,546,28884,36111,1
13857,06/16/2020,Ulster,2,1744,578,29462,36111,1
13858,06/17/2020,Ulster,2,1746,740,30202,36111,2
13859,06/18/2020,Ulster,3,1749,820,31022,36111,2
13860,06/19/2020,Ulster,1,1750,560,31582,36111,2
13861,06/20/2020,Ulster,4,1754,706,32288,36111,2
13862,06/21/2020,Ulster,2,1756,583,32871,36111,2
13863,06/22/2020,Ulster,1,1757,312,33183,36111,2
13864,06/23/2020,Ulster,3,1760,262,33445,36111,3
13865,06/24/2020,Ulster,5,1765,762,34207,36111,3
13866,06/25/2020,Ulster,3,1768,715,34922,36111,4
13867,06/26/2020,Ulster,5,1773,902,35824,36111,4
13868,06/27/2020,Ulster,5,1778,541,36365,36111,3
13869,06/28/2020,Ulster,0,1778,359,36724,36111,2
13870,06/29/2020,Ulster,3,1781,367,37091,36111,1
13871,06/30/2020,Ulster,1,1782,617,37708,36111,4
13872,07/01/2020,Ulster,8,1790,581,38289,36111,11
13873,07/02/2020,Ulster,25,1815,768,39057,36111,14
13874,07/03/2020,Ulster,10,1825,564,39621,36111,14
13875,07/04/2020,Ulster,9,1834,698,40319,36111,8
13876,07/05/2020,Ulster,6,1840,507,40826,36111,6
13877,07/06/2020,Ulster,3,1843,472,41298,36111,3
13878,07/07/2020,Ulster,2,1845,371,41669,36111,3
13879,07/08/2020,Ulster,6,1851,690,42359,36111,3
13880,07/09/2020,Ulster,2,1853,659,43018,36111,3
13881,07/10/2020,Ulster,2,1855,636,43654,36111,2
13882,07/11/2020,Ulster,4,1859,430,44084,36111,3
13883,07/12/2020,Ulster,3,1862,447,44531,36111,5
13884,07/13/2020,Ulster,10,1872,525,45056,36111,9
13885,07/14/2020,Ulster,16,1888,823,45879,36111,10
13886,07/15/2020,Ulster,6,1894,658,46537,36111,8
13887,07/16/2020,Ulster,4,1898,734,47271,36111,4
13888,07/17/2020,Ulster,2,1900,817,48088,36111,2
13889,07/18/2020,Ulster,1,1901,345,48433,36111,1
13890,07/19/2020,Ulster,0,1901,444,48877,36111,2
13891,07/20/2020,Ulster,5,1906,626,49503,36111,2
13892,07/21/2020,Ulster,3,1909,540,50043,36111,3
13893,07/22/2020,Ulster,2,1911,586,50629,36111,2
13894,07/23/2020,Ulster,1,1912,598,51227,36111,2
13895,07/24/2020,Ulster,4,1916,579,51806,36111,4
13896,07/25/2020,Ulster,9,1925,540,52346,36111,4
13897,07/26/2020,Ulster,1,1926,423,52769,36111,8
13898,07/27/2020,Ulster,16,1942,796,53565,36111,16
13899,07/28/2020,Ulster,31,1973,644,54209,36111,28
13900,07/29/2020,Ulster,37,2010,967,55176,36111,26
13901,07/30/2020,Ulster,11,2021,851,56027,36111,17
13902,07/31/2020,Ulster,5,2026,642,56669,36111,6
13903,08/01/2020,Ulster,2,2028,394,57063,36111,3
13904,08/02/2020,Ulster,3,2031,440,57503,36111,4
13905,08/03/2020,Ulster,8,2039,526,58029,36111,3
13906,08/04/2020,Ulster,0,2039,407,58436,36111,4
13907,08/05/2020,Ulster,6,2045,663,59099,36111,3
13908,08/06/2020,Ulster,4,2049,637,59736,36111,6
13909,08/07/2020,Ulster,8,2057,577,60313,36111,5
13910,08/08/2020,Ulster,5,2062,669,60982,36111,7
13911,08/09/2020,Ulster,10,2072,480,61462,36111,6
13912,08/10/2020,Ulster,4,2076,479,61941,36111,5
13913,08/11/2020,Ulster,1,2077,409,62350,36111,3
13914,08/12/2020,Ulster,4,2081,654,63004,36111,3
13915,08/13/2020,Ulster,5,2086,595,63599,36111,4
13916,08/14/2020,Ulster,3,2089,981,64580,36111,4
13917,08/15/2020,Ulster,6,2095,715,65295,36111,4
13918,08/16/2020,Ulster,3,2098,345,65640,36111,3
13919,08/17/2020,Ulster,2,2100,489,66129,36111,3
13920,08/18/2020,Ulster,6,2106,729,66858,36111,5
13921,08/19/2020,Ulster,7,2113,663,67521,36111,5
13922,08/20/2020,Ulster,2,2115,741,68262,36111,6
13923,08/21/2020,Ulster,11,2126,563,68825,36111,4
13924,08/22/2020,Ulster,1,2127,593,69418,36111,6
13925,08/23/2020,Ulster,7,2134,482,69900,36111,3
13926,08/24/2020,Ulster,3,2137,530,70430,36111,4
13927,08/25/2020,Ulster,4,2141,581,71011,36111,6
13928,08/26/2020,Ulster,11,2152,937,71948,36111,6
13929,08/27/2020,Ulster,3,2155,692,72640,36111,7
13930,08/28/2020,Ulster,7,2162,899,73539,36111,5
13931,08/29/2020,Ulster,6,2168,973,74512,36111,6
13932,08/30/2020,Ulster,7,2175,608,75120,36111,4
13933,08/31/2020,Ulster,1,2176,619,75739,36111,3
13934,09/01/2020,Ulster,2,2178,865,76604,36111,5
13935,09/02/2020,Ulster,12,2190,1057,77661,36111,6
13936,09/03/2020,Ulster,6,2196,679,78340,36111,7
13937,09/04/2020,Ulster,3,2199,722,79062,36111,3
13938,09/05/2020,Ulster,2,2201,762,79824,36111,2
13939,09/06/2020,Ulster,2,2203,534,80358,36111,1
13940,09/07/2020,Ulster,0,2203,292,80650,36111,0
13941,09/08/2020,Ulster,0,2203,469,81119,36111,0
13942,09/09/2020,Ulster,1,2204,529,81648,36111,2
13943,09/10/2020,Ulster,5,2209,811,82459,36111,4
13944,09/11/2020,Ulster,6,2215,677,83136,36111,4
13945,09/12/2020,Ulster,3,2218,730,83866,36111,3
13946,09/13/2020,Ulster,1,2219,487,84353,36111,3
13947,09/14/2020,Ulster,6,2225,453,84806,36111,3
13948,09/15/2020,Ulster,4,2229,481,85287,36111,4
13949,09/16/2020,Ulster,2,2231,661,85948,36111,3
13950,09/17/2020,Ulster,4,2235,597,86545,36111,3
13951,09/18/2020,Ulster,4,2239,729,87274,36111,3
13952,09/19/2020,Ulster,3,2242,677,87951,36111,2
13953,09/20/2020,Ulster,0,2242,445,88396,36111,1
13954,09/21/2020,Ulster,2,2244,500,88896,36111,0
13955,09/22/2020,Ulster,0,2244,426,89322,36111,4
13956,09/23/2020,Ulster,10,2254,708,90030,36111,3
13957,09/24/2020,Ulster,1,2255,632,90662,36111,4
13958,09/25/2020,Ulster,1,2256,810,91472,36111,2
13959,09/26/2020,Ulster,4,2260,631,92103,36111,3
13960,09/27/2020,Ulster,4,2264,406,92509,36111,5
13961,09/28/2020,Ulster,8,2272,837,93346,36111,6
13962,09/29/2020,Ulster,8,2280,516,93862,36111,6
13963,09/30/2020,Ulster,2,2282,839,94701,36111,7
13964,10/01/2020,Ulster,11,2293,867,95568,36111,7
13965,10/02/2020,Ulster,10,2303,720,96288,36111,11
13966,10/03/2020,Ulster,12,2315,975,97263,36111,10
13967,10/04/2020,Ulster,9,2324,512,97775,36111,8
13968,10/05/2020,Ulster,5,2329,508,98283,36111,6
13969,10/06/2020,Ulster,6,2335,840,99123,36111,6
13970,10/07/2020,Ulster,8,2343,1182,100305,36111,6
13971,10/08/2020,Ulster,6,2349,1100,101405,36111,6
13972,10/09/2020,Ulster,6,2355,919,102324,36111,5
13973,10/10/2020,Ulster,3,2358,1077,103401,36111,5
13974,10/11/2020,Ulster,8,2366,985,104386,36111,7
13975,10/12/2020,Ulster,11,2377,537,104923,36111,9
13976,10/13/2020,Ulster,9,2386,612,105535,36111,8
13977,10/14/2020,Ulster,6,2392,1140,106675,36111,6
13978,10/15/2020,Ulster,3,2395,921,107596,36111,5
13979,10/16/2020,Ulster,7,2402,1242,108838,36111,6
13980,10/17/2020,Ulster,9,2411,896,109734,36111,6
13981,10/18/2020,Ulster,4,2415,979,110713,36111,5
13982,10/19/2020,Ulster,4,2419,773,111486,36111,5
13983,10/20/2020,Ulster,9,2428,502,111988,36111,7
13984,10/21/2020,Ulster,8,2436,996,112984,36111,10
13985,10/22/2020,Ulster,14,2450,947,113931,36111,10
13986,10/23/2020,Ulster,9,2459,963,114894,36111,11
13987,10/24/2020,Ulster,12,2471,781,115675,36111,16
13988,10/25/2020,Ulster,29,2500,545,116220,36111,18
13989,10/26/2020,Ulster,15,2515,1100,117320,36111,15
13990,10/27/2020,Ulster,3,2518,583,117903,36111,10
13991,10/28/2020,Ulster,13,2531,1156,119059,36111,7
13992,10/29/2020,Ulster,7,2538,836,119895,36111,9
13993,10/30/2020,Ulster,9,2547,1054,120949,36111,8
13994,10/31/2020,Ulster,9,2556,1277,122226,36111,7
13995,11/01/2020,Ulster,3,2559,844,123070,36111,7
13996,11/02/2020,Ulster,9,2568,782,123852,36111,6
13997,11/03/2020,Ulster,7,2575,782,124634,36111,9
13998,11/04/2020,Ulster,13,2588,960,125594,36111,10
13999,11/05/2020,Ulster,11,2599,1074,126668,36111,8
14000,03/01/2020,Warren,0,0,0,0,36113,0
14001,03/02/2020,Warren,0,0,0,0,36113,0
14002,03/03/2020,Warren,0,0,0,0,36113,0
14003,03/04/2020,Warren,0,0,0,0,36113,0
14004,03/05/2020,Warren,0,0,0,0,36113,0
14005,03/06/2020,Warren,0,0,0,0,36113,0
14006,03/07/2020,Warren,0,0,1,1,36113,0
14007,03/08/2020,Warren,0,0,0,1,36113,0
14008,03/09/2020,Warren,0,0,0,1,36113,0
14009,03/10/2020,Warren,0,0,2,3,36113,0
14010,03/11/2020,Warren,0,0,1,4,36113,0
14011,03/12/2020,Warren,0,0,0,4,36113,0
14012,03/13/2020,Warren,0,0,2,6,36113,0
14013,03/14/2020,Warren,0,0,13,19,36113,0
14014,03/15/2020,Warren,0,0,12,31,36113,0
14015,03/16/2020,Warren,0,0,14,45,36113,0
14016,03/17/2020,Warren,1,1,16,61,36113,0
14017,03/18/2020,Warren,0,1,8,69,36113,0
14018,03/19/2020,Warren,0,1,17,86,36113,0
14019,03/20/2020,Warren,0,1,31,117,36113,0
14020,03/21/2020,Warren,0,1,28,145,36113,0
14021,03/22/2020,Warren,1,2,81,226,36113,0
14022,03/23/2020,Warren,0,2,8,234,36113,0
14023,03/24/2020,Warren,0,2,52,286,36113,0
14024,03/25/2020,Warren,0,2,16,302,36113,2
14025,03/26/2020,Warren,6,8,54,356,36113,3
14026,03/27/2020,Warren,5,13,59,415,36113,5
14027,03/28/2020,Warren,5,18,38,453,36113,3
14028,03/29/2020,Warren,0,18,3,456,36113,1
14029,03/30/2020,Warren,0,18,6,462,36113,0
14030,03/31/2020,Warren,0,18,7,469,36113,0
14031,04/01/2020,Warren,0,18,9,478,36113,0
14032,04/02/2020,Warren,1,19,11,489,36113,0
14033,04/03/2020,Warren,1,20,7,496,36113,2
14034,04/04/2020,Warren,5,25,13,509,36113,2
14035,04/05/2020,Warren,1,26,12,521,36113,3
14036,04/06/2020,Warren,5,31,15,536,36113,2
14037,04/07/2020,Warren,2,33,14,550,36113,4
14038,04/08/2020,Warren,7,40,31,581,36113,4
14039,04/09/2020,Warren,3,43,21,602,36113,3
14040,04/10/2020,Warren,1,44,17,619,36113,2
14041,04/11/2020,Warren,2,46,20,639,36113,1
14042,04/12/2020,Warren,2,48,18,657,36113,11
14043,04/13/2020,Warren,29,77,67,724,36113,10
14044,04/14/2020,Warren,0,77,7,731,36113,11
14045,04/15/2020,Warren,4,81,35,766,36113,4
14046,04/16/2020,Warren,10,91,41,807,36113,5
14047,04/17/2020,Warren,3,94,38,845,36113,5
14048,04/18/2020,Warren,2,96,27,872,36113,3
14049,04/19/2020,Warren,5,101,20,892,36113,2
14050,04/20/2020,Warren,1,102,13,905,36113,4
14051,04/21/2020,Warren,6,108,33,938,36113,6
14052,04/22/2020,Warren,11,119,40,978,36113,6
14053,04/23/2020,Warren,3,122,38,1016,36113,8
14054,04/24/2020,Warren,10,132,94,1110,36113,5
14055,04/25/2020,Warren,3,135,61,1171,36113,8
14056,04/26/2020,Warren,12,147,60,1231,36113,6
14057,04/27/2020,Warren,3,150,25,1256,36113,5
14058,04/28/2020,Warren,2,152,12,1268,36113,9
14059,04/29/2020,Warren,24,176,105,1373,36113,10
14060,04/30/2020,Warren,6,182,94,1467,36113,11
14061,05/01/2020,Warren,3,185,66,1533,36113,4
14062,05/02/2020,Warren,3,188,43,1576,36113,3
14063,05/03/2020,Warren,4,192,53,1629,36113,2
14064,05/04/2020,Warren,0,192,34,1663,36113,1
14065,05/05/2020,Warren,1,193,22,1685,36113,0
14066,05/06/2020,Warren,0,193,44,1729,36113,2
14067,05/07/2020,Warren,6,199,72,1801,36113,3
14068,05/08/2020,Warren,3,202,97,1898,36113,4
14069,05/09/2020,Warren,5,207,149,2047,36113,6
14070,05/10/2020,Warren,10,217,90,2137,36113,6
14071,05/11/2020,Warren,4,221,40,2177,36113,5
14072,05/12/2020,Warren,2,223,127,2304,36113,3
14073,05/13/2020,Warren,4,227,192,2496,36113,2
14074,05/14/2020,Warren,1,228,137,2633,36113,1
14075,05/15/2020,Warren,0,228,116,2749,36113,1
14076,05/16/2020,Warren,4,232,205,2954,36113,2
14077,05/17/2020,Warren,2,234,130,3084,36113,2
14078,05/18/2020,Warren,1,235,52,3136,36113,1
14079,05/19/2020,Warren,0,235,102,3238,36113,2
14080,05/20/2020,Warren,6,241,213,3451,36113,3
14081,05/21/2020,Warren,5,246,234,3685,36113,4
14082,05/22/2020,Warren,3,249,114,3799,36113,3
14083,05/23/2020,Warren,1,250,159,3958,36113,1
14084,05/24/2020,Warren,1,251,65,4023,36113,0
14085,05/25/2020,Warren,0,251,56,4079,36113,0
14086,05/26/2020,Warren,1,252,111,4190,36113,0
14087,05/27/2020,Warren,1,253,116,4306,36113,1
14088,05/28/2020,Warren,1,254,205,4511,36113,1
14089,05/29/2020,Warren,1,255,235,4746,36113,0
14090,05/30/2020,Warren,0,255,255,5001,36113,0
14091,05/31/2020,Warren,0,255,112,5113,36113,0
14092,06/01/2020,Warren,0,255,139,5252,36113,0
14093,06/02/2020,Warren,1,256,156,5408,36113,0
14094,06/03/2020,Warren,0,256,344,5752,36113,0
14095,06/04/2020,Warren,0,256,235,5987,36113,0
14096,06/05/2020,Warren,1,257,137,6124,36113,0
14097,06/06/2020,Warren,0,257,256,6380,36113,0
14098,06/07/2020,Warren,0,257,204,6584,36113,0
14099,06/08/2020,Warren,0,257,12,6596,36113,0
14100,06/09/2020,Warren,0,257,189,6785,36113,0
14101,06/10/2020,Warren,0,257,234,7019,36113,0
14102,06/11/2020,Warren,0,257,344,7363,36113,0
14103,06/12/2020,Warren,0,257,135,7498,36113,0
14104,06/13/2020,Warren,0,257,86,7584,36113,0
14105,06/14/2020,Warren,0,257,195,7779,36113,0
14106,06/15/2020,Warren,0,257,62,7841,36113,0
14107,06/16/2020,Warren,0,257,177,8018,36113,0
14108,06/17/2020,Warren,1,258,225,8243,36113,1
14109,06/18/2020,Warren,3,261,193,8436,36113,1
14110,06/19/2020,Warren,0,261,175,8611,36113,1
14111,06/20/2020,Warren,0,261,155,8766,36113,0
14112,06/21/2020,Warren,1,262,141,8907,36113,0
14113,06/22/2020,Warren,0,262,62,8969,36113,0
14114,06/23/2020,Warren,0,262,177,9146,36113,0
14115,06/24/2020,Warren,1,263,138,9284,36113,0
14116,06/25/2020,Warren,0,263,101,9385,36113,0
14117,06/26/2020,Warren,0,263,210,9595,36113,0
14118,06/27/2020,Warren,0,263,153,9748,36113,0
14119,06/28/2020,Warren,0,263,144,9892,36113,0
14120,06/29/2020,Warren,0,263,51,9943,36113,0
14121,06/30/2020,Warren,0,263,137,10080,36113,0
14122,07/01/2020,Warren,1,264,174,10254,36113,1
14123,07/02/2020,Warren,2,266,117,10371,36113,1
14124,07/03/2020,Warren,2,268,134,10505,36113,1
14125,07/04/2020,Warren,1,269,131,10636,36113,2
14126,07/05/2020,Warren,3,272,164,10800,36113,1
14127,07/06/2020,Warren,1,273,62,10862,36113,1
14128,07/07/2020,Warren,0,273,193,11055,36113,0
14129,07/08/2020,Warren,0,273,133,11188,36113,0
14130,07/09/2020,Warren,1,274,247,11435,36113,0
14131,07/10/2020,Warren,0,274,157,11592,36113,1
14132,07/11/2020,Warren,3,277,264,11856,36113,2
14133,07/12/2020,Warren,3,280,219,12075,36113,2
14134,07/13/2020,Warren,0,280,77,12152,36113,2
14135,07/14/2020,Warren,4,284,194,12346,36113,1
14136,07/15/2020,Warren,1,285,85,12431,36113,2
14137,07/16/2020,Warren,1,286,220,12651,36113,0
14138,07/17/2020,Warren,0,286,302,12953,36113,0
14139,07/18/2020,Warren,1,287,192,13145,36113,0
14140,07/19/2020,Warren,0,287,135,13280,36113,0
14141,07/20/2020,Warren,1,288,199,13479,36113,0
14142,07/21/2020,Warren,0,288,265,13744,36113,1
14143,07/22/2020,Warren,2,290,215,13959,36113,1
14144,07/23/2020,Warren,2,292,234,14193,36113,1
14145,07/24/2020,Warren,1,293,340,14533,36113,1
14146,07/25/2020,Warren,1,294,375,14908,36113,0
14147,07/26/2020,Warren,0,294,268,15176,36113,1
14148,07/27/2020,Warren,4,298,141,15317,36113,1
14149,07/28/2020,Warren,0,298,166,15483,36113,1
14150,07/29/2020,Warren,0,298,129,15612,36113,0
14151,07/30/2020,Warren,2,300,228,15840,36113,0
14152,07/31/2020,Warren,0,300,238,16078,36113,0
14153,08/01/2020,Warren,0,300,159,16237,36113,0
14154,08/02/2020,Warren,0,300,151,16388,36113,0
14155,08/03/2020,Warren,2,302,353,16741,36113,1
14156,08/04/2020,Warren,2,304,201,16942,36113,1
14157,08/05/2020,Warren,0,304,108,17050,36113,1
14158,08/06/2020,Warren,3,307,270,17320,36113,1
14159,08/07/2020,Warren,1,308,150,17470,36113,1
14160,08/08/2020,Warren,0,308,211,17681,36113,1
14161,08/09/2020,Warren,4,312,206,17887,36113,1
14162,08/10/2020,Warren,0,312,148,18035,36113,1
14163,08/11/2020,Warren,0,312,155,18190,36113,0
14164,08/12/2020,Warren,0,312,322,18512,36113,0
14165,08/13/2020,Warren,0,312,301,18813,36113,0
14166,08/14/2020,Warren,0,312,283,19096,36113,0
14167,08/15/2020,Warren,0,312,223,19319,36113,0
14168,08/16/2020,Warren,0,312,188,19507,36113,0
14169,08/17/2020,Warren,1,313,209,19716,36113,0
14170,08/18/2020,Warren,0,313,135,19851,36113,0
14171,08/19/2020,Warren,0,313,174,20025,36113,0
14172,08/20/2020,Warren,1,314,202,20227,36113,0
14173,08/21/2020,Warren,1,315,260,20487,36113,0
14174,08/22/2020,Warren,0,315,192,20679,36113,0
14175,08/23/2020,Warren,0,315,147,20826,36113,0
14176,08/24/2020,Warren,1,316,163,20989,36113,0
14177,08/25/2020,Warren,0,316,95,21084,36113,1
14178,08/26/2020,Warren,2,318,172,21256,36113,1
14179,08/27/2020,Warren,2,320,180,21436,36113,1
14180,08/28/2020,Warren,1,321,353,21789,36113,1
14181,08/29/2020,Warren,0,321,155,21944,36113,0
14182,08/30/2020,Warren,0,321,144,22088,36113,0
14183,08/31/2020,Warren,1,322,158,22246,36113,0
14184,09/01/2020,Warren,0,322,281,22527,36113,0
14185,09/02/2020,Warren,1,323,164,22691,36113,0
14186,09/03/2020,Warren,1,324,190,22881,36113,1
14187,09/04/2020,Warren,1,325,134,23015,36113,1
14188,09/05/2020,Warren,1,326,199,23214,36113,0
14189,09/06/2020,Warren,0,326,115,23329,36113,2
14190,09/07/2020,Warren,5,331,203,23532,36113,1
14191,09/08/2020,Warren,0,331,203,23735,36113,2
14192,09/09/2020,Warren,1,332,131,23866,36113,3
14193,09/10/2020,Warren,9,341,274,24140,36113,5
14194,09/11/2020,Warren,7,348,244,24384,36113,5
14195,09/12/2020,Warren,0,348,230,24614,36113,2
14196,09/13/2020,Warren,0,348,188,24802,36113,0
14197,09/14/2020,Warren,0,348,105,24907,36113,1
14198,09/15/2020,Warren,3,351,174,25081,36113,1
14199,09/16/2020,Warren,1,352,177,25258,36113,2
14200,09/17/2020,Warren,2,354,230,25488,36113,1
14201,09/18/2020,Warren,2,356,221,25709,36113,2
14202,09/19/2020,Warren,4,360,314,26023,36113,3
14203,09/20/2020,Warren,3,363,196,26219,36113,2
14204,09/21/2020,Warren,0,363,547,26766,36113,2
14205,09/22/2020,Warren,3,366,258,27024,36113,2
14206,09/23/2020,Warren,3,369,278,27302,36113,2
14207,09/24/2020,Warren,2,371,322,27624,36113,3
14208,09/25/2020,Warren,6,377,284,27908,36113,4
14209,09/26/2020,Warren,4,381,453,28361,36113,4
14210,09/27/2020,Warren,2,383,206,28567,36113,3
14211,09/28/2020,Warren,3,386,232,28799,36113,3
14212,09/29/2020,Warren,5,391,283,29082,36113,2
14213,09/30/2020,Warren,0,391,344,29426,36113,3
14214,10/01/2020,Warren,4,395,278,29704,36113,5
14215,10/02/2020,Warren,12,407,519,30223,36113,7
14216,10/03/2020,Warren,6,413,269,30492,36113,7
14217,10/04/2020,Warren,3,416,182,30674,36113,4
14218,10/05/2020,Warren,3,419,296,30970,36113,4
14219,10/06/2020,Warren,6,425,411,31381,36113,3
14220,10/07/2020,Warren,2,427,356,31737,36113,3
14221,10/08/2020,Warren,2,429,463,32200,36113,1
14222,10/09/2020,Warren,0,429,361,32561,36113,0
14223,10/10/2020,Warren,0,429,542,33103,36113,0
14224,10/11/2020,Warren,1,430,234,33337,36113,0
14225,10/12/2020,Warren,1,431,332,33669,36113,1
14226,10/13/2020,Warren,1,432,223,33892,36113,1
14227,10/14/2020,Warren,2,434,334,34226,36113,2
14228,10/15/2020,Warren,3,437,358,34584,36113,1
14229,10/16/2020,Warren,0,437,443,35027,36113,1
14230,10/17/2020,Warren,1,438,280,35307,36113,0
14231,10/18/2020,Warren,0,438,293,35600,36113,0
14232,10/19/2020,Warren,1,439,276,35876,36113,1
14233,10/20/2020,Warren,2,441,204,36080,36113,2
14234,10/21/2020,Warren,3,444,393,36473,36113,2
14235,10/22/2020,Warren,1,445,355,36828,36113,2
14236,10/23/2020,Warren,3,448,612,37440,36113,2
14237,10/24/2020,Warren,2,450,263,37703,36113,2
14238,10/25/2020,Warren,2,452,229,37932,36113,3
14239,10/26/2020,Warren,5,457,359,38291,36113,3
14240,10/27/2020,Warren,2,459,285,38576,36113,3
14241,10/28/2020,Warren,2,461,278,38854,36113,1
14242,10/29/2020,Warren,0,461,379,39233,36113,2
14243,10/30/2020,Warren,6,467,490,39723,36113,2
14244,10/31/2020,Warren,1,468,348,40071,36113,2
14245,11/01/2020,Warren,1,469,222,40293,36113,1
14246,11/02/2020,Warren,1,470,291,40584,36113,1
14247,11/03/2020,Warren,1,471,264,40848,36113,1
14248,11/04/2020,Warren,3,474,409,41257,36113,1
14249,11/05/2020,Warren,1,475,276,41533,36113,1
14250,03/01/2020,Washington,0,0,0,0,36115,0
14251,03/02/2020,Washington,0,0,0,0,36115,0
14252,03/03/2020,Washington,0,0,0,0,36115,0
14253,03/04/2020,Washington,0,0,0,0,36115,0
14254,03/05/2020,Washington,0,0,0,0,36115,0
14255,03/06/2020,Washington,0,0,0,0,36115,0
14256,03/07/2020,Washington,0,0,0,0,36115,0
14257,03/08/2020,Washington,0,0,2,2,36115,0
14258,03/09/2020,Washington,0,0,0,2,36115,0
14259,03/10/2020,Washington,0,0,1,3,36115,0
14260,03/11/2020,Washington,0,0,4,7,36115,0
14261,03/12/2020,Washington,0,0,0,7,36115,0
14262,03/13/2020,Washington,0,0,1,8,36115,0
14263,03/14/2020,Washington,0,0,1,9,36115,0
14264,03/15/2020,Washington,0,0,5,14,36115,0
14265,03/16/2020,Washington,0,0,4,18,36115,0
14266,03/17/2020,Washington,1,1,9,27,36115,0
14267,03/18/2020,Washington,0,1,5,32,36115,0
14268,03/19/2020,Washington,0,1,8,40,36115,0
14269,03/20/2020,Washington,0,1,10,50,36115,0
14270,03/21/2020,Washington,0,1,18,68,36115,0
14271,03/22/2020,Washington,2,3,52,120,36115,0
14272,03/23/2020,Washington,0,3,7,127,36115,1
14273,03/24/2020,Washington,1,4,25,152,36115,0
14274,03/25/2020,Washington,0,4,18,170,36115,1
14275,03/26/2020,Washington,2,6,19,189,36115,0
14276,03/27/2020,Washington,0,6,40,229,36115,1
14277,03/28/2020,Washington,1,7,20,249,36115,0
14278,03/29/2020,Washington,0,7,10,259,36115,1
14279,03/30/2020,Washington,3,10,7,266,36115,1
14280,03/31/2020,Washington,0,10,5,271,36115,1
14281,04/01/2020,Washington,2,12,9,280,36115,1
14282,04/02/2020,Washington,3,15,13,293,36115,2
14283,04/03/2020,Washington,1,16,9,302,36115,2
14284,04/04/2020,Washington,2,18,15,317,36115,1
14285,04/05/2020,Washington,1,19,2,319,36115,1
14286,04/06/2020,Washington,0,19,13,332,36115,0
14287,04/07/2020,Washington,1,20,27,359,36115,2
14288,04/08/2020,Washington,5,25,24,383,36115,2
14289,04/09/2020,Washington,1,26,14,397,36115,3
14290,04/10/2020,Washington,5,31,16,413,36115,3
14291,04/11/2020,Washington,3,34,18,431,36115,3
14292,04/12/2020,Washington,3,37,15,446,36115,3
14293,04/13/2020,Washington,3,40,36,482,36115,2
14294,04/14/2020,Washington,2,42,8,490,36115,3
14295,04/15/2020,Washington,4,46,24,514,36115,2
14296,04/16/2020,Washington,2,48,19,533,36115,3
14297,04/17/2020,Washington,4,52,25,558,36115,5
14298,04/18/2020,Washington,11,63,35,593,36115,5
14299,04/19/2020,Washington,2,65,9,602,36115,5
14300,04/20/2020,Washington,3,68,12,614,36115,3
14301,04/21/2020,Washington,5,73,17,631,36115,5
14302,04/22/2020,Washington,7,80,36,667,36115,5
14303,04/23/2020,Washington,3,83,26,693,36115,13
14304,04/24/2020,Washington,30,113,134,827,36115,15
14305,04/25/2020,Washington,14,127,51,878,36115,15
14306,04/26/2020,Washington,3,130,37,915,36115,6
14307,04/27/2020,Washington,1,131,13,928,36115,2
14308,04/28/2020,Washington,3,134,19,947,36115,6
14309,04/29/2020,Washington,14,148,58,1005,36115,13
14310,04/30/2020,Washington,22,170,88,1093,36115,16
14311,05/01/2020,Washington,14,184,63,1156,36115,12
14312,05/02/2020,Washington,2,186,63,1219,36115,6
14313,05/03/2020,Washington,2,188,31,1250,36115,1
14314,05/04/2020,Washington,0,188,22,1272,36115,1
14315,05/05/2020,Washington,1,189,25,1297,36115,0
14316,05/06/2020,Washington,1,190,20,1317,36115,4
14317,05/07/2020,Washington,11,201,106,1423,36115,5
14318,05/08/2020,Washington,3,204,86,1509,36115,5
14319,05/09/2020,Washington,2,206,60,1569,36115,3
14320,05/10/2020,Washington,4,210,39,1608,36115,2
14321,05/11/2020,Washington,0,210,24,1632,36115,2
14322,05/12/2020,Washington,4,214,66,1698,36115,1
14323,05/13/2020,Washington,1,215,77,1775,36115,2
14324,05/14/2020,Washington,2,217,65,1840,36115,1
14325,05/15/2020,Washington,1,218,75,1915,36115,1
14326,05/16/2020,Washington,1,219,70,1985,36115,0
14327,05/17/2020,Washington,0,219,47,2032,36115,0
14328,05/18/2020,Washington,1,220,41,2073,36115,0
14329,05/19/2020,Washington,1,221,66,2139,36115,1
14330,05/20/2020,Washington,1,222,87,2226,36115,1
14331,05/21/2020,Washington,2,224,100,2326,36115,1
14332,05/22/2020,Washington,1,225,70,2396,36115,1
14333,05/23/2020,Washington,1,226,213,2609,36115,1
14334,05/24/2020,Washington,2,228,51,2660,36115,1
14335,05/25/2020,Washington,0,228,106,2766,36115,0
14336,05/26/2020,Washington,0,228,107,2873,36115,1
14337,05/27/2020,Washington,3,231,293,3166,36115,1
14338,05/28/2020,Washington,1,232,340,3506,36115,2
14339,05/29/2020,Washington,3,235,240,3746,36115,1
14340,05/30/2020,Washington,0,235,222,3968,36115,1
14341,05/31/2020,Washington,0,235,99,4067,36115,0
14342,06/01/2020,Washington,2,237,81,4148,36115,1
14343,06/02/2020,Washington,1,238,270,4418,36115,1
14344,06/03/2020,Washington,0,238,354,4772,36115,1
14345,06/04/2020,Washington,2,240,158,4930,36115,0
14346,06/05/2020,Washington,0,240,254,5184,36115,0
14347,06/06/2020,Washington,0,240,243,5427,36115,0
14348,06/07/2020,Washington,0,240,211,5638,36115,0
14349,06/08/2020,Washington,0,240,32,5670,36115,0
14350,06/09/2020,Washington,0,240,260,5930,36115,0
14351,06/10/2020,Washington,1,241,230,6160,36115,0
14352,06/11/2020,Washington,1,242,368,6528,36115,0
14353,06/12/2020,Washington,0,242,238,6766,36115,0
14354,06/13/2020,Washington,1,243,99,6865,36115,0
14355,06/14/2020,Washington,0,243,185,7050,36115,0
14356,06/15/2020,Washington,0,243,67,7117,36115,0
14357,06/16/2020,Washington,0,243,164,7281,36115,0
14358,06/17/2020,Washington,0,243,171,7452,36115,0
14359,06/18/2020,Washington,0,243,148,7600,36115,0
14360,06/19/2020,Washington,1,244,206,7806,36115,0
14361,06/20/2020,Washington,0,244,121,7927,36115,0
14362,06/21/2020,Washington,0,244,118,8045,36115,0
14363,06/22/2020,Washington,0,244,35,8080,36115,0
14364,06/23/2020,Washington,0,244,239,8319,36115,0
14365,06/24/2020,Washington,1,245,185,8504,36115,0
14366,06/25/2020,Washington,0,245,109,8613,36115,0
14367,06/26/2020,Washington,0,245,213,8826,36115,0
14368,06/27/2020,Washington,1,246,193,9019,36115,0
14369,06/28/2020,Washington,0,246,157,9176,36115,0
14370,06/29/2020,Washington,0,246,50,9226,36115,0
14371,06/30/2020,Washington,0,246,172,9398,36115,0
14372,07/01/2020,Washington,0,246,156,9554,36115,0
14373,07/02/2020,Washington,0,246,86,9640,36115,0
14374,07/03/2020,Washington,0,246,192,9832,36115,0
14375,07/04/2020,Washington,0,246,79,9911,36115,0
14376,07/05/2020,Washington,1,247,206,10117,36115,0
14377,07/06/2020,Washington,0,247,55,10172,36115,0
14378,07/07/2020,Washington,0,247,196,10368,36115,0
14379,07/08/2020,Washington,1,248,160,10528,36115,0
14380,07/09/2020,Washington,1,249,242,10770,36115,0
14381,07/10/2020,Washington,0,249,176,10946,36115,0
14382,07/11/2020,Washington,0,249,153,11099,36115,0
14383,07/12/2020,Washington,0,249,148,11247,36115,0
14384,07/13/2020,Washington,1,250,111,11358,36115,0
14385,07/14/2020,Washington,0,250,178,11536,36115,0
14386,07/15/2020,Washington,0,250,95,11631,36115,0
14387,07/16/2020,Washington,0,250,196,11827,36115,0
14388,07/17/2020,Washington,0,250,247,12074,36115,0
14389,07/18/2020,Washington,0,250,135,12209,36115,0
14390,07/19/2020,Washington,0,250,115,12324,36115,0
14391,07/20/2020,Washington,0,250,140,12464,36115,0
14392,07/21/2020,Washington,1,251,329,12793,36115,0
14393,07/22/2020,Washington,1,252,250,13043,36115,0
14394,07/23/2020,Washington,0,252,219,13262,36115,0
14395,07/24/2020,Washington,0,252,275,13537,36115,0
14396,07/25/2020,Washington,1,253,300,13837,36115,0
14397,07/26/2020,Washington,1,254,271,14108,36115,0
14398,07/27/2020,Washington,0,254,96,14204,36115,0
14399,07/28/2020,Washington,0,254,142,14346,36115,0
14400,07/29/2020,Washington,0,254,144,14490,36115,0
14401,07/30/2020,Washington,0,254,249,14739,36115,0
14402,07/31/2020,Washington,1,255,261,15000,36115,0
14403,08/01/2020,Washington,0,255,96,15096,36115,0
14404,08/02/2020,Washington,0,255,106,15202,36115,0
14405,08/03/2020,Washington,0,255,211,15413,36115,0
14406,08/04/2020,Washington,0,255,90,15503,36115,0
14407,08/05/2020,Washington,1,256,74,15577,36115,0
14408,08/06/2020,Washington,0,256,260,15837,36115,0
14409,08/07/2020,Washington,1,257,84,15921,36115,1
14410,08/08/2020,Washington,2,259,105,16026,36115,1
14411,08/09/2020,Washington,1,260,122,16148,36115,1
14412,08/10/2020,Washington,0,260,145,16293,36115,0
14413,08/11/2020,Washington,0,260,200,16493,36115,0
14414,08/12/2020,Washington,0,260,239,16732,36115,0
14415,08/13/2020,Washington,0,260,224,16956,36115,0
14416,08/14/2020,Washington,1,261,242,17198,36115,0
14417,08/15/2020,Washington,0,261,202,17400,36115,0
14418,08/16/2020,Washington,0,261,144,17544,36115,0
14419,08/17/2020,Washington,1,262,180,17724,36115,0
14420,08/18/2020,Washington,0,262,140,17864,36115,1
14421,08/19/2020,Washington,2,264,183,18047,36115,0
14422,08/20/2020,Washington,0,264,260,18307,36115,1
14423,08/21/2020,Washington,2,266,275,18582,36115,0
14424,08/22/2020,Washington,0,266,235,18817,36115,0
14425,08/23/2020,Washington,0,266,168,18985,36115,0
14426,08/24/2020,Washington,0,266,194,19179,36115,0
14427,08/25/2020,Washington,0,266,119,19298,36115,0
14428,08/26/2020,Washington,0,266,164,19462,36115,0
14429,08/27/2020,Washington,1,267,137,19599,36115,0
14430,08/28/2020,Washington,0,267,257,19856,36115,0
14431,08/29/2020,Washington,0,267,204,20060,36115,0
14432,08/30/2020,Washington,0,267,122,20182,36115,0
14433,08/31/2020,Washington,1,268,111,20293,36115,0
14434,09/01/2020,Washington,0,268,408,20701,36115,0
14435,09/02/2020,Washington,0,268,176,20877,36115,0
14436,09/03/2020,Washington,1,269,189,21066,36115,0
14437,09/04/2020,Washington,0,269,138,21204,36115,0
14438,09/05/2020,Washington,1,270,173,21377,36115,0
14439,09/06/2020,Washington,0,270,117,21494,36115,0
14440,09/07/2020,Washington,1,271,105,21599,36115,0
14441,09/08/2020,Washington,1,272,321,21920,36115,0
14442,09/09/2020,Washington,0,272,92,22012,36115,1
14443,09/10/2020,Washington,3,275,246,22258,36115,3
14444,09/11/2020,Washington,8,283,230,22488,36115,4
14445,09/12/2020,Washington,1,284,149,22637,36115,3
14446,09/13/2020,Washington,0,284,184,22821,36115,0
14447,09/14/2020,Washington,0,284,117,22938,36115,0
14448,09/15/2020,Washington,2,286,249,23187,36115,1
14449,09/16/2020,Washington,1,287,191,23378,36115,1
14450,09/17/2020,Washington,0,287,210,23588,36115,0
14451,09/18/2020,Washington,0,287,185,23773,36115,0
14452,09/19/2020,Washington,0,287,214,23987,36115,0
14453,09/20/2020,Washington,0,287,110,24097,36115,0
14454,09/21/2020,Washington,1,288,356,24453,36115,0
14455,09/22/2020,Washington,1,289,193,24646,36115,2
14456,09/23/2020,Washington,5,294,295,24941,36115,2
14457,09/24/2020,Washington,0,294,215,25156,36115,2
14458,09/25/2020,Washington,2,296,311,25467,36115,0
14459,09/26/2020,Washington,0,296,274,25741,36115,1
14460,09/27/2020,Washington,3,299,165,25906,36115,1
14461,09/28/2020,Washington,2,301,313,26219,36115,2
14462,09/29/2020,Washington,1,302,243,26462,36115,1
14463,09/30/2020,Washington,0,302,335,26797,36115,1
14464,10/01/2020,Washington,3,305,248,27045,36115,1
14465,10/02/2020,Washington,2,307,345,27390,36115,1
14466,10/03/2020,Washington,0,307,387,27777,36115,0
14467,10/04/2020,Washington,0,307,128,27905,36115,1
14468,10/05/2020,Washington,3,310,324,28229,36115,1
14469,10/06/2020,Washington,1,311,226,28455,36115,2
14470,10/07/2020,Washington,3,314,271,28726,36115,2
14471,10/08/2020,Washington,3,317,423,29149,36115,2
14472,10/09/2020,Washington,0,317,256,29405,36115,1
14473,10/10/2020,Washington,0,317,294,29699,36115,0
14474,10/11/2020,Washington,1,318,168,29867,36115,0
14475,10/12/2020,Washington,1,319,388,30255,36115,1
14476,10/13/2020,Washington,3,322,184,30439,36115,2
14477,10/14/2020,Washington,2,324,301,30740,36115,2
14478,10/15/2020,Washington,1,325,485,31225,36115,1
14479,10/16/2020,Washington,1,326,329,31554,36115,0
14480,10/17/2020,Washington,0,326,248,31802,36115,0
14481,10/18/2020,Washington,0,326,172,31974,36115,0
14482,10/19/2020,Washington,0,326,283,32257,36115,0
14483,10/20/2020,Washington,0,326,193,32450,36115,0
14484,10/21/2020,Washington,0,326,271,32721,36115,0
14485,10/22/2020,Washington,1,327,286,33007,36115,1
14486,10/23/2020,Washington,3,330,375,33382,36115,2
14487,10/24/2020,Washington,2,332,301,33683,36115,2
14488,10/25/2020,Washington,2,334,174,33857,36115,1
14489,10/26/2020,Washington,1,335,345,34202,36115,1
14490,10/27/2020,Washington,1,336,167,34369,36115,1
14491,10/28/2020,Washington,2,338,244,34613,36115,1
14492,10/29/2020,Washington,2,340,313,34926,36115,3
14493,10/30/2020,Washington,7,347,349,35275,36115,4
14494,10/31/2020,Washington,3,350,306,35581,36115,4
14495,11/01/2020,Washington,3,353,189,35770,36115,3
14496,11/02/2020,Washington,3,356,320,36090,36115,2
14497,11/03/2020,Washington,2,358,400,36490,36115,2
14498,11/04/2020,Washington,3,361,487,36977,36115,7
14499,11/05/2020,Washington,16,377,484,37461,36115,6
14500,03/01/2020,Wayne,0,0,0,0,36117,0
14501,03/02/2020,Wayne,0,0,0,0,36117,0
14502,03/03/2020,Wayne,0,0,0,0,36117,0
14503,03/04/2020,Wayne,0,0,0,0,36117,0
14504,03/05/2020,Wayne,0,0,0,0,36117,0
14505,03/06/2020,Wayne,0,0,0,0,36117,0
14506,03/07/2020,Wayne,0,0,0,0,36117,0
14507,03/08/2020,Wayne,0,0,0,0,36117,0
14508,03/09/2020,Wayne,0,0,0,0,36117,0
14509,03/10/2020,Wayne,0,0,0,0,36117,0
14510,03/11/2020,Wayne,0,0,0,0,36117,0
14511,03/12/2020,Wayne,0,0,0,0,36117,0
14512,03/13/2020,Wayne,0,0,2,2,36117,0
14513,03/14/2020,Wayne,0,0,1,3,36117,0
14514,03/15/2020,Wayne,0,0,3,6,36117,0
14515,03/16/2020,Wayne,0,0,3,9,36117,0
14516,03/17/2020,Wayne,0,0,10,19,36117,0
14517,03/18/2020,Wayne,1,1,15,34,36117,0
14518,03/19/2020,Wayne,0,1,21,55,36117,1
14519,03/20/2020,Wayne,2,3,13,68,36117,0
14520,03/21/2020,Wayne,0,3,9,77,36117,1
14521,03/22/2020,Wayne,3,6,14,91,36117,1
14522,03/23/2020,Wayne,0,6,17,108,36117,1
14523,03/24/2020,Wayne,1,7,15,123,36117,0
14524,03/25/2020,Wayne,1,8,37,160,36117,1
14525,03/26/2020,Wayne,3,11,27,187,36117,1
14526,03/27/2020,Wayne,1,12,32,219,36117,1
14527,03/28/2020,Wayne,0,12,13,232,36117,1
14528,03/29/2020,Wayne,3,15,24,256,36117,2
14529,03/30/2020,Wayne,4,19,28,284,36117,4
14530,03/31/2020,Wayne,5,24,33,317,36117,4
14531,04/01/2020,Wayne,3,27,28,345,36117,3
14532,04/02/2020,Wayne,3,30,28,373,36117,2
14533,04/03/2020,Wayne,0,30,35,408,36117,1
14534,04/04/2020,Wayne,2,32,24,432,36117,1
14535,04/05/2020,Wayne,2,34,15,447,36117,1
14536,04/06/2020,Wayne,1,35,31,478,36117,2
14537,04/07/2020,Wayne,4,39,46,524,36117,1
14538,04/08/2020,Wayne,0,39,34,558,36117,2
14539,04/09/2020,Wayne,2,41,34,592,36117,1
14540,04/10/2020,Wayne,1,42,17,609,36117,1
14541,04/11/2020,Wayne,0,42,7,616,36117,0
14542,04/12/2020,Wayne,0,42,8,624,36117,2
14543,04/13/2020,Wayne,6,48,39,663,36117,2
14544,04/14/2020,Wayne,0,48,20,683,36117,2
14545,04/15/2020,Wayne,1,49,12,695,36117,0
14546,04/16/2020,Wayne,0,49,7,702,36117,0
14547,04/17/2020,Wayne,0,49,7,709,36117,0
14548,04/18/2020,Wayne,1,50,6,715,36117,0
14549,04/19/2020,Wayne,0,50,2,717,36117,0
14550,04/20/2020,Wayne,1,51,8,725,36117,0
14551,04/21/2020,Wayne,1,52,16,741,36117,1
14552,04/22/2020,Wayne,1,53,13,754,36117,0
14553,04/23/2020,Wayne,0,53,12,766,36117,4
14554,04/24/2020,Wayne,12,65,257,1023,36117,4
14555,04/25/2020,Wayne,0,65,36,1059,36117,5
14556,04/26/2020,Wayne,4,69,28,1087,36117,1
14557,04/27/2020,Wayne,1,70,53,1140,36117,1
14558,04/28/2020,Wayne,0,70,45,1185,36117,0
14559,04/29/2020,Wayne,1,71,54,1239,36117,0
14560,04/30/2020,Wayne,0,71,56,1295,36117,1
14561,05/01/2020,Wayne,2,73,43,1338,36117,1
14562,05/02/2020,Wayne,2,75,86,1424,36117,1
14563,05/03/2020,Wayne,1,76,88,1512,36117,1
14564,05/04/2020,Wayne,2,78,66,1578,36117,1
14565,05/05/2020,Wayne,0,78,93,1671,36117,0
14566,05/06/2020,Wayne,0,78,93,1764,36117,0
14567,05/07/2020,Wayne,1,79,95,1859,36117,0
14568,05/08/2020,Wayne,0,79,63,1922,36117,0
14569,05/09/2020,Wayne,1,80,101,2023,36117,0
14570,05/10/2020,Wayne,1,81,72,2095,36117,1
14571,05/11/2020,Wayne,2,83,64,2159,36117,1
14572,05/12/2020,Wayne,1,84,168,2327,36117,2
14573,05/13/2020,Wayne,5,89,120,2447,36117,2
14574,05/14/2020,Wayne,2,91,110,2557,36117,2
14575,05/15/2020,Wayne,1,92,86,2643,36117,2
14576,05/16/2020,Wayne,4,96,118,2761,36117,2
14577,05/17/2020,Wayne,1,97,114,2875,36117,2
14578,05/18/2020,Wayne,1,98,128,3003,36117,2
14579,05/19/2020,Wayne,5,103,187,3190,36117,2
14580,05/20/2020,Wayne,0,103,155,3345,36117,2
14581,05/21/2020,Wayne,1,104,104,3449,36117,1
14582,05/22/2020,Wayne,3,107,163,3612,36117,1
14583,05/23/2020,Wayne,1,108,107,3719,36117,1
14584,05/24/2020,Wayne,1,109,106,3825,36117,1
14585,05/25/2020,Wayne,1,110,170,3995,36117,0
14586,05/26/2020,Wayne,0,110,339,4334,36117,1
14587,05/27/2020,Wayne,2,112,303,4637,36117,1
14588,05/28/2020,Wayne,1,113,290,4927,36117,1
14589,05/29/2020,Wayne,0,113,299,5226,36117,1
14590,05/30/2020,Wayne,2,115,284,5510,36117,1
14591,05/31/2020,Wayne,1,116,228,5738,36117,1
14592,06/01/2020,Wayne,0,116,216,5954,36117,1
14593,06/02/2020,Wayne,4,120,396,6350,36117,1
14594,06/03/2020,Wayne,1,121,468,6818,36117,2
14595,06/04/2020,Wayne,1,122,323,7141,36117,1
14596,06/05/2020,Wayne,1,123,409,7550,36117,1
14597,06/06/2020,Wayne,1,124,362,7912,36117,1
14598,06/07/2020,Wayne,1,125,322,8234,36117,1
14599,06/08/2020,Wayne,1,126,362,8596,36117,0
14600,06/09/2020,Wayne,0,126,388,8984,36117,0
14601,06/10/2020,Wayne,1,127,509,9493,36117,1
14602,06/11/2020,Wayne,2,129,460,9953,36117,1
14603,06/12/2020,Wayne,2,131,348,10301,36117,2
14604,06/13/2020,Wayne,2,133,363,10664,36117,1
14605,06/14/2020,Wayne,0,133,160,10824,36117,1
14606,06/15/2020,Wayne,1,134,456,11280,36117,1
14607,06/16/2020,Wayne,3,137,298,11578,36117,2
14608,06/17/2020,Wayne,2,139,184,11762,36117,2
14609,06/18/2020,Wayne,2,141,224,11986,36117,2
14610,06/19/2020,Wayne,2,143,280,12266,36117,1
14611,06/20/2020,Wayne,0,143,249,12515,36117,0
14612,06/21/2020,Wayne,0,143,239,12754,36117,0
14613,06/22/2020,Wayne,2,145,297,13051,36117,2
14614,06/23/2020,Wayne,5,150,305,13356,36117,3
14615,06/24/2020,Wayne,4,154,227,13583,36117,4
14616,06/25/2020,Wayne,5,159,171,13754,36117,3
14617,06/26/2020,Wayne,2,161,280,14034,36117,2
14618,06/27/2020,Wayne,1,162,246,14280,36117,2
14619,06/28/2020,Wayne,3,165,276,14556,36117,3
14620,06/29/2020,Wayne,5,170,334,14890,36117,4
14621,06/30/2020,Wayne,4,174,230,15120,36117,3
14622,07/01/2020,Wayne,2,176,298,15418,36117,3
14623,07/02/2020,Wayne,5,181,234,15652,36117,3
14624,07/03/2020,Wayne,2,183,269,15921,36117,3
14625,07/04/2020,Wayne,2,185,357,16278,36117,1
14626,07/05/2020,Wayne,1,186,259,16537,36117,2
14627,07/06/2020,Wayne,5,191,466,17003,36117,2
14628,07/07/2020,Wayne,2,193,270,17273,36117,3
14629,07/08/2020,Wayne,2,195,352,17625,36117,3
14630,07/09/2020,Wayne,6,201,354,17979,36117,3
14631,07/10/2020,Wayne,2,203,233,18212,36117,3
14632,07/11/2020,Wayne,2,205,325,18537,36117,2
14633,07/12/2020,Wayne,4,209,290,18827,36117,3
14634,07/13/2020,Wayne,5,214,285,19112,36117,5
14635,07/14/2020,Wayne,7,221,268,19380,36117,4
14636,07/15/2020,Wayne,2,223,370,19750,36117,3
14637,07/16/2020,Wayne,0,223,334,20084,36117,1
14638,07/17/2020,Wayne,2,225,430,20514,36117,1
14639,07/18/2020,Wayne,2,227,234,20748,36117,1
14640,07/19/2020,Wayne,1,228,274,21022,36117,2
14641,07/20/2020,Wayne,4,232,385,21407,36117,3
14642,07/21/2020,Wayne,4,236,343,21750,36117,3
14643,07/22/2020,Wayne,2,238,284,22034,36117,2
14644,07/23/2020,Wayne,1,239,414,22448,36117,1
14645,07/24/2020,Wayne,1,240,373,22821,36117,1
14646,07/25/2020,Wayne,1,241,363,23184,36117,1
14647,07/26/2020,Wayne,2,243,272,23456,36117,1
14648,07/27/2020,Wayne,0,243,356,23812,36117,0
14649,07/28/2020,Wayne,0,243,417,24229,36117,0
14650,07/29/2020,Wayne,0,243,355,24584,36117,0
14651,07/30/2020,Wayne,2,245,308,24892,36117,0
14652,07/31/2020,Wayne,0,245,458,25350,36117,1
14653,08/01/2020,Wayne,1,246,294,25644,36117,0
14654,08/02/2020,Wayne,1,247,224,25868,36117,1
14655,08/03/2020,Wayne,1,248,236,26104,36117,0
14656,08/04/2020,Wayne,0,248,304,26408,36117,0
14657,08/05/2020,Wayne,1,249,315,26723,36117,0
14658,08/06/2020,Wayne,0,249,346,27069,36117,0
14659,08/07/2020,Wayne,0,249,276,27345,36117,0
14660,08/08/2020,Wayne,1,250,417,27762,36117,1
14661,08/09/2020,Wayne,2,252,255,28017,36117,1
14662,08/10/2020,Wayne,0,252,257,28274,36117,2
14663,08/11/2020,Wayne,6,258,354,28628,36117,3
14664,08/12/2020,Wayne,5,263,535,29163,36117,4
14665,08/13/2020,Wayne,2,265,423,29586,36117,3
14666,08/14/2020,Wayne,4,269,369,29955,36117,2
14667,08/15/2020,Wayne,0,269,325,30280,36117,1
14668,08/16/2020,Wayne,0,269,273,30553,36117,0
14669,08/17/2020,Wayne,1,270,246,30799,36117,0
14670,08/18/2020,Wayne,0,270,364,31163,36117,0
14671,08/19/2020,Wayne,0,270,322,31485,36117,0
14672,08/20/2020,Wayne,2,272,475,31960,36117,1
14673,08/21/2020,Wayne,3,275,396,32356,36117,1
14674,08/22/2020,Wayne,0,275,393,32749,36117,1
14675,08/23/2020,Wayne,0,275,273,33022,36117,0
14676,08/24/2020,Wayne,0,275,200,33222,36117,0
14677,08/25/2020,Wayne,2,277,236,33458,36117,1
14678,08/26/2020,Wayne,2,279,438,33896,36117,1
14679,08/27/2020,Wayne,0,279,402,34298,36117,1
14680,08/28/2020,Wayne,1,280,335,34633,36117,0
14681,08/29/2020,Wayne,0,280,371,35004,36117,0
14682,08/30/2020,Wayne,0,280,215,35219,36117,0
14683,08/31/2020,Wayne,0,280,208,35427,36117,0
14684,09/01/2020,Wayne,1,281,271,35698,36117,1
14685,09/02/2020,Wayne,2,283,465,36163,36117,2
14686,09/03/2020,Wayne,5,288,417,36580,36117,2
14687,09/04/2020,Wayne,0,288,359,36939,36117,2
14688,09/05/2020,Wayne,3,291,340,37279,36117,2
14689,09/06/2020,Wayne,5,296,214,37493,36117,2
14690,09/07/2020,Wayne,0,296,166,37659,36117,2
14691,09/08/2020,Wayne,1,297,237,37896,36117,0
14692,09/09/2020,Wayne,1,298,272,38168,36117,1
14693,09/10/2020,Wayne,3,301,383,38551,36117,1
14694,09/11/2020,Wayne,0,301,426,38977,36117,1
14695,09/12/2020,Wayne,2,303,427,39404,36117,0
14696,09/13/2020,Wayne,0,303,243,39647,36117,1
14697,09/14/2020,Wayne,1,304,271,39918,36117,0
14698,09/15/2020,Wayne,0,304,297,40215,36117,0
14699,09/16/2020,Wayne,1,305,475,40690,36117,0
14700,09/17/2020,Wayne,1,306,352,41042,36117,1
14701,09/18/2020,Wayne,3,309,411,41453,36117,1
14702,09/19/2020,Wayne,1,310,446,41899,36117,1
14703,09/20/2020,Wayne,1,311,170,42069,36117,0
14704,09/21/2020,Wayne,0,311,418,42487,36117,0
14705,09/22/2020,Wayne,1,312,357,42844,36117,1
14706,09/23/2020,Wayne,2,314,448,43292,36117,1
14707,09/24/2020,Wayne,1,315,535,43827,36117,1
14708,09/25/2020,Wayne,1,316,586,44413,36117,1
14709,09/26/2020,Wayne,2,318,325,44738,36117,1
14710,09/27/2020,Wayne,2,320,262,45000,36117,1
14711,09/28/2020,Wayne,1,321,313,45313,36117,1
14712,09/29/2020,Wayne,2,323,402,45715,36117,2
14713,09/30/2020,Wayne,3,326,565,46280,36117,3
14714,10/01/2020,Wayne,5,331,452,46732,36117,3
14715,10/02/2020,Wayne,1,332,644,47376,36117,2
14716,10/03/2020,Wayne,0,332,343,47719,36117,1
14717,10/04/2020,Wayne,3,335,145,47864,36117,1
14718,10/05/2020,Wayne,2,337,411,48275,36117,2
14719,10/06/2020,Wayne,2,339,349,48624,36117,4
14720,10/07/2020,Wayne,8,347,470,49094,36117,6
14721,10/08/2020,Wayne,10,357,407,49501,36117,7
14722,10/09/2020,Wayne,4,361,507,50008,36117,5
14723,10/10/2020,Wayne,1,362,337,50345,36117,2
14724,10/11/2020,Wayne,3,365,331,50676,36117,1
14725,10/12/2020,Wayne,0,365,459,51135,36117,1
14726,10/13/2020,Wayne,2,367,306,51441,36117,1
14727,10/14/2020,Wayne,3,370,626,52067,36117,2
14728,10/15/2020,Wayne,3,373,362,52429,36117,3
14729,10/16/2020,Wayne,4,377,438,52867,36117,3
14730,10/17/2020,Wayne,2,379,296,53163,36117,3
14731,10/18/2020,Wayne,4,383,266,53429,36117,3
14732,10/19/2020,Wayne,3,386,321,53750,36117,4
14733,10/20/2020,Wayne,7,393,392,54142,36117,5
14734,10/21/2020,Wayne,7,400,384,54526,36117,7
14735,10/22/2020,Wayne,8,408,526,55052,36117,13
14736,10/23/2020,Wayne,24,432,520,55572,36117,16
14737,10/24/2020,Wayne,16,448,368,55940,36117,21
14738,10/25/2020,Wayne,23,471,367,56307,36117,16
14739,10/26/2020,Wayne,11,482,674,56981,36117,13
14740,10/27/2020,Wayne,6,488,388,57369,36117,13
14741,10/28/2020,Wayne,24,512,685,58054,36117,16
14742,10/29/2020,Wayne,18,530,686,58740,36117,20
14743,10/30/2020,Wayne,20,550,587,59327,36117,16
14744,10/31/2020,Wayne,11,561,339,59666,36117,14
14745,11/01/2020,Wayne,12,573,313,59979,36117,12
14746,11/02/2020,Wayne,15,588,486,60465,36117,13
14747,11/03/2020,Wayne,14,602,429,60894,36117,16
14748,11/04/2020,Wayne,20,622,764,61658,36117,17
14749,11/05/2020,Wayne,17,639,528,62186,36117,12
14750,03/01/2020,Westchester,0,0,0,0,36119,0
14751,03/02/2020,Westchester,1,1,1,1,36119,0
14752,03/03/2020,Westchester,0,1,1,2,36119,0
14753,03/04/2020,Westchester,0,1,0,2,36119,6
14754,03/05/2020,Westchester,19,20,42,44,36119,6
14755,03/06/2020,Westchester,0,20,9,53,36119,13
14756,03/07/2020,Westchester,22,42,110,163,36119,13
14757,03/08/2020,Westchester,18,60,207,370,36119,27
14758,03/09/2020,Westchester,42,102,222,592,36119,23
14759,03/10/2020,Westchester,9,111,177,769,36119,24
14760,03/11/2020,Westchester,21,132,183,952,36119,16
14761,03/12/2020,Westchester,19,151,108,1060,36119,20
14762,03/13/2020,Westchester,20,171,209,1269,36119,16
14763,03/14/2020,Westchester,11,182,220,1489,36119,24
14764,03/15/2020,Westchester,41,223,372,1861,36119,69
14765,03/16/2020,Westchester,157,380,1219,3080,36119,118
14766,03/17/2020,Westchester,158,538,1026,4106,36119,192
14767,03/18/2020,Westchester,261,799,1588,5694,36119,237
14768,03/19/2020,Westchester,292,1091,1483,7177,36119,283
14769,03/20/2020,Westchester,296,1387,1459,8636,36119,358
14770,03/21/2020,Westchester,486,1873,2011,10647,36119,601
14771,03/22/2020,Westchester,1021,2894,4037,14684,36119,834
14772,03/23/2020,Westchester,997,3891,3282,17966,36119,939
14773,03/24/2020,Westchester,800,4691,2371,20337,36119,1016
14774,03/25/2020,Westchester,1253,5944,5951,26288,36119,1098
14775,03/26/2020,Westchester,1243,7187,3227,29515,36119,1061
14776,03/27/2020,Westchester,688,7875,1588,31103,36119,858
14777,03/28/2020,Westchester,644,8519,1410,32513,36119,713
14778,03/29/2020,Westchester,807,9326,1595,34108,36119,697
14779,03/30/2020,Westchester,641,9967,1515,35623,36119,721
14780,03/31/2020,Westchester,716,10683,1567,37190,36119,747
14781,04/01/2020,Westchester,884,11567,1891,39081,36119,794
14782,04/02/2020,Westchester,784,12351,1632,40713,36119,799
14783,04/03/2020,Westchester,730,13081,1621,42334,36119,718
14784,04/04/2020,Westchester,642,13723,1621,43955,36119,647
14785,04/05/2020,Westchester,571,14294,1398,45353,36119,574
14786,04/06/2020,Westchester,510,14804,1348,46701,36119,721
14787,04/07/2020,Westchester,1083,15887,2647,49348,36119,903
14788,04/08/2020,Westchester,1117,17004,2889,52237,36119,1091
14789,04/09/2020,Westchester,1073,18077,2911,55148,36119,947
14790,04/10/2020,Westchester,652,18729,1679,56827,36119,769
14791,04/11/2020,Westchester,584,19313,1472,58299,36119,569
14792,04/12/2020,Westchester,473,19786,1163,59462,36119,487
14793,04/13/2020,Westchester,405,20191,1145,60607,36119,544
14794,04/14/2020,Westchester,756,20947,2019,62626,36119,680
14795,04/15/2020,Westchester,881,21828,2642,65268,36119,761
14796,04/16/2020,Westchester,648,22476,2042,67310,36119,744
14797,04/17/2020,Westchester,703,23179,2298,69608,36119,658
14798,04/18/2020,Westchester,624,23803,2133,71741,36119,610
14799,04/19/2020,Westchester,503,24306,1599,73340,36119,492
14800,04/20/2020,Westchester,350,24656,1208,74548,36119,491
14801,04/21/2020,Westchester,620,25276,2016,76564,36119,551
14802,04/22/2020,Westchester,683,25959,2317,78881,36119,659
14803,04/23/2020,Westchester,674,26633,2672,81553,36119,651
14804,04/24/2020,Westchester,598,27231,2468,84021,36119,568
14805,04/25/2020,Westchester,433,27664,1951,85972,36119,458
14806,04/26/2020,Westchester,343,28007,1764,87736,36119,338
14807,04/27/2020,Westchester,238,28245,1408,89144,36119,320
14808,04/28/2020,Westchester,381,28626,1843,90987,36119,321
14809,04/29/2020,Westchester,344,28970,1842,92829,36119,329
14810,04/30/2020,Westchester,262,29232,1613,94442,36119,333
14811,05/01/2020,Westchester,394,29626,2359,96801,36119,304
14812,05/02/2020,Westchester,258,29884,1809,98610,36119,288
14813,05/03/2020,Westchester,213,30097,1662,100272,36119,204
14814,05/04/2020,Westchester,143,30240,1225,101497,36119,180
14815,05/05/2020,Westchester,186,30426,1434,102931,36119,203
14816,05/06/2020,Westchester,282,30708,2311,105242,36119,221
14817,05/07/2020,Westchester,197,30905,2224,107466,36119,220
14818,05/08/2020,Westchester,182,31087,1936,109402,36119,195
14819,05/09/2020,Westchester,207,31294,1940,111342,36119,159
14820,05/10/2020,Westchester,90,31384,1321,112663,36119,128
14821,05/11/2020,Westchester,88,31472,984,113647,36119,105
14822,05/12/2020,Westchester,139,31611,1925,115572,36119,136
14823,05/13/2020,Westchester,181,31792,2450,118022,36119,157
14824,05/14/2020,Westchester,151,31943,2024,120046,36119,162
14825,05/15/2020,Westchester,154,32097,2059,122105,36119,144
14826,05/16/2020,Westchester,127,32224,1940,124045,36119,126
14827,05/17/2020,Westchester,99,32323,1326,125371,36119,101
14828,05/18/2020,Westchester,79,32402,1125,126496,36119,97
14829,05/19/2020,Westchester,115,32517,1867,128363,36119,116
14830,05/20/2020,Westchester,156,32673,2671,131034,36119,121
14831,05/21/2020,Westchester,94,32767,2350,133384,36119,121
14832,05/22/2020,Westchester,114,32881,3234,136618,36119,98
14833,05/23/2020,Westchester,87,32968,2542,139160,36119,94
14834,05/24/2020,Westchester,81,33049,2323,141483,36119,75
14835,05/25/2020,Westchester,58,33107,1695,143178,36119,72
14836,05/26/2020,Westchester,79,33186,2207,145385,36119,81
14837,05/27/2020,Westchester,107,33293,3266,148651,36119,80
14838,05/28/2020,Westchester,56,33349,3203,151854,36119,81
14839,05/29/2020,Westchester,80,33429,3388,155242,36119,62
14840,05/30/2020,Westchester,52,33481,3290,158532,36119,67
14841,05/31/2020,Westchester,71,33552,3376,161908,36119,68
14842,06/01/2020,Westchester,81,33633,3183,165091,36119,70
14843,06/02/2020,Westchester,58,33691,3253,168344,36119,71
14844,06/03/2020,Westchester,76,33767,3524,171868,36119,73
14845,06/04/2020,Westchester,87,33854,4216,176084,36119,77
14846,06/05/2020,Westchester,70,33924,3979,180063,36119,62
14847,06/06/2020,Westchester,30,33954,3162,183225,36119,48
14848,06/07/2020,Westchester,46,34000,3336,186561,36119,37
14849,06/08/2020,Westchester,35,34035,2577,189138,36119,40
14850,06/09/2020,Westchester,41,34076,3304,192442,36119,35
14851,06/10/2020,Westchester,30,34106,3494,195936,36119,46
14852,06/11/2020,Westchester,69,34175,4954,200890,36119,59
14853,06/12/2020,Westchester,78,34253,5099,205989,36119,61
14854,06/13/2020,Westchester,37,34290,3399,209388,36119,50
14855,06/14/2020,Westchester,37,34327,3594,212982,36119,35
14856,06/15/2020,Westchester,31,34358,3204,216186,36119,31
14857,06/16/2020,Westchester,27,34385,3189,219375,36119,27
14858,06/17/2020,Westchester,24,34409,3998,223373,36119,32
14859,06/18/2020,Westchester,46,34455,4521,227894,36119,33
14860,06/19/2020,Westchester,31,34486,3624,231518,36119,37
14861,06/20/2020,Westchester,35,34521,3879,235397,36119,34
14862,06/21/2020,Westchester,36,34557,3794,239191,36119,31
14863,06/22/2020,Westchester,24,34581,2844,242035,36119,25
14864,06/23/2020,Westchester,16,34597,2320,244355,36119,28
14865,06/24/2020,Westchester,45,34642,4611,248966,36119,39
14866,06/25/2020,Westchester,58,34700,4127,253093,36119,50
14867,06/26/2020,Westchester,48,34748,4520,257613,36119,46
14868,06/27/2020,Westchester,32,34780,3087,260700,36119,32
14869,06/28/2020,Westchester,18,34798,2560,263260,36119,30
14870,06/29/2020,Westchester,40,34838,3702,266962,36119,28
14871,06/30/2020,Westchester,28,34866,3730,270692,36119,38
14872,07/01/2020,Westchester,46,34912,4469,275161,36119,47
14873,07/02/2020,Westchester,68,34980,4827,279988,36119,51
14874,07/03/2020,Westchester,40,35020,3437,283425,36119,43
14875,07/04/2020,Westchester,23,35043,4519,287944,36119,34
14876,07/05/2020,Westchester,41,35084,3639,291583,36119,28
14877,07/06/2020,Westchester,22,35106,3586,295169,36119,37
14878,07/07/2020,Westchester,48,35154,3387,298556,36119,33
14879,07/08/2020,Westchester,29,35183,4843,303399,36119,40
14880,07/09/2020,Westchester,43,35226,5182,308581,36119,35
14881,07/10/2020,Westchester,34,35260,4293,312874,36119,38
14882,07/11/2020,Westchester,37,35297,3958,316832,36119,33
14883,07/12/2020,Westchester,30,35327,3238,320070,36119,35
14884,07/13/2020,Westchester,39,35366,3851,323921,36119,32
14885,07/14/2020,Westchester,28,35394,3598,327519,36119,31
14886,07/15/2020,Westchester,28,35422,4364,331883,36119,32
14887,07/16/2020,Westchester,41,35463,4989,336872,36119,36
14888,07/17/2020,Westchester,40,35503,4669,341541,36119,31
14889,07/18/2020,Westchester,12,35515,3004,344545,36119,29
14890,07/19/2020,Westchester,36,35551,3104,347649,36119,28
14891,07/20/2020,Westchester,36,35587,3044,350693,36119,40
14892,07/21/2020,Westchester,49,35636,4198,354891,36119,38
14893,07/22/2020,Westchester,31,35667,4000,358891,36119,37
14894,07/23/2020,Westchester,33,35700,4805,363696,36119,34
14895,07/24/2020,Westchester,38,35738,4045,367741,36119,36
14896,07/25/2020,Westchester,39,35777,3149,370890,36119,33
14897,07/26/2020,Westchester,22,35799,3937,374827,36119,33
14898,07/27/2020,Westchester,39,35838,3847,378674,36119,32
14899,07/28/2020,Westchester,36,35874,3393,382067,36119,38
14900,07/29/2020,Westchester,39,35913,4552,386619,36119,31
14901,07/30/2020,Westchester,20,35933,3133,389752,36119,33
14902,07/31/2020,Westchester,41,35974,4465,394217,36119,28
14903,08/01/2020,Westchester,24,35998,3363,397580,36119,27
14904,08/02/2020,Westchester,16,36014,2919,400499,36119,25
14905,08/03/2020,Westchester,35,36049,4310,404809,36119,25
14906,08/04/2020,Westchester,26,36075,4340,409149,36119,31
14907,08/05/2020,Westchester,32,36107,4246,413395,36119,29
14908,08/06/2020,Westchester,29,36136,3794,417189,36119,35
14909,08/07/2020,Westchester,44,36180,4021,421210,36119,32
14910,08/08/2020,Westchester,25,36205,4018,425228,36119,32
14911,08/09/2020,Westchester,28,36233,3572,428800,36119,30
14912,08/10/2020,Westchester,39,36272,4879,433679,36119,39
14913,08/11/2020,Westchester,52,36324,4970,438649,36119,41
14914,08/12/2020,Westchester,33,36357,4767,443416,36119,43
14915,08/13/2020,Westchester,45,36402,4340,447756,36119,37
14916,08/14/2020,Westchester,33,36435,5397,453153,36119,32
14917,08/15/2020,Westchester,18,36453,5180,458333,36119,28
14918,08/16/2020,Westchester,33,36486,3985,462318,36119,35
14919,08/17/2020,Westchester,54,36540,4984,467302,36119,36
14920,08/18/2020,Westchester,23,36563,4578,471880,36119,33
14921,08/19/2020,Westchester,23,36586,5147,477027,36119,27
14922,08/20/2020,Westchester,35,36621,5357,482384,36119,29
14923,08/21/2020,Westchester,30,36651,6410,488794,36119,34
14924,08/22/2020,Westchester,38,36689,4646,493440,36119,29
14925,08/23/2020,Westchester,21,36710,3977,497417,36119,30
14926,08/24/2020,Westchester,32,36742,3725,501142,36119,30
14927,08/25/2020,Westchester,38,36780,4334,505476,36119,38
14928,08/26/2020,Westchester,45,36825,5279,510755,36119,40
14929,08/27/2020,Westchester,38,36863,4891,515646,36119,38
14930,08/28/2020,Westchester,32,36895,5080,520726,36119,41
14931,08/29/2020,Westchester,54,36949,5745,526471,36119,40
14932,08/30/2020,Westchester,35,36984,4143,530614,36119,42
14933,08/31/2020,Westchester,37,37021,4338,534952,36119,36
14934,09/01/2020,Westchester,36,37057,4422,539374,36119,40
14935,09/02/2020,Westchester,49,37106,5469,544843,36119,43
14936,09/03/2020,Westchester,46,37152,5292,550135,36119,49
14937,09/04/2020,Westchester,53,37205,5401,555536,36119,46
14938,09/05/2020,Westchester,41,37246,5013,560549,36119,41
14939,09/06/2020,Westchester,31,37277,3619,564168,36119,36
14940,09/07/2020,Westchester,37,37314,3039,567207,36119,36
14941,09/08/2020,Westchester,41,37355,3322,570529,36119,42
14942,09/09/2020,Westchester,50,37405,4394,574923,36119,46
14943,09/10/2020,Westchester,49,37454,4849,579772,36119,43
14944,09/11/2020,Westchester,32,37486,4795,584567,36119,42
14945,09/12/2020,Westchester,45,37531,3976,588543,36119,39
14946,09/13/2020,Westchester,40,37571,3371,591914,36119,38
14947,09/14/2020,Westchester,30,37601,4081,595995,36119,34
14948,09/15/2020,Westchester,33,37634,4896,600891,36119,33
14949,09/16/2020,Westchester,38,37672,4826,605717,36119,39
14950,09/17/2020,Westchester,46,37718,4825,610542,36119,40
14951,09/18/2020,Westchester,37,37755,5740,616282,36119,43
14952,09/19/2020,Westchester,46,37801,5776,622058,36119,39
14953,09/20/2020,Westchester,36,37837,3507,625565,36119,37
14954,09/21/2020,Westchester,29,37866,4373,629938,36119,34
14955,09/22/2020,Westchester,37,37903,3880,633818,36119,37
14956,09/23/2020,Westchester,45,37948,4839,638657,36119,45
14957,09/24/2020,Westchester,53,38001,5209,643866,36119,49
14958,09/25/2020,Westchester,50,38051,5411,649277,36119,50
14959,09/26/2020,Westchester,47,38098,5203,654480,36119,44
14960,09/27/2020,Westchester,35,38133,2944,657424,36119,43
14961,09/28/2020,Westchester,49,38182,4215,661639,36119,47
14962,09/29/2020,Westchester,57,38239,3993,665632,36119,55
14963,09/30/2020,Westchester,61,38300,5027,670659,36119,54
14964,10/01/2020,Westchester,46,38346,6018,676677,36119,64
14965,10/02/2020,Westchester,85,38431,6800,683477,36119,58
14966,10/03/2020,Westchester,44,38475,5443,688920,36119,56
14967,10/04/2020,Westchester,40,38515,4438,693358,36119,45
14968,10/05/2020,Westchester,52,38567,4267,697625,36119,51
14969,10/06/2020,Westchester,61,38628,5097,702722,36119,59
14970,10/07/2020,Westchester,66,38694,7634,710356,36119,68
14971,10/08/2020,Westchester,77,38771,7257,717613,36119,73
14972,10/09/2020,Westchester,76,38847,7337,724950,36119,66
14973,10/10/2020,Westchester,47,38894,5815,730765,36119,76
14974,10/11/2020,Westchester,107,39001,5332,736097,36119,72
14975,10/12/2020,Westchester,63,39064,4990,741087,36119,74
14976,10/13/2020,Westchester,54,39118,5661,746748,36119,66
14977,10/14/2020,Westchester,82,39200,6575,753323,36119,74
14978,10/15/2020,Westchester,88,39288,7113,760436,36119,93
14979,10/16/2020,Westchester,110,39398,7386,767822,36119,92
14980,10/17/2020,Westchester,78,39476,5852,773674,36119,86
14981,10/18/2020,Westchester,72,39548,4893,778567,36119,72
14982,10/19/2020,Westchester,68,39616,4171,782738,36119,72
14983,10/20/2020,Westchester,78,39694,4962,787700,36119,80
14984,10/21/2020,Westchester,95,39789,7568,795268,36119,91
14985,10/22/2020,Westchester,101,39890,7241,802509,36119,115
14986,10/23/2020,Westchester,151,40041,7199,809708,36119,114
14987,10/24/2020,Westchester,90,40131,5455,815163,36119,104
14988,10/25/2020,Westchester,71,40202,4502,819665,36119,93
14989,10/26/2020,Westchester,120,40322,5760,825425,36119,102
14990,10/27/2020,Westchester,116,40438,6312,831737,36119,117
14991,10/28/2020,Westchester,116,40554,7381,839118,36119,119
14992,10/29/2020,Westchester,127,40681,7446,846564,36119,119
14993,10/30/2020,Westchester,116,40797,6188,852752,36119,130
14994,10/31/2020,Westchester,149,40946,7355,860107,36119,126
14995,11/01/2020,Westchester,115,41061,5095,865202,36119,143
14996,11/02/2020,Westchester,165,41226,6484,871686,36119,138
14997,11/03/2020,Westchester,134,41360,6358,878044,36119,160
14998,11/04/2020,Westchester,182,41542,7790,885834,36119,164
14999,11/05/2020,Westchester,178,41720,7653,893487,36119,120
15000,03/01/2020,Wyoming,0,0,0,0,36121,0
15001,03/02/2020,Wyoming,0,0,0,0,36121,0
15002,03/03/2020,Wyoming,0,0,0,0,36121,0
15003,03/04/2020,Wyoming,0,0,0,0,36121,0
15004,03/05/2020,Wyoming,0,0,0,0,36121,0
15005,03/06/2020,Wyoming,0,0,0,0,36121,0
15006,03/07/2020,Wyoming,0,0,0,0,36121,0
15007,03/08/2020,Wyoming,0,0,0,0,36121,0
15008,03/09/2020,Wyoming,0,0,0,0,36121,0
15009,03/10/2020,Wyoming,0,0,0,0,36121,0
15010,03/11/2020,Wyoming,0,0,0,0,36121,0
15011,03/12/2020,Wyoming,0,0,0,0,36121,0
15012,03/13/2020,Wyoming,0,0,0,0,36121,0
15013,03/14/2020,Wyoming,0,0,0,0,36121,0
15014,03/15/2020,Wyoming,1,1,3,3,36121,0
15015,03/16/2020,Wyoming,0,1,0,3,36121,0
15016,03/17/2020,Wyoming,0,1,2,5,36121,0
15017,03/18/2020,Wyoming,1,2,6,11,36121,0
15018,03/19/2020,Wyoming,0,2,3,14,36121,0
15019,03/20/2020,Wyoming,0,2,0,14,36121,0
15020,03/21/2020,Wyoming,0,2,4,18,36121,0
15021,03/22/2020,Wyoming,2,4,11,29,36121,0
15022,03/23/2020,Wyoming,0,4,8,37,36121,0
15023,03/24/2020,Wyoming,0,4,7,44,36121,1
15024,03/25/2020,Wyoming,3,7,9,53,36121,1
15025,03/26/2020,Wyoming,0,7,14,67,36121,1
15026,03/27/2020,Wyoming,0,7,15,82,36121,0
15027,03/28/2020,Wyoming,1,8,13,95,36121,0
15028,03/29/2020,Wyoming,0,8,7,102,36121,0
15029,03/30/2020,Wyoming,1,9,13,115,36121,0
15030,03/31/2020,Wyoming,1,10,10,125,36121,2
15031,04/01/2020,Wyoming,4,14,12,137,36121,2
15032,04/02/2020,Wyoming,1,15,11,148,36121,2
15033,04/03/2020,Wyoming,3,18,11,159,36121,2
15034,04/04/2020,Wyoming,4,22,16,175,36121,2
15035,04/05/2020,Wyoming,1,23,6,181,36121,1
15036,04/06/2020,Wyoming,0,23,7,188,36121,1
15037,04/07/2020,Wyoming,4,27,18,206,36121,2
15038,04/08/2020,Wyoming,2,29,12,218,36121,2
15039,04/09/2020,Wyoming,1,30,13,231,36121,1
15040,04/10/2020,Wyoming,1,31,12,243,36121,0
15041,04/11/2020,Wyoming,0,31,2,245,36121,0
15042,04/12/2020,Wyoming,0,31,2,247,36121,0
15043,04/13/2020,Wyoming,1,32,21,268,36121,1
15044,04/14/2020,Wyoming,2,34,9,277,36121,1
15045,04/15/2020,Wyoming,0,34,8,285,36121,1
15046,04/16/2020,Wyoming,1,35,11,296,36121,0
15047,04/17/2020,Wyoming,1,36,6,302,36121,0
15048,04/18/2020,Wyoming,0,36,6,308,36121,0
15049,04/19/2020,Wyoming,0,36,4,312,36121,0
15050,04/20/2020,Wyoming,0,36,6,318,36121,1
15051,04/21/2020,Wyoming,4,40,14,332,36121,1
15052,04/22/2020,Wyoming,1,41,15,347,36121,2
15053,04/23/2020,Wyoming,2,43,18,365,36121,5
15054,04/24/2020,Wyoming,14,57,117,482,36121,6
15055,04/25/2020,Wyoming,2,59,19,501,36121,6
15056,04/26/2020,Wyoming,4,63,15,516,36121,2
15057,04/27/2020,Wyoming,0,63,9,525,36121,2
15058,04/28/2020,Wyoming,2,65,26,551,36121,1
15059,04/29/2020,Wyoming,2,67,17,568,36121,1
15060,04/30/2020,Wyoming,1,68,16,584,36121,1
15061,05/01/2020,Wyoming,1,69,32,616,36121,0
15062,05/02/2020,Wyoming,0,69,15,631,36121,0
15063,05/03/2020,Wyoming,0,69,16,647,36121,0
15064,05/04/2020,Wyoming,1,70,24,671,36121,0
15065,05/05/2020,Wyoming,0,70,42,713,36121,0
15066,05/06/2020,Wyoming,1,71,22,735,36121,1
15067,05/07/2020,Wyoming,2,73,130,865,36121,1
15068,05/08/2020,Wyoming,2,75,187,1052,36121,2
15069,05/09/2020,Wyoming,2,77,26,1078,36121,1
15070,05/10/2020,Wyoming,0,77,39,1117,36121,0
15071,05/11/2020,Wyoming,0,77,24,1141,36121,0
15072,05/12/2020,Wyoming,0,77,63,1204,36121,0
15073,05/13/2020,Wyoming,0,77,41,1245,36121,0
15074,05/14/2020,Wyoming,0,77,106,1351,36121,0
15075,05/15/2020,Wyoming,1,78,28,1379,36121,0
15076,05/16/2020,Wyoming,0,78,43,1422,36121,0
15077,05/17/2020,Wyoming,1,79,56,1478,36121,0
15078,05/18/2020,Wyoming,0,79,27,1505,36121,0
15079,05/19/2020,Wyoming,0,79,60,1565,36121,0
15080,05/20/2020,Wyoming,0,79,64,1629,36121,0
15081,05/21/2020,Wyoming,0,79,46,1675,36121,0
15082,05/22/2020,Wyoming,1,80,150,1825,36121,0
15083,05/23/2020,Wyoming,1,81,113,1938,36121,1
15084,05/24/2020,Wyoming,1,82,42,1980,36121,0
15085,05/25/2020,Wyoming,0,82,29,2009,36121,0
15086,05/26/2020,Wyoming,0,82,42,2051,36121,0
15087,05/27/2020,Wyoming,0,82,77,2128,36121,0
15088,05/28/2020,Wyoming,0,82,66,2194,36121,0
15089,05/29/2020,Wyoming,2,84,90,2284,36121,1
15090,05/30/2020,Wyoming,2,86,45,2329,36121,1
15091,05/31/2020,Wyoming,0,86,85,2414,36121,0
15092,06/01/2020,Wyoming,0,86,229,2643,36121,0
15093,06/02/2020,Wyoming,1,87,91,2734,36121,0
15094,06/03/2020,Wyoming,0,87,122,2856,36121,0
15095,06/04/2020,Wyoming,1,88,67,2923,36121,0
15096,06/05/2020,Wyoming,1,89,129,3052,36121,0
15097,06/06/2020,Wyoming,0,89,124,3176,36121,0
15098,06/07/2020,Wyoming,1,90,127,3303,36121,0
15099,06/08/2020,Wyoming,1,91,102,3405,36121,0
15100,06/09/2020,Wyoming,0,91,188,3593,36121,0
15101,06/10/2020,Wyoming,0,91,97,3690,36121,0
15102,06/11/2020,Wyoming,0,91,97,3787,36121,0
15103,06/12/2020,Wyoming,0,91,113,3900,36121,0
15104,06/13/2020,Wyoming,1,92,65,3965,36121,0
15105,06/14/2020,Wyoming,0,92,49,4014,36121,0
15106,06/15/2020,Wyoming,1,93,201,4215,36121,0
15107,06/16/2020,Wyoming,0,93,85,4300,36121,0
15108,06/17/2020,Wyoming,0,93,68,4368,36121,0
15109,06/18/2020,Wyoming,0,93,126,4494,36121,0
15110,06/19/2020,Wyoming,0,93,33,4527,36121,0
15111,06/20/2020,Wyoming,0,93,33,4560,36121,0
15112,06/21/2020,Wyoming,0,93,151,4711,36121,0
15113,06/22/2020,Wyoming,0,93,147,4858,36121,0
15114,06/23/2020,Wyoming,0,93,83,4941,36121,0
15115,06/24/2020,Wyoming,0,93,95,5036,36121,0
15116,06/25/2020,Wyoming,1,94,167,5203,36121,0
15117,06/26/2020,Wyoming,1,95,113,5316,36121,0
15118,06/27/2020,Wyoming,0,95,65,5381,36121,0
15119,06/28/2020,Wyoming,0,95,149,5530,36121,0
15120,06/29/2020,Wyoming,0,95,99,5629,36121,0
15121,06/30/2020,Wyoming,0,95,94,5723,36121,0
15122,07/01/2020,Wyoming,0,95,167,5890,36121,0
15123,07/02/2020,Wyoming,0,95,112,6002,36121,0
15124,07/03/2020,Wyoming,1,96,224,6226,36121,0
15125,07/04/2020,Wyoming,1,97,64,6290,36121,0
15126,07/05/2020,Wyoming,0,97,42,6332,36121,0
15127,07/06/2020,Wyoming,0,97,89,6421,36121,0
15128,07/07/2020,Wyoming,1,98,67,6488,36121,0
15129,07/08/2020,Wyoming,1,99,222,6710,36121,1
15130,07/09/2020,Wyoming,2,101,70,6780,36121,1
15131,07/10/2020,Wyoming,0,101,211,6991,36121,0
15132,07/11/2020,Wyoming,0,101,86,7077,36121,0
15133,07/12/2020,Wyoming,1,102,65,7142,36121,0
15134,07/13/2020,Wyoming,1,103,215,7357,36121,0
15135,07/14/2020,Wyoming,0,103,97,7454,36121,0
15136,07/15/2020,Wyoming,0,103,92,7546,36121,0
15137,07/16/2020,Wyoming,0,103,75,7621,36121,0
15138,07/17/2020,Wyoming,1,104,83,7704,36121,0
15139,07/18/2020,Wyoming,0,104,161,7865,36121,0
15140,07/19/2020,Wyoming,0,104,113,7978,36121,1
15141,07/20/2020,Wyoming,3,107,114,8092,36121,1
15142,07/21/2020,Wyoming,1,108,102,8194,36121,1
15143,07/22/2020,Wyoming,0,108,122,8316,36121,1
15144,07/23/2020,Wyoming,2,110,101,8417,36121,0
15145,07/24/2020,Wyoming,0,110,151,8568,36121,0
15146,07/25/2020,Wyoming,0,110,209,8777,36121,0
15147,07/26/2020,Wyoming,0,110,175,8952,36121,0
15148,07/27/2020,Wyoming,1,111,106,9058,36121,0
15149,07/28/2020,Wyoming,0,111,83,9141,36121,0
15150,07/29/2020,Wyoming,0,111,129,9270,36121,0
15151,07/30/2020,Wyoming,1,112,114,9384,36121,0
15152,07/31/2020,Wyoming,0,112,74,9458,36121,0
15153,08/01/2020,Wyoming,0,112,309,9767,36121,0
15154,08/02/2020,Wyoming,1,113,64,9831,36121,0
15155,08/03/2020,Wyoming,0,113,85,9916,36121,0
15156,08/04/2020,Wyoming,1,114,116,10032,36121,0
15157,08/05/2020,Wyoming,1,115,104,10136,36121,1
15158,08/06/2020,Wyoming,1,116,114,10250,36121,0
15159,08/07/2020,Wyoming,0,116,139,10389,36121,1
15160,08/08/2020,Wyoming,2,118,153,10542,36121,0
15161,08/09/2020,Wyoming,0,118,96,10638,36121,0
15162,08/10/2020,Wyoming,0,118,88,10726,36121,0
15163,08/11/2020,Wyoming,0,118,56,10782,36121,0
15164,08/12/2020,Wyoming,0,118,167,10949,36121,0
15165,08/13/2020,Wyoming,0,118,117,11066,36121,0
15166,08/14/2020,Wyoming,0,118,151,11217,36121,0
15167,08/15/2020,Wyoming,0,118,284,11501,36121,0
15168,08/16/2020,Wyoming,0,118,26,11527,36121,0
15169,08/17/2020,Wyoming,2,120,110,11637,36121,0
15170,08/18/2020,Wyoming,0,120,94,11731,36121,0
15171,08/19/2020,Wyoming,0,120,132,11863,36121,0
15172,08/20/2020,Wyoming,1,121,138,12001,36121,0
15173,08/21/2020,Wyoming,0,121,159,12160,36121,1
15174,08/22/2020,Wyoming,2,123,80,12240,36121,1
15175,08/23/2020,Wyoming,1,124,166,12406,36121,1
15176,08/24/2020,Wyoming,1,125,156,12562,36121,0
15177,08/25/2020,Wyoming,0,125,128,12690,36121,0
15178,08/26/2020,Wyoming,0,125,99,12789,36121,0
15179,08/27/2020,Wyoming,0,125,120,12909,36121,0
15180,08/28/2020,Wyoming,0,125,237,13146,36121,0
15181,08/29/2020,Wyoming,1,126,197,13343,36121,0
15182,08/30/2020,Wyoming,0,126,61,13404,36121,0
15183,08/31/2020,Wyoming,0,126,98,13502,36121,0
15184,09/01/2020,Wyoming,0,126,153,13655,36121,0
15185,09/02/2020,Wyoming,0,126,102,13757,36121,0
15186,09/03/2020,Wyoming,0,126,86,13843,36121,0
15187,09/04/2020,Wyoming,0,126,115,13958,36121,0
15188,09/05/2020,Wyoming,0,126,196,14154,36121,0
15189,09/06/2020,Wyoming,1,127,161,14315,36121,0
15190,09/07/2020,Wyoming,0,127,40,14355,36121,0
15191,09/08/2020,Wyoming,0,127,92,14447,36121,0
15192,09/09/2020,Wyoming,0,127,103,14550,36121,0
15193,09/10/2020,Wyoming,0,127,51,14601,36121,0
15194,09/11/2020,Wyoming,1,128,128,14729,36121,0
15195,09/12/2020,Wyoming,0,128,76,14805,36121,1
15196,09/13/2020,Wyoming,2,130,222,15027,36121,0
15197,09/14/2020,Wyoming,0,130,411,15438,36121,0
15198,09/15/2020,Wyoming,0,130,430,15868,36121,0
15199,09/16/2020,Wyoming,0,130,459,16327,36121,0
15200,09/17/2020,Wyoming,1,131,342,16669,36121,0
15201,09/18/2020,Wyoming,1,132,416,17085,36121,0
15202,09/19/2020,Wyoming,0,132,579,17664,36121,0
15203,09/20/2020,Wyoming,0,132,126,17790,36121,0
15204,09/21/2020,Wyoming,0,132,722,18512,36121,0
15205,09/22/2020,Wyoming,0,132,417,18929,36121,0
15206,09/23/2020,Wyoming,2,134,374,19303,36121,1
15207,09/24/2020,Wyoming,1,135,251,19554,36121,1
15208,09/25/2020,Wyoming,1,136,165,19719,36121,1
15209,09/26/2020,Wyoming,1,137,291,20010,36121,0
15210,09/27/2020,Wyoming,0,137,62,20072,36121,0
15211,09/28/2020,Wyoming,0,137,78,20150,36121,0
15212,09/29/2020,Wyoming,0,137,98,20248,36121,0
15213,09/30/2020,Wyoming,0,137,157,20405,36121,0
15214,10/01/2020,Wyoming,0,137,190,20595,36121,1
15215,10/02/2020,Wyoming,3,140,177,20772,36121,1
15216,10/03/2020,Wyoming,1,141,348,21120,36121,1
15217,10/04/2020,Wyoming,1,142,54,21174,36121,1
15218,10/05/2020,Wyoming,2,144,126,21300,36121,2
15219,10/06/2020,Wyoming,3,147,129,21429,36121,1
15220,10/07/2020,Wyoming,0,147,153,21582,36121,2
15221,10/08/2020,Wyoming,3,150,267,21849,36121,1
15222,10/09/2020,Wyoming,0,150,218,22067,36121,1
15223,10/10/2020,Wyoming,2,152,80,22147,36121,0
15224,10/11/2020,Wyoming,0,152,166,22313,36121,1
15225,10/12/2020,Wyoming,1,153,68,22381,36121,1
15226,10/13/2020,Wyoming,3,156,86,22467,36121,1
15227,10/14/2020,Wyoming,0,156,108,22575,36121,2
15228,10/15/2020,Wyoming,4,160,139,22714,36121,2
15229,10/16/2020,Wyoming,3,163,458,23172,36121,3
15230,10/17/2020,Wyoming,3,166,89,23261,36121,2
15231,10/18/2020,Wyoming,1,167,70,23331,36121,1
15232,10/19/2020,Wyoming,0,167,278,23609,36121,2
15233,10/20/2020,Wyoming,5,172,142,23751,36121,2
15234,10/21/2020,Wyoming,2,174,218,23969,36121,3
15235,10/22/2020,Wyoming,3,177,176,24145,36121,2
15236,10/23/2020,Wyoming,2,179,296,24441,36121,2
15237,10/24/2020,Wyoming,3,182,104,24545,36121,2
15238,10/25/2020,Wyoming,3,185,191,24736,36121,2
15239,10/26/2020,Wyoming,1,186,124,24860,36121,2
15240,10/27/2020,Wyoming,2,188,92,24952,36121,2
15241,10/28/2020,Wyoming,4,192,169,25121,36121,3
15242,10/29/2020,Wyoming,4,196,164,25285,36121,3
15243,10/30/2020,Wyoming,3,199,213,25498,36121,3
15244,10/31/2020,Wyoming,4,203,230,25728,36121,3
15245,11/01/2020,Wyoming,2,205,218,25946,36121,5
15246,11/02/2020,Wyoming,11,216,171,26117,36121,5
15247,11/03/2020,Wyoming,3,219,160,26277,36121,7
15248,11/04/2020,Wyoming,7,226,166,26443,36121,4
15249,11/05/2020,Wyoming,4,230,233,26676,36121,3
15250,03/01/2020,Yates,0,0,0,0,36123,0
15251,03/02/2020,Yates,0,0,0,0,36123,0
15252,03/03/2020,Yates,0,0,0,0,36123,0
15253,03/04/2020,Yates,0,0,0,0,36123,0
15254,03/05/2020,Yates,0,0,0,0,36123,0
15255,03/06/2020,Yates,0,0,0,0,36123,0
15256,03/07/2020,Yates,0,0,0,0,36123,0
15257,03/08/2020,Yates,0,0,0,0,36123,0
15258,03/09/2020,Yates,0,0,0,0,36123,0
15259,03/10/2020,Yates,0,0,0,0,36123,0
15260,03/11/2020,Yates,0,0,0,0,36123,0
15261,03/12/2020,Yates,0,0,0,0,36123,0
15262,03/13/2020,Yates,0,0,1,1,36123,0
15263,03/14/2020,Yates,0,0,2,3,36123,0
15264,03/15/2020,Yates,0,0,1,4,36123,0
15265,03/16/2020,Yates,0,0,0,4,36123,0
15266,03/17/2020,Yates,0,0,0,4,36123,0
15267,03/18/2020,Yates,0,0,3,7,36123,0
15268,03/19/2020,Yates,0,0,1,8,36123,0
15269,03/20/2020,Yates,0,0,2,10,36123,0
15270,03/21/2020,Yates,0,0,3,13,36123,0
15271,03/22/2020,Yates,0,0,3,16,36123,0
15272,03/23/2020,Yates,0,0,3,19,36123,0
15273,03/24/2020,Yates,0,0,3,22,36123,0
15274,03/25/2020,Yates,0,0,1,23,36123,0
15275,03/26/2020,Yates,0,0,2,25,36123,0
15276,03/27/2020,Yates,0,0,10,35,36123,0
15277,03/28/2020,Yates,0,0,7,42,36123,0
15278,03/29/2020,Yates,0,0,2,44,36123,0
15279,03/30/2020,Yates,0,0,3,47,36123,0
15280,03/31/2020,Yates,0,0,7,54,36123,0
15281,04/01/2020,Yates,1,1,8,62,36123,0
15282,04/02/2020,Yates,0,1,7,69,36123,0
15283,04/03/2020,Yates,0,1,3,72,36123,0
15284,04/04/2020,Yates,0,1,6,78,36123,0
15285,04/05/2020,Yates,0,1,2,80,36123,0
15286,04/06/2020,Yates,0,1,3,83,36123,0
15287,04/07/2020,Yates,0,1,5,88,36123,0
15288,04/08/2020,Yates,0,1,7,95,36123,0
15289,04/09/2020,Yates,1,2,3,98,36123,0
15290,04/10/2020,Yates,0,2,5,103,36123,0
15291,04/11/2020,Yates,1,3,6,109,36123,0
15292,04/12/2020,Yates,1,4,4,113,36123,1
15293,04/13/2020,Yates,2,6,5,118,36123,1
15294,04/14/2020,Yates,0,6,5,123,36123,1
15295,04/15/2020,Yates,1,7,2,125,36123,0
15296,04/16/2020,Yates,1,8,10,135,36123,1
15297,04/17/2020,Yates,1,9,28,163,36123,0
15298,04/18/2020,Yates,0,9,2,165,36123,0
15299,04/19/2020,Yates,1,10,13,178,36123,0
15300,04/20/2020,Yates,0,10,1,179,36123,0
15301,04/21/2020,Yates,1,11,1,180,36123,0
15302,04/22/2020,Yates,0,11,8,188,36123,0
15303,04/23/2020,Yates,0,11,5,193,36123,1
15304,04/24/2020,Yates,5,16,41,234,36123,2
15305,04/25/2020,Yates,1,17,4,238,36123,2
15306,04/26/2020,Yates,0,17,3,241,36123,0
15307,04/27/2020,Yates,0,17,3,244,36123,0
15308,04/28/2020,Yates,0,17,8,252,36123,0
15309,04/29/2020,Yates,1,18,10,262,36123,0
15310,04/30/2020,Yates,0,18,12,274,36123,0
15311,05/01/2020,Yates,0,18,13,287,36123,0
15312,05/02/2020,Yates,1,19,23,310,36123,0
15313,05/03/2020,Yates,0,19,9,319,36123,0
15314,05/04/2020,Yates,0,19,7,326,36123,0
15315,05/05/2020,Yates,0,19,13,339,36123,0
15316,05/06/2020,Yates,0,19,13,352,36123,0
15317,05/07/2020,Yates,1,20,12,364,36123,0
15318,05/08/2020,Yates,0,20,24,388,36123,0
15319,05/09/2020,Yates,1,21,27,415,36123,0
15320,05/10/2020,Yates,0,21,15,430,36123,0
15321,05/11/2020,Yates,0,21,15,445,36123,0
15322,05/12/2020,Yates,1,22,23,468,36123,0
15323,05/13/2020,Yates,0,22,51,519,36123,0
15324,05/14/2020,Yates,0,22,16,535,36123,0
15325,05/15/2020,Yates,0,22,15,550,36123,0
15326,05/16/2020,Yates,1,23,14,564,36123,1
15327,05/17/2020,Yates,2,25,22,586,36123,1
15328,05/18/2020,Yates,1,26,25,611,36123,3
15329,05/19/2020,Yates,8,34,67,678,36123,3
15330,05/20/2020,Yates,0,34,62,740,36123,2
15331,05/21/2020,Yates,0,34,107,847,36123,1
15332,05/22/2020,Yates,3,37,22,869,36123,1
15333,05/23/2020,Yates,0,37,58,927,36123,1
15334,05/24/2020,Yates,0,37,28,955,36123,0
15335,05/25/2020,Yates,0,37,67,1022,36123,0
15336,05/26/2020,Yates,2,39,28,1050,36123,0
15337,05/27/2020,Yates,0,39,50,1100,36123,0
15338,05/28/2020,Yates,0,39,130,1230,36123,0
15339,05/29/2020,Yates,0,39,31,1261,36123,0
15340,05/30/2020,Yates,0,39,87,1348,36123,0
15341,05/31/2020,Yates,0,39,77,1425,36123,0
15342,06/01/2020,Yates,0,39,48,1473,36123,0
15343,06/02/2020,Yates,0,39,108,1581,36123,0
15344,06/03/2020,Yates,0,39,78,1659,36123,0
15345,06/04/2020,Yates,0,39,113,1772,36123,0
15346,06/05/2020,Yates,0,39,109,1881,36123,0
15347,06/06/2020,Yates,0,39,73,1954,36123,0
15348,06/07/2020,Yates,0,39,110,2064,36123,0
15349,06/08/2020,Yates,0,39,30,2094,36123,0
15350,06/09/2020,Yates,0,39,64,2158,36123,0
15351,06/10/2020,Yates,0,39,99,2257,36123,0
15352,06/11/2020,Yates,0,39,103,2360,36123,0
15353,06/12/2020,Yates,0,39,52,2412,36123,0
15354,06/13/2020,Yates,1,40,64,2476,36123,0
15355,06/14/2020,Yates,0,40,89,2565,36123,0
15356,06/15/2020,Yates,0,40,98,2663,36123,0
15357,06/16/2020,Yates,0,40,58,2721,36123,0
15358,06/17/2020,Yates,0,40,53,2774,36123,0
15359,06/18/2020,Yates,0,40,74,2848,36123,0
15360,06/19/2020,Yates,1,41,49,2897,36123,0
15361,06/20/2020,Yates,0,41,70,2967,36123,0
15362,06/21/2020,Yates,1,42,72,3039,36123,0
15363,06/22/2020,Yates,1,43,43,3082,36123,1
15364,06/23/2020,Yates,1,44,44,3126,36123,0
15365,06/24/2020,Yates,0,44,41,3167,36123,0
15366,06/25/2020,Yates,1,45,61,3228,36123,0
15367,06/26/2020,Yates,0,45,56,3284,36123,0
15368,06/27/2020,Yates,0,45,63,3347,36123,0
15369,06/28/2020,Yates,1,46,133,3480,36123,0
15370,06/29/2020,Yates,0,46,55,3535,36123,0
15371,06/30/2020,Yates,0,46,53,3588,36123,0
15372,07/01/2020,Yates,0,46,28,3616,36123,0
15373,07/02/2020,Yates,0,46,67,3683,36123,0
15374,07/03/2020,Yates,2,48,84,3767,36123,0
15375,07/04/2020,Yates,0,48,45,3812,36123,0
15376,07/05/2020,Yates,0,48,33,3845,36123,0
15377,07/06/2020,Yates,0,48,59,3904,36123,0
15378,07/07/2020,Yates,0,48,73,3977,36123,0
15379,07/08/2020,Yates,0,48,87,4064,36123,0
15380,07/09/2020,Yates,0,48,65,4129,36123,0
15381,07/10/2020,Yates,0,48,59,4188,36123,0
15382,07/11/2020,Yates,0,48,44,4232,36123,0
15383,07/12/2020,Yates,0,48,46,4278,36123,0
15384,07/13/2020,Yates,1,49,54,4332,36123,0
15385,07/14/2020,Yates,1,50,55,4387,36123,0
15386,07/15/2020,Yates,0,50,84,4471,36123,0
15387,07/16/2020,Yates,1,51,89,4560,36123,0
15388,07/17/2020,Yates,0,51,104,4664,36123,0
15389,07/18/2020,Yates,0,51,33,4697,36123,0
15390,07/19/2020,Yates,0,51,46,4743,36123,0
15391,07/20/2020,Yates,0,51,109,4852,36123,0
15392,07/21/2020,Yates,0,51,53,4905,36123,0
15393,07/22/2020,Yates,0,51,115,5020,36123,0
15394,07/23/2020,Yates,0,51,41,5061,36123,0
15395,07/24/2020,Yates,0,51,79,5140,36123,0
15396,07/25/2020,Yates,0,51,120,5260,36123,0
15397,07/26/2020,Yates,1,52,67,5327,36123,0
15398,07/27/2020,Yates,0,52,55,5382,36123,0
15399,07/28/2020,Yates,0,52,47,5429,36123,0
15400,07/29/2020,Yates,0,52,39,5468,36123,0
15401,07/30/2020,Yates,1,53,90,5558,36123,1
15402,07/31/2020,Yates,2,55,58,5616,36123,1
15403,08/01/2020,Yates,0,55,86,5702,36123,0
15404,08/02/2020,Yates,0,55,51,5753,36123,0
15405,08/03/2020,Yates,1,56,65,5818,36123,0
15406,08/04/2020,Yates,0,56,49,5867,36123,0
15407,08/05/2020,Yates,0,56,75,5942,36123,0
15408,08/06/2020,Yates,0,56,50,5992,36123,0
15409,08/07/2020,Yates,0,56,122,6114,36123,0
15410,08/08/2020,Yates,1,57,64,6178,36123,0
15411,08/09/2020,Yates,0,57,37,6215,36123,0
15412,08/10/2020,Yates,0,57,49,6264,36123,0
15413,08/11/2020,Yates,0,57,133,6397,36123,0
15414,08/12/2020,Yates,1,58,94,6491,36123,0
15415,08/13/2020,Yates,0,58,58,6549,36123,0
15416,08/14/2020,Yates,1,59,55,6604,36123,0
15417,08/15/2020,Yates,0,59,82,6686,36123,0
15418,08/16/2020,Yates,0,59,59,6745,36123,0
15419,08/17/2020,Yates,0,59,70,6815,36123,0
15420,08/18/2020,Yates,0,59,51,6866,36123,0
15421,08/19/2020,Yates,0,59,64,6930,36123,0
15422,08/20/2020,Yates,0,59,96,7026,36123,0
15423,08/21/2020,Yates,0,59,61,7087,36123,0
15424,08/22/2020,Yates,1,60,90,7177,36123,0
15425,08/23/2020,Yates,0,60,27,7204,36123,0
15426,08/24/2020,Yates,0,60,35,7239,36123,0
15427,08/25/2020,Yates,0,60,78,7317,36123,0
15428,08/26/2020,Yates,0,60,47,7364,36123,0
15429,08/27/2020,Yates,0,60,94,7458,36123,0
15430,08/28/2020,Yates,1,61,65,7523,36123,0
15431,08/29/2020,Yates,0,61,100,7623,36123,0
15432,08/30/2020,Yates,1,62,80,7703,36123,0
15433,08/31/2020,Yates,0,62,32,7735,36123,0
15434,09/01/2020,Yates,0,62,47,7782,36123,0
15435,09/02/2020,Yates,0,62,69,7851,36123,0
15436,09/03/2020,Yates,0,62,86,7937,36123,0
15437,09/04/2020,Yates,0,62,56,7993,36123,0
15438,09/05/2020,Yates,0,62,87,8080,36123,0
15439,09/06/2020,Yates,0,62,60,8140,36123,0
15440,09/07/2020,Yates,0,62,37,8177,36123,0
15441,09/08/2020,Yates,0,62,34,8211,36123,0
15442,09/09/2020,Yates,0,62,35,8246,36123,0
15443,09/10/2020,Yates,0,62,85,8331,36123,0
15444,09/11/2020,Yates,0,62,97,8428,36123,0
15445,09/12/2020,Yates,0,62,74,8502,36123,0
15446,09/13/2020,Yates,0,62,113,8615,36123,0
15447,09/14/2020,Yates,0,62,40,8655,36123,0
15448,09/15/2020,Yates,0,62,50,8705,36123,0
15449,09/16/2020,Yates,0,62,94,8799,36123,0
15450,09/17/2020,Yates,0,62,91,8890,36123,0
15451,09/18/2020,Yates,0,62,71,8961,36123,0
15452,09/19/2020,Yates,0,62,179,9140,36123,0
15453,09/20/2020,Yates,0,62,71,9211,36123,0
15454,09/21/2020,Yates,0,62,43,9254,36123,0
15455,09/22/2020,Yates,0,62,72,9326,36123,0
15456,09/23/2020,Yates,0,62,63,9389,36123,0
15457,09/24/2020,Yates,0,62,92,9481,36123,0
15458,09/25/2020,Yates,0,62,77,9558,36123,0
15459,09/26/2020,Yates,2,64,124,9682,36123,0
15460,09/27/2020,Yates,0,64,103,9785,36123,0
15461,09/28/2020,Yates,0,64,45,9830,36123,0
15462,09/29/2020,Yates,0,64,63,9893,36123,0
15463,09/30/2020,Yates,0,64,87,9980,36123,0
15464,10/01/2020,Yates,1,65,86,10066,36123,0
15465,10/02/2020,Yates,0,65,101,10167,36123,0
15466,10/03/2020,Yates,1,66,132,10299,36123,0
15467,10/04/2020,Yates,0,66,66,10365,36123,0
15468,10/05/2020,Yates,1,67,78,10443,36123,0
15469,10/06/2020,Yates,0,67,66,10509,36123,0
15470,10/07/2020,Yates,0,67,101,10610,36123,1
15471,10/08/2020,Yates,3,70,112,10722,36123,1
15472,10/09/2020,Yates,1,71,111,10833,36123,1
15473,10/10/2020,Yates,0,71,117,10950,36123,0
15474,10/11/2020,Yates,1,72,93,11043,36123,2
15475,10/12/2020,Yates,5,77,52,11095,36123,2
15476,10/13/2020,Yates,0,77,60,11155,36123,2
15477,10/14/2020,Yates,1,78,107,11262,36123,1
15478,10/15/2020,Yates,3,81,205,11467,36123,2
15479,10/16/2020,Yates,3,84,106,11573,36123,3
15480,10/17/2020,Yates,4,88,111,11684,36123,4
15481,10/18/2020,Yates,6,94,99,11783,36123,4
15482,10/19/2020,Yates,4,98,52,11835,36123,3
15483,10/20/2020,Yates,1,99,133,11968,36123,2
15484,10/21/2020,Yates,3,102,110,12078,36123,3
15485,10/22/2020,Yates,5,107,107,12185,36123,4
15486,10/23/2020,Yates,4,111,119,12304,36123,3
15487,10/24/2020,Yates,1,112,109,12413,36123,2
15488,10/25/2020,Yates,3,115,69,12482,36123,3
15489,10/26/2020,Yates,6,121,109,12591,36123,3
15490,10/27/2020,Yates,2,123,47,12638,36123,3
15491,10/28/2020,Yates,3,126,209,12847,36123,2
15492,10/29/2020,Yates,2,128,133,12980,36123,3
15493,10/30/2020,Yates,4,132,89,13069,36123,2
15494,10/31/2020,Yates,2,134,92,13161,36123,3
15495,11/01/2020,Yates,3,137,124,13285,36123,4
15496,11/02/2020,Yates,8,145,78,13363,36123,4
15497,11/03/2020,Yates,2,147,51,13414,36123,5
15498,11/04/2020,Yates,6,153,99,13513,36123,3
15499,11/05/2020,Yates,3,156,82,13595,36123,3
